customer_id,first_name,last_name,date_of_birth,ssn_hash,email,phone_primary,customer_since,customer_status,segment_code,branch_id,created_ts,updated_ts
1,Joshua,Walker,1984-05-01,sha256_000000,user0@example.com,555-854-2824,2011-11-12,A,PREMIER,380,2026-06-29 19:53:29.717929,2026-06-29 19:53:29.717929
2,Patricia,Miller,1990-11-01,sha256_000001,user1@example.com,555-481-5012,2021-08-02,C,DIGITAL,72,2026-06-29 19:53:29.717929,2026-06-29 19:53:29.717929
3,Jeffery,Wagner,1969-10-04,sha256_000002,user2@example.com,555-954-2679,2011-12-08,A,SMALL_BIZ,380,2026-06-29 19:53:29.717929,2026-06-29 19:53:29.717929
4,Debra,Gardner,1943-04-09,sha256_000003,user3@example.com,555-758-2424,2014-06-16,A,STUDENT,217,2026-06-29 19:53:29.717929,2026-06-29 19:53:29.717929
5,Lisa,Smith,1956-04-05,sha256_000004,user4@example.com,555-232-1488,2020-04-12,A,PREMIER,112,2026-06-29 19:53:29.717929,2026-06-29 19:53:29.717929
6,Matthew,Moore,1995-06-25,sha256_000005,user5@example.com,555-438-9279,2021-11-27,A,STUDENT,14,2026-06-29 19:53:29.717929,2026-06-29 19:53:29.717929
7,Christopher,Davis,2005-08-15,sha256_000006,user6@example.com,555-774-4257,2016-07-06,A,SMALL_BIZ,333,2026-06-29 19:53:29.717929,2026-06-29 19:53:29.717929
8,Lindsay,Blair,1998-04-10,sha256_000007,user7@example.com,555-918-9928,2020-06-30,I,WEALTH,113,2026-06-29 19:53:29.717929,2026-06-29 19:53:29.717929
9,Nicholas,Arnold,1977-06-02,sha256_000008,user8@example.com,555-659-5557,2026-01-03,A,PREMIER,389,2026-06-29 19:53:29.717929,2026-06-29 19:53:29.717929
10,Michelle,Ray,1997-01-22,sha256_000009,user9@example.com,555-363-7924,2020-09-19,A,MASS,143,2026-06-29 19:53:29.717929,2026-06-29 19:53:29.717929
11,Jeremy,Roberts,1988-09-11,sha256_000010,user10@example.com,555-359-4527,2012-03-04,A,MASS,53,2026-06-29 19:53:29.717929,2026-06-29 19:53:29.717929
12,Craig,Ramirez,1946-11-02,sha256_000011,user11@example.com,555-294-7224,2014-12-18,C,PREMIER,184,2026-06-29 19:53:29.717929,2026-06-29 19:53:29.717929
13,Mitchell,Clark,1984-01-30,sha256_000012,user12@example.com,555-552-5333,2016-12-06,I,PREMIER,374,2026-06-29 19:53:29.717929,2026-06-29 19:53:29.717929
14,Deborah,Lynch,1959-05-19,sha256_000013,user13@example.com,555-670-9785,2025-06-18,A,PREMIER,499,2026-06-29 19:53:29.717929,2026-06-29 19:53:29.717929
15,Frank,Gray,1952-12-15,sha256_000014,user14@example.com,555-587-2291,2022-05-15,A,STUDENT,151,2026-06-29 19:53:29.717929,2026-06-29 19:53:29.717929
16,Angela,Cohen,2007-10-15,sha256_000015,user15@example.com,555-843-6925,2021-01-14,A,STUDENT,99,2026-06-29 19:53:29.717929,2026-06-29 19:53:29.717929
17,Jeremy,Johnson,1997-12-17,sha256_000016,user16@example.com,555-921-2139,2023-01-25,A,PREMIER,339,2026-06-29 19:53:29.717929,2026-06-29 19:53:29.717929
18,Jason,Hahn,1962-08-17,sha256_000017,user17@example.com,555-433-5741,2015-06-26,A,PREMIER,438,2026-06-29 19:53:29.717929,2026-06-29 19:53:29.717929
19,Diana,Foster,2000-03-16,sha256_000018,user18@example.com,555-438-2654,2016-03-08,A,WEALTH,143,2026-06-29 19:53:29.717929,2026-06-29 19:53:29.717929
20,Joseph,Wright,2002-10-06,sha256_000019,user19@example.com,555-664-6977,2018-05-03,A,DIGITAL,190,2026-06-29 19:53:29.717929,2026-06-29 19:53:29.717929
21,Brenda,Hurst,1979-02-07,sha256_000020,user20@example.com,555-563-4432,2015-05-30,A,SMALL_BIZ,137,2026-06-29 19:53:29.717929,2026-06-29 19:53:29.717929
22,Whitney,Hicks,1968-04-01,sha256_000021,user21@example.com,555-918-2169,2014-10-06,A,STUDENT,326,2026-06-29 19:53:29.717929,2026-06-29 19:53:29.717929
23,Daniel,Burton,1947-08-01,sha256_000022,user22@example.com,555-375-9751,2012-03-11,A,SMALL_BIZ,126,2026-06-29 19:53:29.717929,2026-06-29 19:53:29.717929
24,Bryan,James,1994-07-23,sha256_000023,user23@example.com,555-367-8573,2017-10-15,A,WEALTH,139,2026-06-29 19:53:29.717929,2026-06-29 19:53:29.717929
25,Tasha,Valencia,2008-03-25,sha256_000024,user24@example.com,555-855-4598,2019-05-21,A,SMALL_BIZ,167,2026-06-29 19:53:29.717929,2026-06-29 19:53:29.717929
26,Erin,Herrera,1942-04-05,sha256_000025,user25@example.com,555-986-1916,2022-03-30,A,DIGITAL,421,2026-06-29 19:53:29.717929,2026-06-29 19:53:29.717929
27,Daniel,Graham,1959-05-15,sha256_000026,user26@example.com,555-232-6168,2021-01-19,A,WEALTH,138,2026-06-29 19:53:29.717929,2026-06-29 19:53:29.717929
28,Nancy,Baker,1971-11-22,sha256_000027,user27@example.com,555-267-4456,2025-09-20,A,STUDENT,449,2026-06-29 19:53:29.717929,2026-06-29 19:53:29.717929
29,Rita,Harrell,1975-01-11,sha256_000028,user28@example.com,555-935-6155,2014-02-26,A,DIGITAL,336,2026-06-29 19:53:29.717929,2026-06-29 19:53:29.717929
30,Chelsea,Hernandez,1961-06-27,sha256_000029,user29@example.com,555-711-7482,2021-01-08,A,SMALL_BIZ,235,2026-06-29 19:53:29.717929,2026-06-29 19:53:29.717929
31,Kimberly,Moreno,1992-07-30,sha256_000030,user30@example.com,555-346-5339,2019-07-16,A,DIGITAL,127,2026-06-29 19:53:29.717929,2026-06-29 19:53:29.717929
32,Andrew,Hickman,1941-07-12,sha256_000031,user31@example.com,555-962-9830,2016-04-29,A,MASS,383,2026-06-29 19:53:29.717929,2026-06-29 19:53:29.717929
33,Kyle,Brown,2000-05-13,sha256_000032,user32@example.com,555-798-8019,2023-11-24,A,STUDENT,205,2026-06-29 19:53:29.717929,2026-06-29 19:53:29.717929
34,Christopher,Tucker,2000-04-25,sha256_000033,user33@example.com,555-570-4593,2025-08-13,I,DIGITAL,261,2026-06-29 19:53:29.717929,2026-06-29 19:53:29.717929
35,Katie,Anderson,1946-02-16,sha256_000034,user34@example.com,555-705-2489,2022-11-02,C,PREMIER,441,2026-06-29 19:53:29.717929,2026-06-29 19:53:29.717929
36,Joseph,Brennan,1973-05-02,sha256_000035,user35@example.com,555-312-3504,2019-09-10,A,SMALL_BIZ,82,2026-06-29 19:53:29.717929,2026-06-29 19:53:29.717929
37,Amber,Blair,1969-11-03,sha256_000036,user36@example.com,555-896-7916,2014-08-26,A,STUDENT,33,2026-06-29 19:53:29.717929,2026-06-29 19:53:29.717929
38,Wanda,Santos,1954-12-20,sha256_000037,user37@example.com,555-594-7252,2016-02-21,A,STUDENT,240,2026-06-29 19:53:29.717929,2026-06-29 19:53:29.717929
39,David,Walker,1970-11-04,sha256_000038,user38@example.com,555-741-5119,2019-03-19,A,STUDENT,441,2026-06-29 19:53:29.717929,2026-06-29 19:53:29.717929
40,Jerry,Robinson,1964-02-22,sha256_000039,user39@example.com,555-211-2876,2020-04-07,A,SMALL_BIZ,454,2026-06-29 19:53:29.717929,2026-06-29 19:53:29.717929
41,Jeremy,Whitehead,1946-04-01,sha256_000040,user40@example.com,555-749-5371,2020-11-26,A,SMALL_BIZ,175,2026-06-29 19:53:29.717929,2026-06-29 19:53:29.717929
42,John,Caldwell,1999-02-01,sha256_000041,user41@example.com,555-314-5808,2012-07-19,A,WEALTH,81,2026-06-29 19:53:29.717929,2026-06-29 19:53:29.717929
43,Selena,Duncan,1955-11-05,sha256_000042,user42@example.com,555-664-1053,2013-06-18,A,SMALL_BIZ,449,2026-06-29 19:53:29.717929,2026-06-29 19:53:29.717929
44,Lindsey,Lee,1973-02-27,sha256_000043,user43@example.com,555-936-5315,2023-03-13,I,STUDENT,391,2026-06-29 19:53:29.717929,2026-06-29 19:53:29.717929
45,Rodney,Owens,1947-12-26,sha256_000044,user44@example.com,555-382-9317,2017-12-02,A,PREMIER,446,2026-06-29 19:53:29.717929,2026-06-29 19:53:29.717929
46,Tracey,Garcia,1990-05-04,sha256_000045,user45@example.com,555-840-5889,2021-07-15,A,SMALL_BIZ,260,2026-06-29 19:53:29.717929,2026-06-29 19:53:29.717929
47,Michelle,Wright,1968-06-19,sha256_000046,user46@example.com,555-823-4258,2016-07-20,A,DIGITAL,192,2026-06-29 19:53:29.717929,2026-06-29 19:53:29.717929
48,Robert,Ramirez,1954-03-27,sha256_000047,user47@example.com,555-980-3646,2018-03-08,A,STUDENT,489,2026-06-29 19:53:29.717929,2026-06-29 19:53:29.717929
49,Scott,Callahan,1958-03-25,sha256_000048,user48@example.com,555-997-9689,2025-04-06,A,PREMIER,307,2026-06-29 19:53:29.717929,2026-06-29 19:53:29.717929
50,Yvette,Huff,1978-05-13,sha256_000049,user49@example.com,555-531-9005,2012-03-30,A,PREMIER,58,2026-06-29 19:53:29.717929,2026-06-29 19:53:29.717929
51,Melinda,Martin,2006-05-31,sha256_000050,user50@example.com,555-571-6038,2025-04-23,C,DIGITAL,30,2026-06-29 19:53:29.717929,2026-06-29 19:53:29.717929
52,Richard,Brown,1974-01-11,sha256_000051,user51@example.com,555-446-2290,2014-09-05,A,PREMIER,375,2026-06-29 19:53:29.717929,2026-06-29 19:53:29.717929
53,Joseph,Bowers,1966-11-18,sha256_000052,user52@example.com,555-697-2133,2026-03-10,I,STUDENT,393,2026-06-29 19:53:29.717929,2026-06-29 19:53:29.717929
54,Susan,Cowan,1971-12-23,sha256_000053,user53@example.com,555-328-3103,2017-10-19,I,SMALL_BIZ,244,2026-06-29 19:53:29.717929,2026-06-29 19:53:29.717929
55,Eric,Phillips,1978-09-23,sha256_000054,user54@example.com,555-762-3705,2022-03-17,A,MASS,271,2026-06-29 19:53:29.717929,2026-06-29 19:53:29.717929
56,Amy,Adkins,2006-05-24,sha256_000055,user55@example.com,555-821-7932,2020-02-17,I,DIGITAL,476,2026-06-29 19:53:29.717929,2026-06-29 19:53:29.717929
57,Wesley,Farrell,1945-04-27,sha256_000056,user56@example.com,555-752-4295,2020-03-16,A,SMALL_BIZ,160,2026-06-29 19:53:29.717929,2026-06-29 19:53:29.717929
58,Christopher,Lopez,1952-01-15,sha256_000057,user57@example.com,555-608-7118,2025-10-28,A,WEALTH,461,2026-06-29 19:53:29.717929,2026-06-29 19:53:29.717929
59,Joe,Wilson,1981-05-11,sha256_000058,user58@example.com,555-729-8397,2021-07-25,A,PREMIER,127,2026-06-29 19:53:29.717929,2026-06-29 19:53:29.717929
60,Brooke,Harvey,2001-02-20,sha256_000059,user59@example.com,555-430-2049,2015-03-01,A,MASS,11,2026-06-29 19:53:29.717929,2026-06-29 19:53:29.717929
61,Alexandra,Donovan,1969-07-30,sha256_000060,user60@example.com,555-802-4770,2020-03-13,A,STUDENT,113,2026-06-29 19:53:29.717929,2026-06-29 19:53:29.717929
62,John,Foster,1955-03-06,sha256_000061,user61@example.com,555-207-2163,2022-03-05,A,SMALL_BIZ,324,2026-06-29 19:53:29.717929,2026-06-29 19:53:29.717929
63,Leslie,Walton,1986-06-29,sha256_000062,user62@example.com,555-260-4750,2015-12-19,I,PREMIER,464,2026-06-29 19:53:29.717929,2026-06-29 19:53:29.717929
64,Yolanda,Ferrell,1946-05-09,sha256_000063,user63@example.com,555-232-6413,2018-04-30,A,PREMIER,264,2026-06-29 19:53:29.717929,2026-06-29 19:53:29.717929
65,Joseph,Mahoney,1946-05-26,sha256_000064,user64@example.com,555-443-5562,2014-09-02,A,SMALL_BIZ,249,2026-06-29 19:53:29.717929,2026-06-29 19:53:29.717929
66,Mike,Moore,2000-07-04,sha256_000065,user65@example.com,555-419-9834,2024-08-10,A,DIGITAL,371,2026-06-29 19:53:29.717929,2026-06-29 19:53:29.717929
67,Cheryl,Archer,1997-05-08,sha256_000066,user66@example.com,555-784-8744,2021-12-26,A,DIGITAL,402,2026-06-29 19:53:29.717929,2026-06-29 19:53:29.717929
68,Lisa,Evans,1985-04-22,sha256_000067,user67@example.com,555-684-7669,2011-08-10,A,DIGITAL,49,2026-06-29 19:53:29.717929,2026-06-29 19:53:29.717929
69,Dennis,Wilson,1985-12-08,sha256_000068,user68@example.com,555-299-8062,2025-07-01,A,MASS,217,2026-06-29 19:53:29.717929,2026-06-29 19:53:29.717929
70,Joseph,Jacobs,1948-08-30,sha256_000069,user69@example.com,555-620-8651,2019-09-29,C,SMALL_BIZ,28,2026-06-29 19:53:29.717929,2026-06-29 19:53:29.717929
71,Cynthia,Baker,1989-07-27,sha256_000070,user70@example.com,555-889-2612,2014-07-12,A,PREMIER,207,2026-06-29 19:53:29.717929,2026-06-29 19:53:29.717929
72,Meghan,Davis,1974-03-22,sha256_000071,user71@example.com,555-945-6559,2024-12-30,A,PREMIER,128,2026-06-29 19:53:29.717929,2026-06-29 19:53:29.717929
73,Adam,Wise,1969-11-14,sha256_000072,user72@example.com,555-396-4116,2015-08-14,A,STUDENT,230,2026-06-29 19:53:29.717929,2026-06-29 19:53:29.717929
74,Joyce,Arnold,1984-03-05,sha256_000073,user73@example.com,555-343-7912,2015-05-26,A,DIGITAL,143,2026-06-29 19:53:29.717929,2026-06-29 19:53:29.717929
75,Charles,Ware,1970-02-22,sha256_000074,user74@example.com,555-673-5092,2011-08-20,A,PREMIER,227,2026-06-29 19:53:29.717929,2026-06-29 19:53:29.717929
76,Mary,Aguilar,2002-01-20,sha256_000075,user75@example.com,555-763-2604,2019-08-18,A,PREMIER,334,2026-06-29 19:53:29.717929,2026-06-29 19:53:29.717929
77,Kyle,Nolan,1951-06-01,sha256_000076,user76@example.com,555-753-1241,2013-05-23,A,PREMIER,475,2026-06-29 19:53:29.717929,2026-06-29 19:53:29.717929
78,Rachel,Clark,1994-10-30,sha256_000077,user77@example.com,555-971-4872,2024-04-30,A,DIGITAL,209,2026-06-29 19:53:29.717929,2026-06-29 19:53:29.717929
79,Kimberly,Henson,1958-03-18,sha256_000078,user78@example.com,555-697-8886,2013-01-09,A,DIGITAL,443,2026-06-29 19:53:29.717929,2026-06-29 19:53:29.717929
80,Eric,Spears,1968-09-19,sha256_000079,user79@example.com,555-610-1960,2020-09-30,A,DIGITAL,195,2026-06-29 19:53:29.717929,2026-06-29 19:53:29.717929
81,Lisa,Keith,1999-06-02,sha256_000080,user80@example.com,555-202-7396,2026-01-20,I,MASS,475,2026-06-29 19:53:29.717929,2026-06-29 19:53:29.717929
82,Martin,Galvan,1943-02-25,sha256_000081,user81@example.com,555-665-5673,2022-06-24,A,WEALTH,357,2026-06-29 19:53:29.717929,2026-06-29 19:53:29.717929
83,Lisa,Adams,1995-03-29,sha256_000082,user82@example.com,555-948-8973,2024-05-19,A,DIGITAL,98,2026-06-29 19:53:29.717929,2026-06-29 19:53:29.717929
84,Monica,Garrison,1994-03-30,sha256_000083,user83@example.com,555-503-4566,2013-02-07,A,PREMIER,297,2026-06-29 19:53:29.717929,2026-06-29 19:53:29.717929
85,Steven,Torres,1956-05-24,sha256_000084,user84@example.com,555-953-9883,2023-09-03,A,PREMIER,383,2026-06-29 19:53:29.717929,2026-06-29 19:53:29.717929
86,Andrew,Lee,1994-10-11,sha256_000085,user85@example.com,555-521-1936,2014-11-20,A,PREMIER,300,2026-06-29 19:53:29.717929,2026-06-29 19:53:29.717929
87,Tammy,Ramirez,1963-06-26,sha256_000086,user86@example.com,555-688-9238,2024-05-20,A,STUDENT,81,2026-06-29 19:53:29.717929,2026-06-29 19:53:29.717929
88,Tina,Herrera,1984-06-20,sha256_000087,user87@example.com,555-258-9320,2017-06-14,A,PREMIER,436,2026-06-29 19:53:29.717929,2026-06-29 19:53:29.717929
89,Tara,White,2004-06-02,sha256_000088,user88@example.com,555-390-2122,2013-03-18,I,STUDENT,35,2026-06-29 19:53:29.717929,2026-06-29 19:53:29.717929
90,Daniel,Hamilton,2005-12-24,sha256_000089,user89@example.com,555-891-4853,2015-06-14,A,WEALTH,62,2026-06-29 19:53:29.717929,2026-06-29 19:53:29.717929
91,Catherine,Dixon,1990-04-21,sha256_000090,user90@example.com,555-783-5033,2016-03-03,A,STUDENT,305,2026-06-29 19:53:29.717929,2026-06-29 19:53:29.717929
92,Jonathan,Fletcher,1967-04-20,sha256_000091,user91@example.com,555-240-2343,2020-02-03,A,WEALTH,337,2026-06-29 19:53:29.717929,2026-06-29 19:53:29.717929
93,Amanda,Ball,1941-08-09,sha256_000092,user92@example.com,555-797-9565,2025-04-19,A,MASS,479,2026-06-29 19:53:29.717929,2026-06-29 19:53:29.717929
94,Michael,Jones,1991-03-15,sha256_000093,user93@example.com,555-467-4346,2021-06-30,A,SMALL_BIZ,367,2026-06-29 19:53:29.717929,2026-06-29 19:53:29.717929
95,Lee,Charles,1985-12-29,sha256_000094,user94@example.com,555-521-4910,2016-06-01,A,MASS,203,2026-06-29 19:53:29.717929,2026-06-29 19:53:29.717929
96,Kyle,Ortiz,1989-09-18,sha256_000095,user95@example.com,555-334-5915,2015-12-21,A,WEALTH,162,2026-06-29 19:53:29.717929,2026-06-29 19:53:29.717929
97,David,Fisher,1968-06-14,sha256_000096,user96@example.com,555-969-2188,2015-11-26,A,PREMIER,235,2026-06-29 19:53:29.717929,2026-06-29 19:53:29.717929
98,Raven,Gilbert,2004-06-29,sha256_000097,user97@example.com,555-836-2638,2021-08-05,A,PREMIER,276,2026-06-29 19:53:29.717929,2026-06-29 19:53:29.717929
99,Aaron,Mitchell,1961-08-27,sha256_000098,user98@example.com,555-418-9288,2019-08-31,A,MASS,68,2026-06-29 19:53:29.717929,2026-06-29 19:53:29.717929
100,Diana,Marshall,1970-04-17,sha256_000099,user99@example.com,555-557-2127,2020-02-22,A,DIGITAL,190,2026-06-29 19:53:29.717929,2026-06-29 19:53:29.717929
101,Thomas,Santana,1971-02-12,sha256_000100,user100@example.com,555-491-3584,2014-09-05,A,WEALTH,427,2026-06-29 19:53:29.717929,2026-06-29 19:53:29.717929
102,Christopher,Robertson,1994-10-28,sha256_000101,user101@example.com,555-756-5956,2014-01-08,A,STUDENT,414,2026-06-29 19:53:29.717929,2026-06-29 19:53:29.717929
103,Loretta,Potter,1983-11-24,sha256_000102,user102@example.com,555-869-9666,2016-06-28,A,PREMIER,342,2026-06-29 19:53:29.717929,2026-06-29 19:53:29.717929
104,James,Johnson,1986-07-26,sha256_000103,user103@example.com,555-767-5905,2014-11-04,A,SMALL_BIZ,54,2026-06-29 19:53:29.717929,2026-06-29 19:53:29.717929
105,Melissa,Jones,1957-11-23,sha256_000104,user104@example.com,555-337-5333,2018-07-31,I,PREMIER,456,2026-06-29 19:53:29.717929,2026-06-29 19:53:29.717929
106,James,Horton,1969-04-04,sha256_000105,user105@example.com,555-309-3546,2020-11-19,A,MASS,145,2026-06-29 19:53:29.717929,2026-06-29 19:53:29.717929
107,Diana,Smith,1974-08-12,sha256_000106,user106@example.com,555-819-4450,2015-02-17,A,SMALL_BIZ,176,2026-06-29 19:53:29.717929,2026-06-29 19:53:29.717929
108,Daniel,Coleman,1991-10-21,sha256_000107,user107@example.com,555-408-5325,2022-12-23,A,STUDENT,251,2026-06-29 19:53:29.717929,2026-06-29 19:53:29.717929
109,April,Williams,1953-04-11,sha256_000108,user108@example.com,555-457-1832,2025-10-12,A,PREMIER,325,2026-06-29 19:53:29.717929,2026-06-29 19:53:29.717929
110,Stephen,Solis,1958-03-10,sha256_000109,user109@example.com,555-633-5533,2024-02-23,A,PREMIER,2,2026-06-29 19:53:29.717929,2026-06-29 19:53:29.717929
111,Caitlin,Dodson,1986-03-21,sha256_000110,user110@example.com,555-541-3143,2026-03-25,A,SMALL_BIZ,135,2026-06-29 19:53:29.717929,2026-06-29 19:53:29.717929
112,Jennifer,Wagner,2001-03-20,sha256_000111,user111@example.com,555-365-8239,2020-08-18,A,STUDENT,362,2026-06-29 19:53:29.717929,2026-06-29 19:53:29.717929
113,Phyllis,Manning,1997-02-19,sha256_000112,user112@example.com,555-637-1158,2019-08-31,I,PREMIER,39,2026-06-29 19:53:29.717929,2026-06-29 19:53:29.717929
114,John,Walsh,1973-04-17,sha256_000113,user113@example.com,555-907-3442,2015-05-11,A,STUDENT,19,2026-06-29 19:53:29.717929,2026-06-29 19:53:29.717929
115,Courtney,Hill,1992-10-19,sha256_000114,user114@example.com,555-578-3426,2019-04-08,A,WEALTH,66,2026-06-29 19:53:29.717929,2026-06-29 19:53:29.717929
116,Joseph,Flores,1946-09-07,sha256_000115,user115@example.com,555-242-6050,2015-10-02,I,MASS,461,2026-06-29 19:53:29.717929,2026-06-29 19:53:29.717929
117,Jesse,Benson,1977-09-06,sha256_000116,user116@example.com,555-240-6862,2013-07-22,A,DIGITAL,350,2026-06-29 19:53:29.717929,2026-06-29 19:53:29.717929
118,Rick,Daniels,1988-10-26,sha256_000117,user117@example.com,555-455-2684,2012-06-12,A,MASS,400,2026-06-29 19:53:29.717929,2026-06-29 19:53:29.717929
119,Robert,Stein,1969-05-07,sha256_000118,user118@example.com,555-773-7658,2014-07-30,I,STUDENT,384,2026-06-29 19:53:29.717929,2026-06-29 19:53:29.717929
120,Melissa,Cannon,1980-08-16,sha256_000119,user119@example.com,555-358-4878,2021-11-12,A,DIGITAL,500,2026-06-29 19:53:29.717929,2026-06-29 19:53:29.717929
121,Michael,Molina,1966-12-23,sha256_000120,user120@example.com,555-381-7755,2011-07-31,A,PREMIER,92,2026-06-29 19:53:29.717929,2026-06-29 19:53:29.717929
122,Robert,Adkins,1998-09-02,sha256_000121,user121@example.com,555-954-6442,2025-09-18,I,WEALTH,411,2026-06-29 19:53:29.717929,2026-06-29 19:53:29.717929
123,Jeffrey,Robinson,1978-01-30,sha256_000122,user122@example.com,555-885-5065,2020-06-28,A,MASS,82,2026-06-29 19:53:29.717929,2026-06-29 19:53:29.717929
124,Matthew,Shelton,1970-09-10,sha256_000123,user123@example.com,555-918-2771,2011-12-04,A,WEALTH,447,2026-06-29 19:53:29.717929,2026-06-29 19:53:29.717929
125,Tanner,Anderson,1968-07-31,sha256_000124,user124@example.com,555-239-8711,2013-12-14,A,DIGITAL,103,2026-06-29 19:53:29.717929,2026-06-29 19:53:29.717929
126,Phillip,Elliott,1983-03-08,sha256_000125,user125@example.com,555-671-6728,2011-11-22,A,MASS,421,2026-06-29 19:53:29.717929,2026-06-29 19:53:29.717929
127,Derek,Murray,1943-04-23,sha256_000126,user126@example.com,555-433-4652,2021-01-29,A,PREMIER,338,2026-06-29 19:53:29.717929,2026-06-29 19:53:29.717929
128,Jason,Murphy,1944-11-10,sha256_000127,user127@example.com,555-397-7528,2017-02-22,I,MASS,143,2026-06-29 19:53:29.717929,2026-06-29 19:53:29.717929
129,Karen,Decker,1992-06-29,sha256_000128,user128@example.com,555-271-5573,2017-02-22,A,MASS,329,2026-06-29 19:53:29.717929,2026-06-29 19:53:29.717929
130,Andrew,Ryan,1958-05-24,sha256_000129,user129@example.com,555-721-7548,2012-09-17,A,SMALL_BIZ,432,2026-06-29 19:53:29.717929,2026-06-29 19:53:29.717929
131,Debra,Harrington,2008-06-25,sha256_000130,user130@example.com,555-749-6425,2016-09-16,A,PREMIER,60,2026-06-29 19:53:29.717929,2026-06-29 19:53:29.717929
132,Stefanie,Gonzalez,1985-02-27,sha256_000131,user131@example.com,555-467-3925,2022-09-28,A,STUDENT,493,2026-06-29 19:53:29.717929,2026-06-29 19:53:29.717929
133,David,Caldwell,1942-11-09,sha256_000132,user132@example.com,555-471-1626,2013-10-06,A,PREMIER,306,2026-06-29 19:53:29.717929,2026-06-29 19:53:29.717929
134,Holly,Wang,1979-04-11,sha256_000133,user133@example.com,555-644-6663,2014-09-28,A,SMALL_BIZ,403,2026-06-29 19:53:29.717929,2026-06-29 19:53:29.717929
135,Julie,Wilson,1952-09-24,sha256_000134,user134@example.com,555-521-8149,2020-07-19,I,STUDENT,262,2026-06-29 19:53:29.717929,2026-06-29 19:53:29.717929
136,Daniel,Johnson,1996-05-20,sha256_000135,user135@example.com,555-318-7311,2025-11-18,A,STUDENT,98,2026-06-29 19:53:29.717929,2026-06-29 19:53:29.717929
137,Susan,Sanders,1962-05-23,sha256_000136,user136@example.com,555-460-1727,2021-08-05,A,SMALL_BIZ,224,2026-06-29 19:53:29.717929,2026-06-29 19:53:29.717929
138,Hannah,Burton,1989-05-25,sha256_000137,user137@example.com,555-201-9518,2012-08-16,A,STUDENT,352,2026-06-29 19:53:29.717929,2026-06-29 19:53:29.717929
139,Melissa,Burke,1948-04-26,sha256_000138,user138@example.com,555-936-4228,2023-01-06,A,MASS,221,2026-06-29 19:53:29.717929,2026-06-29 19:53:29.717929
140,Kimberly,Reed,1949-08-08,sha256_000139,user139@example.com,555-271-6409,2026-03-02,C,STUDENT,161,2026-06-29 19:53:29.717929,2026-06-29 19:53:29.717929
141,William,Peterson,1970-03-11,sha256_000140,user140@example.com,555-879-3041,2017-01-07,C,SMALL_BIZ,461,2026-06-29 19:53:29.717929,2026-06-29 19:53:29.717929
142,Daniel,Yu,1998-05-30,sha256_000141,user141@example.com,555-507-9308,2023-10-04,A,MASS,342,2026-06-29 19:53:29.717929,2026-06-29 19:53:29.717929
143,Jasmine,Graham,1984-01-28,sha256_000142,user142@example.com,555-618-6344,2023-11-08,A,WEALTH,357,2026-06-29 19:53:29.717929,2026-06-29 19:53:29.717929
144,Joseph,Morton,1990-08-27,sha256_000143,user143@example.com,555-502-3085,2025-11-22,A,DIGITAL,216,2026-06-29 19:53:29.717929,2026-06-29 19:53:29.717929
145,Ryan,Simon,1977-07-19,sha256_000144,user144@example.com,555-880-7211,2018-09-14,A,SMALL_BIZ,384,2026-06-29 19:53:29.717929,2026-06-29 19:53:29.717929
146,Mariah,Miller,1959-06-22,sha256_000145,user145@example.com,555-378-5930,2024-03-12,A,WEALTH,281,2026-06-29 19:53:29.717929,2026-06-29 19:53:29.717929
147,Steven,Bishop,2000-07-23,sha256_000146,user146@example.com,555-200-5978,2015-02-16,A,MASS,108,2026-06-29 19:53:29.717929,2026-06-29 19:53:29.717929
148,Melissa,White,1966-11-19,sha256_000147,user147@example.com,555-640-6279,2011-12-02,A,WEALTH,227,2026-06-29 19:53:29.717929,2026-06-29 19:53:29.717929
149,Matthew,Beard,1955-09-14,sha256_000148,user148@example.com,555-652-4501,2023-05-24,A,STUDENT,243,2026-06-29 19:53:29.717929,2026-06-29 19:53:29.717929
150,Alejandro,Vaughan,1988-06-20,sha256_000149,user149@example.com,555-953-3780,2015-08-12,A,SMALL_BIZ,44,2026-06-29 19:53:29.717929,2026-06-29 19:53:29.717929
151,Tracy,Chang,1947-03-25,sha256_000150,user150@example.com,555-490-9445,2022-03-26,I,SMALL_BIZ,325,2026-06-29 19:53:29.717929,2026-06-29 19:53:29.717929
152,Travis,Mcguire,1987-10-05,sha256_000151,user151@example.com,555-834-6491,2021-02-15,A,PREMIER,420,2026-06-29 19:53:29.717929,2026-06-29 19:53:29.717929
153,Heather,Torres,1947-09-23,sha256_000152,user152@example.com,555-969-4848,2014-10-18,A,SMALL_BIZ,159,2026-06-29 19:53:29.717929,2026-06-29 19:53:29.717929
154,Alyssa,Coleman,1980-06-15,sha256_000153,user153@example.com,555-430-4262,2018-07-20,A,DIGITAL,13,2026-06-29 19:53:29.717929,2026-06-29 19:53:29.717929
155,Jacqueline,Nelson,1991-06-20,sha256_000154,user154@example.com,555-247-5011,2016-06-04,C,WEALTH,313,2026-06-29 19:53:29.717929,2026-06-29 19:53:29.717929
156,James,Wilson,1958-05-03,sha256_000155,user155@example.com,555-986-2193,2013-04-16,A,WEALTH,213,2026-06-29 19:53:29.717929,2026-06-29 19:53:29.717929
157,Jacob,Robinson,1977-05-24,sha256_000156,user156@example.com,555-844-4185,2022-11-11,A,SMALL_BIZ,357,2026-06-29 19:53:29.717929,2026-06-29 19:53:29.717929
158,Tiffany,Warren,1973-12-06,sha256_000157,user157@example.com,555-593-9099,2022-04-20,A,WEALTH,125,2026-06-29 19:53:29.717929,2026-06-29 19:53:29.717929
159,James,Perez,1960-06-14,sha256_000158,user158@example.com,555-351-1090,2012-12-27,A,PREMIER,399,2026-06-29 19:53:29.717929,2026-06-29 19:53:29.717929
160,Amanda,Hill,1953-07-07,sha256_000159,user159@example.com,555-635-4585,2011-09-14,A,DIGITAL,412,2026-06-29 19:53:29.717929,2026-06-29 19:53:29.717929
161,Heidi,Martinez,2006-10-07,sha256_000160,user160@example.com,555-912-9486,2019-09-30,A,WEALTH,26,2026-06-29 19:53:29.717929,2026-06-29 19:53:29.717929
162,Monique,Andrews,1999-09-05,sha256_000161,user161@example.com,555-770-5082,2018-10-24,A,PREMIER,234,2026-06-29 19:53:29.717929,2026-06-29 19:53:29.717929
163,Jack,Williams,1972-12-09,sha256_000162,user162@example.com,555-336-8612,2018-01-23,A,SMALL_BIZ,272,2026-06-29 19:53:29.717929,2026-06-29 19:53:29.717929
164,Lynn,Morales,2004-07-16,sha256_000163,user163@example.com,555-772-6198,2018-08-14,A,WEALTH,314,2026-06-29 19:53:29.717929,2026-06-29 19:53:29.717929
165,Brian,Hernandez,1946-06-15,sha256_000164,user164@example.com,555-936-9270,2020-11-17,A,WEALTH,426,2026-06-29 19:53:29.717929,2026-06-29 19:53:29.717929
166,Victoria,Wilson,1979-03-15,sha256_000165,user165@example.com,555-761-8305,2016-01-09,I,DIGITAL,381,2026-06-29 19:53:29.717929,2026-06-29 19:53:29.717929
167,Krystal,Perez,1992-09-15,sha256_000166,user166@example.com,555-686-8373,2020-07-14,A,MASS,385,2026-06-29 19:53:29.717929,2026-06-29 19:53:29.717929
168,Scott,Dalton,1976-07-02,sha256_000167,user167@example.com,555-453-5543,2018-03-18,A,STUDENT,249,2026-06-29 19:53:29.717929,2026-06-29 19:53:29.717929
169,Christine,Lynch,2007-10-28,sha256_000168,user168@example.com,555-841-4919,2016-01-18,A,MASS,226,2026-06-29 19:53:29.717929,2026-06-29 19:53:29.717929
170,Jared,Clark,1991-01-28,sha256_000169,user169@example.com,555-279-5681,2025-08-17,A,DIGITAL,140,2026-06-29 19:53:29.717929,2026-06-29 19:53:29.717929
171,Glenn,Jones,1985-09-27,sha256_000170,user170@example.com,555-543-6238,2013-10-31,A,STUDENT,42,2026-06-29 19:53:29.717929,2026-06-29 19:53:29.717929
172,Brittney,Carter,1941-09-02,sha256_000171,user171@example.com,555-341-3471,2018-03-18,A,DIGITAL,197,2026-06-29 19:53:29.717929,2026-06-29 19:53:29.717929
173,Jacqueline,Gibson,1956-12-31,sha256_000172,user172@example.com,555-910-3503,2022-01-14,A,SMALL_BIZ,110,2026-06-29 19:53:29.717929,2026-06-29 19:53:29.717929
174,Kristin,Weber,1987-07-18,sha256_000173,user173@example.com,555-265-7797,2025-04-10,A,WEALTH,170,2026-06-29 19:53:29.717929,2026-06-29 19:53:29.717929
175,Ronald,Stephens,1985-10-15,sha256_000174,user174@example.com,555-755-8633,2025-06-02,A,WEALTH,32,2026-06-29 19:53:29.717929,2026-06-29 19:53:29.717929
176,Margaret,Jones,1984-11-18,sha256_000175,user175@example.com,555-411-7883,2025-01-15,A,WEALTH,464,2026-06-29 19:53:29.717929,2026-06-29 19:53:29.717929
177,Kaitlyn,Carroll,1952-08-10,sha256_000176,user176@example.com,555-988-1320,2016-01-30,A,STUDENT,195,2026-06-29 19:53:29.717929,2026-06-29 19:53:29.717929
178,Haley,Lyons,1960-10-29,sha256_000177,user177@example.com,555-688-1096,2013-05-06,A,MASS,153,2026-06-29 19:53:29.717929,2026-06-29 19:53:29.717929
179,Troy,Miller,2004-08-25,sha256_000178,user178@example.com,555-971-7389,2018-12-16,I,WEALTH,276,2026-06-29 19:53:29.717929,2026-06-29 19:53:29.717929
180,Marcus,Wright,1944-02-29,sha256_000179,user179@example.com,555-965-9947,2017-12-08,A,STUDENT,460,2026-06-29 19:53:29.717929,2026-06-29 19:53:29.717929
181,Mary,Johnston,1947-08-11,sha256_000180,user180@example.com,555-425-8999,2025-11-03,A,DIGITAL,140,2026-06-29 19:53:29.717929,2026-06-29 19:53:29.717929
182,Emily,Adams,2005-03-11,sha256_000181,user181@example.com,555-646-8956,2026-05-27,A,PREMIER,200,2026-06-29 19:53:29.717929,2026-06-29 19:53:29.717929
183,Thomas,Pearson,1944-03-09,sha256_000182,user182@example.com,555-544-7624,2022-10-09,I,SMALL_BIZ,85,2026-06-29 19:53:29.717929,2026-06-29 19:53:29.717929
184,Brenda,Walters,2002-11-13,sha256_000183,user183@example.com,555-678-3091,2014-03-13,I,STUDENT,274,2026-06-29 19:53:29.717929,2026-06-29 19:53:29.717929
185,Michael,Cook,1974-06-09,sha256_000184,user184@example.com,555-227-7455,2012-11-07,A,STUDENT,289,2026-06-29 19:53:29.717929,2026-06-29 19:53:29.717929
186,Mark,Steele,1986-05-22,sha256_000185,user185@example.com,555-878-1444,2024-04-14,A,PREMIER,330,2026-06-29 19:53:29.717929,2026-06-29 19:53:29.717929
187,Lisa,Pierce,1960-10-19,sha256_000186,user186@example.com,555-638-3223,2025-08-04,A,WEALTH,94,2026-06-29 19:53:29.717929,2026-06-29 19:53:29.717929
188,Marcus,Cordova,1971-12-19,sha256_000187,user187@example.com,555-251-5262,2016-03-07,A,WEALTH,168,2026-06-29 19:53:29.717929,2026-06-29 19:53:29.717929
189,Vanessa,Sandoval,1968-07-27,sha256_000188,user188@example.com,555-416-8449,2019-03-03,A,MASS,173,2026-06-29 19:53:29.717929,2026-06-29 19:53:29.717929
190,Jacob,Cox,1977-11-04,sha256_000189,user189@example.com,555-979-7211,2017-08-27,A,MASS,386,2026-06-29 19:53:29.717929,2026-06-29 19:53:29.717929
191,Kathleen,Harris,1992-03-03,sha256_000190,user190@example.com,555-631-5133,2020-10-26,A,PREMIER,241,2026-06-29 19:53:29.717929,2026-06-29 19:53:29.717929
192,Samuel,Wolfe,1978-04-15,sha256_000191,user191@example.com,555-219-9837,2025-04-30,I,PREMIER,488,2026-06-29 19:53:29.717929,2026-06-29 19:53:29.717929
193,Chelsea,Allen,1949-08-17,sha256_000192,user192@example.com,555-558-4673,2026-01-03,I,SMALL_BIZ,36,2026-06-29 19:53:29.717929,2026-06-29 19:53:29.717929
194,Andrea,Davis,1952-02-07,sha256_000193,user193@example.com,555-999-1659,2019-09-16,A,PREMIER,487,2026-06-29 19:53:29.717929,2026-06-29 19:53:29.717929
195,Steven,Wilson,2007-12-21,sha256_000194,user194@example.com,555-453-4266,2025-02-09,A,PREMIER,319,2026-06-29 19:53:29.717929,2026-06-29 19:53:29.717929
196,Jennifer,Hicks,1997-03-30,sha256_000195,user195@example.com,555-356-4908,2018-12-04,A,DIGITAL,243,2026-06-29 19:53:29.717929,2026-06-29 19:53:29.717929
197,Tina,Sanchez,1959-10-23,sha256_000196,user196@example.com,555-885-2874,2023-12-11,A,STUDENT,486,2026-06-29 19:53:29.717929,2026-06-29 19:53:29.717929
198,Sandra,Romero,1978-06-05,sha256_000197,user197@example.com,555-423-8619,2017-03-19,I,SMALL_BIZ,132,2026-06-29 19:53:29.717929,2026-06-29 19:53:29.717929
199,Joshua,Tyler,2000-05-27,sha256_000198,user198@example.com,555-985-7043,2024-05-19,I,DIGITAL,311,2026-06-29 19:53:29.717929,2026-06-29 19:53:29.717929
200,William,Hoover,1969-04-17,sha256_000199,user199@example.com,555-821-2876,2025-06-05,A,DIGITAL,494,2026-06-29 19:53:29.717929,2026-06-29 19:53:29.717929
201,Brenda,Duarte,1960-06-10,sha256_000200,user200@example.com,555-518-2771,2015-12-11,A,STUDENT,14,2026-06-29 19:53:29.717929,2026-06-29 19:53:29.717929
202,Amanda,Reed,1974-04-18,sha256_000201,user201@example.com,555-519-7149,2013-09-15,A,WEALTH,483,2026-06-29 19:53:29.717929,2026-06-29 19:53:29.717929
203,Stanley,Morris,1978-06-20,sha256_000202,user202@example.com,555-932-4249,2019-08-07,A,PREMIER,304,2026-06-29 19:53:29.717929,2026-06-29 19:53:29.717929
204,Ashley,Hall,1954-02-17,sha256_000203,user203@example.com,555-907-4978,2021-11-23,I,PREMIER,357,2026-06-29 19:53:29.717929,2026-06-29 19:53:29.717929
205,Julie,Thornton,1993-06-14,sha256_000204,user204@example.com,555-991-5941,2012-02-21,A,SMALL_BIZ,308,2026-06-29 19:53:29.717929,2026-06-29 19:53:29.717929
206,Elizabeth,Hoover,1995-11-08,sha256_000205,user205@example.com,555-323-1672,2017-04-01,A,MASS,273,2026-06-29 19:53:29.717929,2026-06-29 19:53:29.717929
207,Benjamin,Shaw,2007-03-16,sha256_000206,user206@example.com,555-638-7071,2018-11-18,A,PREMIER,260,2026-06-29 19:53:29.717929,2026-06-29 19:53:29.717929
208,Morgan,Alexander,1981-01-12,sha256_000207,user207@example.com,555-863-6590,2024-06-18,A,PREMIER,435,2026-06-29 19:53:29.717929,2026-06-29 19:53:29.717929
209,Jennifer,Ortiz,1976-09-23,sha256_000208,user208@example.com,555-630-9031,2018-04-22,A,PREMIER,222,2026-06-29 19:53:29.717929,2026-06-29 19:53:29.717929
210,Terrance,Costa,1985-05-12,sha256_000209,user209@example.com,555-570-8532,2013-10-17,A,SMALL_BIZ,79,2026-06-29 19:53:29.717929,2026-06-29 19:53:29.717929
211,Debra,Christian,1964-03-04,sha256_000210,user210@example.com,555-645-3885,2021-10-28,A,SMALL_BIZ,268,2026-06-29 19:53:29.717929,2026-06-29 19:53:29.717929
212,Norman,Stewart,1998-08-06,sha256_000211,user211@example.com,555-866-5425,2024-04-23,A,STUDENT,414,2026-06-29 19:53:29.717929,2026-06-29 19:53:29.717929
213,Monique,Johnson,1989-08-23,sha256_000212,user212@example.com,555-751-8921,2022-10-26,A,WEALTH,224,2026-06-29 19:53:29.717929,2026-06-29 19:53:29.717929
214,Samantha,Bright,1946-01-28,sha256_000213,user213@example.com,555-948-5397,2020-11-27,A,MASS,437,2026-06-29 19:53:29.717929,2026-06-29 19:53:29.717929
215,Corey,Schultz,1991-07-11,sha256_000214,user214@example.com,555-451-2419,2017-12-18,A,MASS,452,2026-06-29 19:53:29.717929,2026-06-29 19:53:29.717929
216,Heather,Berger,1999-12-14,sha256_000215,user215@example.com,555-661-4995,2018-02-09,A,WEALTH,292,2026-06-29 19:53:29.717929,2026-06-29 19:53:29.717929
217,Kelly,Brooks,1944-07-28,sha256_000216,user216@example.com,555-824-7209,2023-05-15,A,MASS,15,2026-06-29 19:53:29.717929,2026-06-29 19:53:29.717929
218,Ashlee,Sparks,1951-03-31,sha256_000217,user217@example.com,555-706-6325,2019-06-01,A,DIGITAL,250,2026-06-29 19:53:29.717929,2026-06-29 19:53:29.717929
219,Monica,Harvey,1952-11-17,sha256_000218,user218@example.com,555-417-6813,2012-09-01,A,MASS,175,2026-06-29 19:53:29.717929,2026-06-29 19:53:29.717929
220,Douglas,Murray,1957-08-17,sha256_000219,user219@example.com,555-486-5526,2025-02-09,I,STUDENT,6,2026-06-29 19:53:29.717929,2026-06-29 19:53:29.717929
221,Albert,Ballard,1958-07-05,sha256_000220,user220@example.com,555-729-4130,2015-04-20,A,PREMIER,124,2026-06-29 19:53:29.717929,2026-06-29 19:53:29.717929
222,Eric,Alexander,2001-11-14,sha256_000221,user221@example.com,555-937-7658,2021-08-07,A,WEALTH,285,2026-06-29 19:53:29.717929,2026-06-29 19:53:29.717929
223,Danielle,Coleman,1964-08-23,sha256_000222,user222@example.com,555-976-4937,2020-04-03,A,SMALL_BIZ,244,2026-06-29 19:53:29.717929,2026-06-29 19:53:29.717929
224,James,Cruz,1958-04-01,sha256_000223,user223@example.com,555-861-9041,2024-02-07,A,WEALTH,406,2026-06-29 19:53:29.717929,2026-06-29 19:53:29.717929
225,Ashley,Andrews,1973-11-12,sha256_000224,user224@example.com,555-217-2524,2015-01-11,A,MASS,114,2026-06-29 19:53:29.717929,2026-06-29 19:53:29.717929
226,Tiffany,Barrett,2008-01-01,sha256_000225,user225@example.com,555-614-4986,2015-11-23,A,MASS,340,2026-06-29 19:53:29.717929,2026-06-29 19:53:29.717929
227,Gina,Garner,1959-11-18,sha256_000226,user226@example.com,555-795-7046,2019-12-07,C,WEALTH,284,2026-06-29 19:53:29.717929,2026-06-29 19:53:29.717929
228,Tyler,Strong,1944-10-11,sha256_000227,user227@example.com,555-743-6632,2020-07-15,A,WEALTH,382,2026-06-29 19:53:29.717929,2026-06-29 19:53:29.717929
229,Catherine,Gomez,1960-08-31,sha256_000228,user228@example.com,555-763-6419,2023-05-29,I,MASS,360,2026-06-29 19:53:29.717929,2026-06-29 19:53:29.717929
230,Erica,Le,1984-02-22,sha256_000229,user229@example.com,555-664-5438,2020-10-02,A,MASS,129,2026-06-29 19:53:29.717929,2026-06-29 19:53:29.717929
231,Courtney,Berger,1985-08-27,sha256_000230,user230@example.com,555-436-2976,2023-12-31,A,SMALL_BIZ,99,2026-06-29 19:53:29.717929,2026-06-29 19:53:29.717929
232,Scott,Riley,1984-10-17,sha256_000231,user231@example.com,555-523-2958,2016-02-06,A,SMALL_BIZ,275,2026-06-29 19:53:29.717929,2026-06-29 19:53:29.717929
233,Kenneth,Burgess,1990-07-23,sha256_000232,user232@example.com,555-980-4033,2012-11-01,A,DIGITAL,111,2026-06-29 19:53:29.717929,2026-06-29 19:53:29.717929
234,Amber,Mata,1953-04-05,sha256_000233,user233@example.com,555-956-8933,2013-06-18,A,MASS,371,2026-06-29 19:53:29.717929,2026-06-29 19:53:29.717929
235,Maria,Scott,1977-01-21,sha256_000234,user234@example.com,555-803-9595,2025-02-12,A,STUDENT,145,2026-06-29 19:53:29.717929,2026-06-29 19:53:29.717929
236,Lindsay,Francis,1996-09-28,sha256_000235,user235@example.com,555-302-4180,2018-09-05,A,MASS,117,2026-06-29 19:53:29.717929,2026-06-29 19:53:29.717929
237,Sydney,Taylor,1964-03-08,sha256_000236,user236@example.com,555-569-3939,2013-03-17,A,MASS,8,2026-06-29 19:53:29.717929,2026-06-29 19:53:29.717929
238,Jennifer,Whitney,2006-03-31,sha256_000237,user237@example.com,555-925-9751,2024-04-27,A,DIGITAL,141,2026-06-29 19:53:29.717929,2026-06-29 19:53:29.717929
239,Michael,Gibbs,2006-04-19,sha256_000238,user238@example.com,555-246-1893,2023-06-30,A,STUDENT,150,2026-06-29 19:53:29.717929,2026-06-29 19:53:29.717929
240,Shawn,Chambers,1942-06-04,sha256_000239,user239@example.com,555-914-3068,2019-06-30,A,SMALL_BIZ,445,2026-06-29 19:53:29.717929,2026-06-29 19:53:29.717929
241,Lynn,Bentley,1986-07-15,sha256_000240,user240@example.com,555-970-9042,2020-03-18,I,PREMIER,447,2026-06-29 19:53:29.717929,2026-06-29 19:53:29.717929
242,Angel,Henson,1948-10-01,sha256_000241,user241@example.com,555-212-5658,2014-12-24,C,WEALTH,246,2026-06-29 19:53:29.717929,2026-06-29 19:53:29.717929
243,Jeffrey,Brown,1979-02-08,sha256_000242,user242@example.com,555-651-6582,2025-02-22,I,DIGITAL,495,2026-06-29 19:53:29.717929,2026-06-29 19:53:29.717929
244,Kevin,Ortiz,1996-09-08,sha256_000243,user243@example.com,555-252-5136,2025-01-21,A,WEALTH,59,2026-06-29 19:53:29.717929,2026-06-29 19:53:29.717929
245,Kevin,Vasquez,1950-11-09,sha256_000244,user244@example.com,555-266-7565,2025-08-10,A,WEALTH,38,2026-06-29 19:53:29.717929,2026-06-29 19:53:29.717929
246,Derek,Chavez,1948-01-02,sha256_000245,user245@example.com,555-790-1878,2024-09-22,I,DIGITAL,77,2026-06-29 19:53:29.717929,2026-06-29 19:53:29.717929
247,Sonya,Barnes,1986-05-31,sha256_000246,user246@example.com,555-776-5978,2022-07-30,A,PREMIER,128,2026-06-29 19:53:29.717929,2026-06-29 19:53:29.717929
248,Robert,Garcia,1991-03-23,sha256_000247,user247@example.com,555-321-7818,2013-10-17,C,STUDENT,306,2026-06-29 19:53:29.717929,2026-06-29 19:53:29.717929
249,Stephanie,Johnson,1974-04-11,sha256_000248,user248@example.com,555-833-4697,2017-07-30,C,STUDENT,195,2026-06-29 19:53:29.717929,2026-06-29 19:53:29.717929
250,Stephanie,Foley,1966-04-26,sha256_000249,user249@example.com,555-661-8253,2018-02-07,I,MASS,441,2026-06-29 19:53:29.717929,2026-06-29 19:53:29.717929
251,Amy,Levine,1948-02-24,sha256_000250,user250@example.com,555-802-8025,2021-09-20,A,MASS,292,2026-06-29 19:53:29.717929,2026-06-29 19:53:29.717929
252,James,Martinez,1965-07-10,sha256_000251,user251@example.com,555-835-1986,2017-06-06,A,STUDENT,492,2026-06-29 19:53:29.717929,2026-06-29 19:53:29.717929
253,Elizabeth,May,1998-04-23,sha256_000252,user252@example.com,555-957-2625,2018-04-10,I,DIGITAL,321,2026-06-29 19:53:29.717929,2026-06-29 19:53:29.717929
254,Kristin,Sanchez,1981-07-01,sha256_000253,user253@example.com,555-416-5335,2011-10-23,A,SMALL_BIZ,42,2026-06-29 19:53:29.717929,2026-06-29 19:53:29.717929
255,Casey,Hubbard,1949-12-05,sha256_000254,user254@example.com,555-360-4929,2019-11-30,A,DIGITAL,283,2026-06-29 19:53:29.717929,2026-06-29 19:53:29.717929
256,Molly,Murphy,1955-05-16,sha256_000255,user255@example.com,555-276-3564,2014-09-17,A,PREMIER,210,2026-06-29 19:53:29.717929,2026-06-29 19:53:29.717929
257,Aaron,Garrison,1951-05-18,sha256_000256,user256@example.com,555-661-8699,2024-12-03,I,MASS,17,2026-06-29 19:53:29.717929,2026-06-29 19:53:29.717929
258,John,Thompson,1951-03-09,sha256_000257,user257@example.com,555-437-5720,2013-06-06,A,SMALL_BIZ,145,2026-06-29 19:53:29.717929,2026-06-29 19:53:29.717929
259,Alexis,Tyler,1985-10-12,sha256_000258,user258@example.com,555-919-8438,2011-11-16,A,PREMIER,352,2026-06-29 19:53:29.717929,2026-06-29 19:53:29.717929
260,Grant,Williams,1957-06-07,sha256_000259,user259@example.com,555-439-5334,2016-04-27,A,SMALL_BIZ,302,2026-06-29 19:53:29.717929,2026-06-29 19:53:29.717929
261,Julie,Alvarez,1991-03-09,sha256_000260,user260@example.com,555-877-4241,2019-05-04,A,WEALTH,59,2026-06-29 19:53:29.717929,2026-06-29 19:53:29.717929
262,Daniel,Gordon,1993-08-13,sha256_000261,user261@example.com,555-757-4683,2019-02-23,C,SMALL_BIZ,77,2026-06-29 19:53:29.717929,2026-06-29 19:53:29.717929
263,Krista,Camacho,2004-10-31,sha256_000262,user262@example.com,555-472-3330,2012-02-20,A,PREMIER,31,2026-06-29 19:53:29.717929,2026-06-29 19:53:29.717929
264,Tamara,Brown,1976-06-05,sha256_000263,user263@example.com,555-369-6039,2018-04-28,A,STUDENT,384,2026-06-29 19:53:29.717929,2026-06-29 19:53:29.717929
265,Gina,Henry,1973-08-01,sha256_000264,user264@example.com,555-782-5728,2017-06-25,I,WEALTH,64,2026-06-29 19:53:29.717929,2026-06-29 19:53:29.717929
266,Christopher,Franklin,2002-06-10,sha256_000265,user265@example.com,555-679-5982,2012-08-02,A,SMALL_BIZ,207,2026-06-29 19:53:29.717929,2026-06-29 19:53:29.717929
267,Cynthia,Kelley,1945-11-22,sha256_000266,user266@example.com,555-478-9199,2015-08-05,A,STUDENT,253,2026-06-29 19:53:29.717929,2026-06-29 19:53:29.717929
268,Alyssa,Chavez,1963-04-12,sha256_000267,user267@example.com,555-648-2317,2026-04-30,A,STUDENT,21,2026-06-29 19:53:29.717929,2026-06-29 19:53:29.717929
269,Jacqueline,Farrell,1982-01-20,sha256_000268,user268@example.com,555-642-6280,2012-12-20,A,STUDENT,129,2026-06-29 19:53:29.717929,2026-06-29 19:53:29.717929
270,Jennifer,Lewis,1985-02-06,sha256_000269,user269@example.com,555-226-2496,2022-12-18,A,DIGITAL,493,2026-06-29 19:53:29.717929,2026-06-29 19:53:29.717929
271,Matthew,Chavez,1971-09-30,sha256_000270,user270@example.com,555-890-1339,2014-11-25,A,SMALL_BIZ,421,2026-06-29 19:53:29.717929,2026-06-29 19:53:29.717929
272,Ronald,Ortega,1969-05-12,sha256_000271,user271@example.com,555-475-1659,2012-11-28,A,DIGITAL,241,2026-06-29 19:53:29.717929,2026-06-29 19:53:29.717929
273,Sandra,Jones,1966-07-27,sha256_000272,user272@example.com,555-731-8245,2013-10-07,I,MASS,93,2026-06-29 19:53:29.717929,2026-06-29 19:53:29.717929
274,Colin,Rodgers,1997-03-21,sha256_000273,user273@example.com,555-799-8141,2012-11-18,I,SMALL_BIZ,417,2026-06-29 19:53:29.717929,2026-06-29 19:53:29.717929
275,Brenda,Hoffman,1995-11-17,sha256_000274,user274@example.com,555-703-2494,2019-10-16,A,WEALTH,179,2026-06-29 19:53:29.717929,2026-06-29 19:53:29.717929
276,Michael,Ortega,1963-07-30,sha256_000275,user275@example.com,555-618-6460,2013-04-25,A,MASS,344,2026-06-29 19:53:29.717929,2026-06-29 19:53:29.717929
277,Jennifer,Schmitt,1991-10-05,sha256_000276,user276@example.com,555-307-3634,2024-06-10,A,MASS,211,2026-06-29 19:53:29.717929,2026-06-29 19:53:29.717929
278,Becky,Lewis,1981-09-19,sha256_000277,user277@example.com,555-910-9117,2016-09-26,A,MASS,340,2026-06-29 19:53:29.717929,2026-06-29 19:53:29.717929
279,Daniel,Bruce,1985-06-28,sha256_000278,user278@example.com,555-610-1601,2014-11-01,A,WEALTH,46,2026-06-29 19:53:29.717929,2026-06-29 19:53:29.717929
280,Audrey,Aguirre,1966-02-12,sha256_000279,user279@example.com,555-522-5135,2022-11-13,A,MASS,60,2026-06-29 19:53:29.717929,2026-06-29 19:53:29.717929
281,Loretta,Austin,1998-02-11,sha256_000280,user280@example.com,555-991-7622,2026-01-11,I,STUDENT,423,2026-06-29 19:53:29.717929,2026-06-29 19:53:29.717929
282,Sarah,Gallegos,1984-07-20,sha256_000281,user281@example.com,555-201-9889,2011-11-19,A,WEALTH,212,2026-06-29 19:53:29.717929,2026-06-29 19:53:29.717929
283,Jacqueline,Parker,1959-05-30,sha256_000282,user282@example.com,555-255-4073,2014-03-08,A,STUDENT,186,2026-06-29 19:53:29.717929,2026-06-29 19:53:29.717929
284,Molly,Knight,1964-04-04,sha256_000283,user283@example.com,555-837-9167,2011-08-01,A,SMALL_BIZ,227,2026-06-29 19:53:29.717929,2026-06-29 19:53:29.717929
285,Cynthia,Johnson,1968-05-05,sha256_000284,user284@example.com,555-978-1845,2013-08-10,A,DIGITAL,137,2026-06-29 19:53:29.717929,2026-06-29 19:53:29.717929
286,Robert,Peterson,1991-06-25,sha256_000285,user285@example.com,555-762-3146,2014-09-13,A,MASS,225,2026-06-29 19:53:29.717929,2026-06-29 19:53:29.717929
287,Kimberly,Bradley,1966-04-14,sha256_000286,user286@example.com,555-915-8941,2022-04-03,A,PREMIER,15,2026-06-29 19:53:29.717929,2026-06-29 19:53:29.717929
288,Eric,Williamson,1947-03-08,sha256_000287,user287@example.com,555-845-4920,2012-04-10,A,SMALL_BIZ,82,2026-06-29 19:53:29.717929,2026-06-29 19:53:29.717929
289,Ebony,Tucker,1986-08-24,sha256_000288,user288@example.com,555-518-1224,2015-07-20,A,STUDENT,209,2026-06-29 19:53:29.717929,2026-06-29 19:53:29.717929
290,Kari,Wilson,1971-02-09,sha256_000289,user289@example.com,555-295-4681,2015-07-26,A,PREMIER,237,2026-06-29 19:53:29.717929,2026-06-29 19:53:29.717929
291,Erika,Tucker,1970-04-18,sha256_000290,user290@example.com,555-320-3522,2015-09-19,A,WEALTH,478,2026-06-29 19:53:29.717929,2026-06-29 19:53:29.717929
292,Randall,Greene,1986-03-10,sha256_000291,user291@example.com,555-933-5781,2012-03-02,A,STUDENT,362,2026-06-29 19:53:29.717929,2026-06-29 19:53:29.717929
293,Jason,Taylor,1942-01-03,sha256_000292,user292@example.com,555-479-7807,2015-12-27,I,WEALTH,242,2026-06-29 19:53:29.717929,2026-06-29 19:53:29.717929
294,Adrian,Burgess,1958-08-11,sha256_000293,user293@example.com,555-449-8483,2016-05-20,A,STUDENT,75,2026-06-29 19:53:29.717929,2026-06-29 19:53:29.717929
295,Jane,Mason,1953-04-06,sha256_000294,user294@example.com,555-592-4122,2017-02-28,A,STUDENT,261,2026-06-29 19:53:29.717929,2026-06-29 19:53:29.717929
296,Charles,Hensley,1997-04-29,sha256_000295,user295@example.com,555-964-3236,2023-07-08,A,PREMIER,142,2026-06-29 19:53:29.717929,2026-06-29 19:53:29.717929
297,Samantha,Atkins,1944-04-29,sha256_000296,user296@example.com,555-991-7798,2011-10-09,A,MASS,479,2026-06-29 19:53:29.717929,2026-06-29 19:53:29.717929
298,Jenna,Butler,1980-01-25,sha256_000297,user297@example.com,555-719-5377,2020-01-17,A,PREMIER,145,2026-06-29 19:53:29.717929,2026-06-29 19:53:29.717929
299,Mark,Solis,1949-03-17,sha256_000298,user298@example.com,555-943-5891,2011-10-20,A,STUDENT,297,2026-06-29 19:53:29.717929,2026-06-29 19:53:29.717929
300,Samantha,Davis,1982-11-27,sha256_000299,user299@example.com,555-875-9022,2023-11-26,A,DIGITAL,229,2026-06-29 19:53:29.717929,2026-06-29 19:53:29.717929
301,Brianna,Warren,1998-01-26,sha256_000300,user300@example.com,555-751-8935,2015-02-13,A,MASS,171,2026-06-29 19:53:29.717929,2026-06-29 19:53:29.717929
302,Matthew,Cook,1968-01-03,sha256_000301,user301@example.com,555-765-9903,2016-02-13,A,WEALTH,234,2026-06-29 19:53:29.717929,2026-06-29 19:53:29.717929
303,Daniel,Hicks,1952-10-03,sha256_000302,user302@example.com,555-529-4090,2019-02-08,A,SMALL_BIZ,123,2026-06-29 19:53:29.717929,2026-06-29 19:53:29.717929
304,Jessica,Fuentes,2002-03-09,sha256_000303,user303@example.com,555-785-7274,2016-09-13,A,DIGITAL,439,2026-06-29 19:53:29.717929,2026-06-29 19:53:29.717929
305,Dwayne,Gonzalez,1996-02-05,sha256_000304,user304@example.com,555-994-7730,2015-01-06,A,PREMIER,163,2026-06-29 19:53:29.717929,2026-06-29 19:53:29.717929
306,Diana,Thompson,1981-11-07,sha256_000305,user305@example.com,555-962-8749,2022-10-31,C,SMALL_BIZ,468,2026-06-29 19:53:29.717929,2026-06-29 19:53:29.717929
307,Karen,Wolf,1993-04-09,sha256_000306,user306@example.com,555-590-7325,2018-11-11,A,SMALL_BIZ,406,2026-06-29 19:53:29.717929,2026-06-29 19:53:29.717929
308,Anne,Reid,1971-07-27,sha256_000307,user307@example.com,555-867-3492,2025-04-11,A,WEALTH,494,2026-06-29 19:53:29.717929,2026-06-29 19:53:29.717929
309,Courtney,Hernandez,1983-05-02,sha256_000308,user308@example.com,555-237-3068,2024-05-20,A,STUDENT,495,2026-06-29 19:53:29.717929,2026-06-29 19:53:29.717929
310,Kevin,Hill,1946-01-25,sha256_000309,user309@example.com,555-804-6439,2018-02-01,A,PREMIER,448,2026-06-29 19:53:29.717929,2026-06-29 19:53:29.717929
311,Lance,Hayes,1945-04-03,sha256_000310,user310@example.com,555-650-2633,2019-01-22,A,STUDENT,467,2026-06-29 19:53:29.717929,2026-06-29 19:53:29.717929
312,Chase,Lin,1945-04-21,sha256_000311,user311@example.com,555-667-1251,2023-11-24,A,SMALL_BIZ,74,2026-06-29 19:53:29.717929,2026-06-29 19:53:29.717929
313,William,Ford,1998-10-17,sha256_000312,user312@example.com,555-619-3529,2020-08-31,A,PREMIER,241,2026-06-29 19:53:29.717929,2026-06-29 19:53:29.717929
314,Paula,Cole,1978-08-18,sha256_000313,user313@example.com,555-471-6546,2023-04-21,C,STUDENT,355,2026-06-29 19:53:29.717929,2026-06-29 19:53:29.717929
315,Marc,Alvarez,1995-10-01,sha256_000314,user314@example.com,555-607-2315,2021-03-19,I,MASS,437,2026-06-29 19:53:29.717929,2026-06-29 19:53:29.717929
316,Dale,Nolan,1951-08-07,sha256_000315,user315@example.com,555-890-9742,2012-05-31,A,WEALTH,489,2026-06-29 19:53:29.717929,2026-06-29 19:53:29.717929
317,William,Thompson,1964-07-02,sha256_000316,user316@example.com,555-524-8994,2022-02-23,A,STUDENT,19,2026-06-29 19:53:29.717929,2026-06-29 19:53:29.717929
318,Scott,Mills,1958-02-02,sha256_000317,user317@example.com,555-832-2121,2018-01-08,A,DIGITAL,324,2026-06-29 19:53:29.717929,2026-06-29 19:53:29.717929
319,Justin,Ortiz,1952-02-16,sha256_000318,user318@example.com,555-900-5708,2017-01-19,A,DIGITAL,383,2026-06-29 19:53:29.717929,2026-06-29 19:53:29.717929
320,Kristina,Holland,1964-02-29,sha256_000319,user319@example.com,555-292-8110,2020-05-29,A,PREMIER,390,2026-06-29 19:53:29.717929,2026-06-29 19:53:29.717929
321,Erika,Mitchell,1945-11-27,sha256_000320,user320@example.com,555-848-2646,2012-11-24,A,WEALTH,86,2026-06-29 19:53:29.717929,2026-06-29 19:53:29.717929
322,Rebecca,Marks,1989-12-24,sha256_000321,user321@example.com,555-910-5906,2021-04-14,A,PREMIER,24,2026-06-29 19:53:29.717929,2026-06-29 19:53:29.717929
323,Donald,Bailey,1963-10-29,sha256_000322,user322@example.com,555-532-1919,2020-03-08,A,MASS,184,2026-06-29 19:53:29.717929,2026-06-29 19:53:29.717929
324,Philip,Larson,2006-04-29,sha256_000323,user323@example.com,555-583-8056,2021-11-29,A,DIGITAL,126,2026-06-29 19:53:29.717929,2026-06-29 19:53:29.717929
325,Nicholas,Conner,2004-05-02,sha256_000324,user324@example.com,555-743-7751,2016-02-09,C,STUDENT,350,2026-06-29 19:53:29.717929,2026-06-29 19:53:29.717929
326,Maria,Rodgers,1995-12-22,sha256_000325,user325@example.com,555-384-3785,2021-06-27,A,DIGITAL,41,2026-06-29 19:53:29.717929,2026-06-29 19:53:29.717929
327,Debbie,Henderson,1987-05-31,sha256_000326,user326@example.com,555-824-7267,2019-05-06,A,STUDENT,350,2026-06-29 19:53:29.717929,2026-06-29 19:53:29.717929
328,Henry,Lewis,1965-09-25,sha256_000327,user327@example.com,555-446-9153,2016-11-24,A,STUDENT,74,2026-06-29 19:53:29.717929,2026-06-29 19:53:29.717929
329,Jeremy,Taylor,2004-12-25,sha256_000328,user328@example.com,555-437-8555,2018-09-29,A,SMALL_BIZ,131,2026-06-29 19:53:29.717929,2026-06-29 19:53:29.717929
330,Craig,Wise,1946-08-30,sha256_000329,user329@example.com,555-670-5183,2024-02-02,A,SMALL_BIZ,5,2026-06-29 19:53:29.717929,2026-06-29 19:53:29.717929
331,Benjamin,Rogers,1997-06-11,sha256_000330,user330@example.com,555-676-5712,2024-09-03,A,SMALL_BIZ,280,2026-06-29 19:53:29.717929,2026-06-29 19:53:29.717929
332,Nicholas,Martin,1992-10-31,sha256_000331,user331@example.com,555-361-2210,2013-06-12,A,WEALTH,484,2026-06-29 19:53:29.717929,2026-06-29 19:53:29.717929
333,Lisa,Martin,1997-03-10,sha256_000332,user332@example.com,555-553-5901,2022-12-29,A,SMALL_BIZ,493,2026-06-29 19:53:29.717929,2026-06-29 19:53:29.717929
334,Erica,Young,1970-10-25,sha256_000333,user333@example.com,555-634-5097,2017-08-14,A,WEALTH,433,2026-06-29 19:53:29.717929,2026-06-29 19:53:29.717929
335,Kaitlyn,Cole,1971-04-02,sha256_000334,user334@example.com,555-509-4263,2015-09-28,A,WEALTH,437,2026-06-29 19:53:29.717929,2026-06-29 19:53:29.717929
336,Lindsey,Harrison,1977-04-08,sha256_000335,user335@example.com,555-694-2747,2016-02-09,A,DIGITAL,196,2026-06-29 19:53:29.717929,2026-06-29 19:53:29.717929
337,Stacey,Joyce,1997-06-11,sha256_000336,user336@example.com,555-785-6881,2016-12-23,I,STUDENT,152,2026-06-29 19:53:29.717929,2026-06-29 19:53:29.717929
338,Patrick,Rose,1972-06-03,sha256_000337,user337@example.com,555-916-5837,2015-09-11,A,PREMIER,425,2026-06-29 19:53:29.717929,2026-06-29 19:53:29.717929
339,Laurie,Taylor,2006-03-25,sha256_000338,user338@example.com,555-874-7484,2023-09-05,A,MASS,5,2026-06-29 19:53:29.717929,2026-06-29 19:53:29.717929
340,Morgan,Spencer,1958-03-29,sha256_000339,user339@example.com,555-779-1803,2021-01-20,A,STUDENT,382,2026-06-29 19:53:29.717929,2026-06-29 19:53:29.717929
341,Melissa,Mitchell,1948-05-13,sha256_000340,user340@example.com,555-708-5689,2024-02-10,A,DIGITAL,311,2026-06-29 19:53:29.717929,2026-06-29 19:53:29.717929
342,Rebecca,Hernandez,1992-08-14,sha256_000341,user341@example.com,555-560-4588,2015-07-24,A,SMALL_BIZ,98,2026-06-29 19:53:29.717929,2026-06-29 19:53:29.717929
343,Jeffrey,Hayes,1970-10-20,sha256_000342,user342@example.com,555-835-5106,2025-08-11,A,SMALL_BIZ,387,2026-06-29 19:53:29.717929,2026-06-29 19:53:29.717929
344,Brian,Shaw,1964-11-29,sha256_000343,user343@example.com,555-938-3240,2011-11-21,A,SMALL_BIZ,50,2026-06-29 19:53:29.717929,2026-06-29 19:53:29.717929
345,Nicholas,Johnson,1957-04-15,sha256_000344,user344@example.com,555-842-1645,2026-04-30,A,MASS,404,2026-06-29 19:53:29.717929,2026-06-29 19:53:29.717929
346,Debra,Moody,2003-11-09,sha256_000345,user345@example.com,555-651-1546,2024-01-04,A,STUDENT,187,2026-06-29 19:53:29.717929,2026-06-29 19:53:29.717929
347,Maria,Horton,1950-09-17,sha256_000346,user346@example.com,555-949-3153,2015-10-09,A,PREMIER,466,2026-06-29 19:53:29.717929,2026-06-29 19:53:29.717929
348,Shane,Smith,1950-10-16,sha256_000347,user347@example.com,555-502-6352,2022-01-06,A,SMALL_BIZ,213,2026-06-29 19:53:29.717929,2026-06-29 19:53:29.717929
349,Mary,Dunn,1946-10-19,sha256_000348,user348@example.com,555-379-4289,2015-04-23,A,DIGITAL,403,2026-06-29 19:53:29.717929,2026-06-29 19:53:29.717929
350,Daniel,Roberts,1990-03-20,sha256_000349,user349@example.com,555-752-6994,2019-05-13,A,STUDENT,257,2026-06-29 19:53:29.717929,2026-06-29 19:53:29.717929
351,Robert,Bauer,1961-09-01,sha256_000350,user350@example.com,555-479-3695,2012-03-15,A,MASS,468,2026-06-29 19:53:29.717929,2026-06-29 19:53:29.717929
352,Rebecca,Carlson,1972-02-13,sha256_000351,user351@example.com,555-693-5835,2013-02-22,I,SMALL_BIZ,446,2026-06-29 19:53:29.717929,2026-06-29 19:53:29.717929
353,John,Thomas,1942-08-05,sha256_000352,user352@example.com,555-546-2886,2019-03-07,A,WEALTH,494,2026-06-29 19:53:29.717929,2026-06-29 19:53:29.717929
354,John,Butler,1970-04-01,sha256_000353,user353@example.com,555-277-3306,2020-08-30,A,DIGITAL,441,2026-06-29 19:53:29.717929,2026-06-29 19:53:29.717929
355,Theresa,Jones,1986-01-01,sha256_000354,user354@example.com,555-892-7511,2012-10-07,A,STUDENT,188,2026-06-29 19:53:29.717929,2026-06-29 19:53:29.717929
356,Vanessa,Spencer,1976-09-26,sha256_000355,user355@example.com,555-292-7464,2019-01-22,A,PREMIER,136,2026-06-29 19:53:29.717929,2026-06-29 19:53:29.717929
357,Cynthia,Zavala,1967-08-26,sha256_000356,user356@example.com,555-749-3024,2018-07-03,A,WEALTH,189,2026-06-29 19:53:29.717929,2026-06-29 19:53:29.717929
358,Kristina,Cooper,1958-06-27,sha256_000357,user357@example.com,555-888-5295,2011-09-25,A,STUDENT,196,2026-06-29 19:53:29.717929,2026-06-29 19:53:29.717929
359,Kelsey,Moss,1990-08-06,sha256_000358,user358@example.com,555-853-7086,2020-11-11,I,PREMIER,346,2026-06-29 19:53:29.717929,2026-06-29 19:53:29.717929
360,Amy,Li,1963-10-09,sha256_000359,user359@example.com,555-439-8724,2012-02-25,A,PREMIER,318,2026-06-29 19:53:29.717929,2026-06-29 19:53:29.717929
361,Steven,Dominguez,1953-03-22,sha256_000360,user360@example.com,555-774-6374,2023-02-11,A,STUDENT,114,2026-06-29 19:53:29.717929,2026-06-29 19:53:29.717929
362,Bryan,Parsons,1983-10-26,sha256_000361,user361@example.com,555-863-2035,2023-08-06,A,SMALL_BIZ,422,2026-06-29 19:53:29.717929,2026-06-29 19:53:29.717929
363,Bradley,Gonzalez,1972-02-26,sha256_000362,user362@example.com,555-675-5951,2015-11-13,A,SMALL_BIZ,210,2026-06-29 19:53:29.717929,2026-06-29 19:53:29.717929
364,Zachary,Hays,1944-04-19,sha256_000363,user363@example.com,555-319-3290,2025-05-31,A,PREMIER,485,2026-06-29 19:53:29.717929,2026-06-29 19:53:29.717929
365,Karen,Lee,1977-11-15,sha256_000364,user364@example.com,555-238-5986,2015-04-09,I,WEALTH,60,2026-06-29 19:53:29.717929,2026-06-29 19:53:29.717929
366,Michelle,Rivera,1965-05-29,sha256_000365,user365@example.com,555-299-4846,2023-02-20,A,STUDENT,70,2026-06-29 19:53:29.717929,2026-06-29 19:53:29.717929
367,Pamela,Paul,1949-10-31,sha256_000366,user366@example.com,555-597-8432,2016-12-24,C,MASS,344,2026-06-29 19:53:29.717929,2026-06-29 19:53:29.717929
368,Terri,Crawford,2001-06-06,sha256_000367,user367@example.com,555-960-9850,2017-04-04,I,WEALTH,301,2026-06-29 19:53:29.717929,2026-06-29 19:53:29.717929
369,April,Owen,1974-10-28,sha256_000368,user368@example.com,555-960-3531,2025-04-12,A,WEALTH,336,2026-06-29 19:53:29.717929,2026-06-29 19:53:29.717929
370,Carrie,Short,1990-03-16,sha256_000369,user369@example.com,555-301-9017,2012-09-01,A,STUDENT,209,2026-06-29 19:53:29.717929,2026-06-29 19:53:29.717929
371,Christopher,Guerrero,1978-01-14,sha256_000370,user370@example.com,555-486-1536,2016-04-13,A,SMALL_BIZ,190,2026-06-29 19:53:29.717929,2026-06-29 19:53:29.717929
372,Ronald,Norris,1962-01-10,sha256_000371,user371@example.com,555-422-8264,2020-06-24,A,WEALTH,487,2026-06-29 19:53:29.717929,2026-06-29 19:53:29.717929
373,Molly,Gomez,1965-01-16,sha256_000372,user372@example.com,555-441-6942,2012-02-14,A,PREMIER,352,2026-06-29 19:53:29.717929,2026-06-29 19:53:29.717929
374,Tina,Gould,2008-05-13,sha256_000373,user373@example.com,555-576-9920,2015-08-03,A,SMALL_BIZ,184,2026-06-29 19:53:29.717929,2026-06-29 19:53:29.717929
375,Michael,Owen,1946-07-09,sha256_000374,user374@example.com,555-262-7523,2020-12-31,A,MASS,98,2026-06-29 19:53:29.717929,2026-06-29 19:53:29.717929
376,Douglas,Lawson,1987-01-04,sha256_000375,user375@example.com,555-325-8450,2025-09-14,A,PREMIER,340,2026-06-29 19:53:29.717929,2026-06-29 19:53:29.717929
377,Carlos,Osborne,1993-11-02,sha256_000376,user376@example.com,555-417-1349,2012-01-04,I,PREMIER,403,2026-06-29 19:53:29.717929,2026-06-29 19:53:29.717929
378,Ashley,Jacobs,1966-01-13,sha256_000377,user377@example.com,555-541-4990,2017-03-15,A,DIGITAL,403,2026-06-29 19:53:29.717929,2026-06-29 19:53:29.717929
379,Nathan,Hines,1986-12-27,sha256_000378,user378@example.com,555-778-4362,2025-08-24,A,PREMIER,425,2026-06-29 19:53:29.717929,2026-06-29 19:53:29.717929
380,Raymond,Banks,1979-12-11,sha256_000379,user379@example.com,555-983-4394,2019-05-23,A,STUDENT,111,2026-06-29 19:53:29.717929,2026-06-29 19:53:29.717929
381,Jill,Porter,1958-03-20,sha256_000380,user380@example.com,555-438-6383,2013-03-08,A,DIGITAL,404,2026-06-29 19:53:29.717929,2026-06-29 19:53:29.717929
382,Jose,Green,1967-06-02,sha256_000381,user381@example.com,555-810-1046,2019-11-14,A,MASS,440,2026-06-29 19:53:29.717929,2026-06-29 19:53:29.717929
383,Justin,Hendricks,1971-05-23,sha256_000382,user382@example.com,555-348-3129,2026-05-10,A,STUDENT,129,2026-06-29 19:53:29.717929,2026-06-29 19:53:29.717929
384,Melissa,Hayes,1974-05-27,sha256_000383,user383@example.com,555-378-2801,2013-04-27,I,SMALL_BIZ,444,2026-06-29 19:53:29.717929,2026-06-29 19:53:29.717929
385,Christopher,Fleming,2001-09-13,sha256_000384,user384@example.com,555-226-3159,2018-02-17,A,PREMIER,184,2026-06-29 19:53:29.717929,2026-06-29 19:53:29.717929
386,Michael,Brown,1998-02-20,sha256_000385,user385@example.com,555-443-6304,2016-04-04,A,PREMIER,90,2026-06-29 19:53:29.717929,2026-06-29 19:53:29.717929
387,Melissa,Joseph,1977-10-25,sha256_000386,user386@example.com,555-471-1858,2024-10-14,A,DIGITAL,380,2026-06-29 19:53:29.717929,2026-06-29 19:53:29.717929
388,Laura,Hicks,2003-08-15,sha256_000387,user387@example.com,555-631-9619,2021-01-01,A,PREMIER,382,2026-06-29 19:53:29.717929,2026-06-29 19:53:29.717929
389,Dominic,Tyler,1949-08-15,sha256_000388,user388@example.com,555-265-8802,2014-06-28,A,WEALTH,399,2026-06-29 19:53:29.717929,2026-06-29 19:53:29.717929
390,Miguel,Lara,1943-04-03,sha256_000389,user389@example.com,555-570-9408,2019-10-03,A,STUDENT,56,2026-06-29 19:53:29.717929,2026-06-29 19:53:29.717929
391,Christopher,Parker,1978-06-14,sha256_000390,user390@example.com,555-662-9254,2020-08-14,C,DIGITAL,485,2026-06-29 19:53:29.717929,2026-06-29 19:53:29.717929
392,Alicia,Hammond,2008-06-18,sha256_000391,user391@example.com,555-829-1710,2022-03-20,A,SMALL_BIZ,402,2026-06-29 19:53:29.717929,2026-06-29 19:53:29.717929
393,Teresa,Day,1996-08-26,sha256_000392,user392@example.com,555-874-9543,2012-08-03,A,MASS,235,2026-06-29 19:53:29.717929,2026-06-29 19:53:29.717929
394,Melvin,Humphrey,1971-08-22,sha256_000393,user393@example.com,555-858-1510,2021-08-20,A,PREMIER,246,2026-06-29 19:53:29.717929,2026-06-29 19:53:29.717929
395,Hunter,Burch,1993-10-07,sha256_000394,user394@example.com,555-611-7984,2021-01-13,A,SMALL_BIZ,56,2026-06-29 19:53:29.717929,2026-06-29 19:53:29.717929
396,Brian,Martinez,1970-06-23,sha256_000395,user395@example.com,555-702-8267,2025-01-28,I,PREMIER,461,2026-06-29 19:53:29.717929,2026-06-29 19:53:29.717929
397,Marcus,Fletcher,1951-09-29,sha256_000396,user396@example.com,555-282-6277,2013-12-12,I,STUDENT,76,2026-06-29 19:53:29.717929,2026-06-29 19:53:29.717929
398,Patty,Singleton,1964-09-03,sha256_000397,user397@example.com,555-267-3067,2025-07-11,A,MASS,320,2026-06-29 19:53:29.717929,2026-06-29 19:53:29.717929
399,Andrea,Martinez,1958-04-13,sha256_000398,user398@example.com,555-848-9984,2020-12-18,A,SMALL_BIZ,167,2026-06-29 19:53:29.717929,2026-06-29 19:53:29.717929
400,Wayne,Jackson,1961-10-12,sha256_000399,user399@example.com,555-590-9692,2019-06-13,A,MASS,233,2026-06-29 19:53:29.717929,2026-06-29 19:53:29.717929
401,Donna,Le,2004-07-30,sha256_000400,user400@example.com,555-717-8048,2013-10-16,A,PREMIER,407,2026-06-29 19:53:29.717929,2026-06-29 19:53:29.717929
402,Anne,Bryan,1982-01-13,sha256_000401,user401@example.com,555-918-2874,2024-01-22,I,SMALL_BIZ,334,2026-06-29 19:53:29.717929,2026-06-29 19:53:29.717929
403,Darlene,Ray,1943-05-24,sha256_000402,user402@example.com,555-987-4522,2012-03-02,A,WEALTH,232,2026-06-29 19:53:29.717929,2026-06-29 19:53:29.717929
404,Robert,Fowler,1985-02-11,sha256_000403,user403@example.com,555-433-7779,2022-12-07,I,MASS,424,2026-06-29 19:53:29.717929,2026-06-29 19:53:29.717929
405,Keith,Frye,1974-11-10,sha256_000404,user404@example.com,555-664-7532,2020-11-05,A,WEALTH,374,2026-06-29 19:53:29.717929,2026-06-29 19:53:29.717929
406,Gail,Evans,1973-11-06,sha256_000405,user405@example.com,555-297-6120,2023-06-30,I,WEALTH,161,2026-06-29 19:53:29.717929,2026-06-29 19:53:29.717929
407,Scott,Washington,1946-05-19,sha256_000406,user406@example.com,555-881-5176,2012-05-20,A,MASS,489,2026-06-29 19:53:29.717929,2026-06-29 19:53:29.717929
408,Larry,Higgins,1955-02-28,sha256_000407,user407@example.com,555-356-8770,2020-07-16,A,PREMIER,47,2026-06-29 19:53:29.717929,2026-06-29 19:53:29.717929
409,Theresa,Anderson,1990-09-06,sha256_000408,user408@example.com,555-287-2527,2024-05-01,I,WEALTH,50,2026-06-29 19:53:29.717929,2026-06-29 19:53:29.717929
410,Luis,Owens,1966-04-26,sha256_000409,user409@example.com,555-962-7105,2019-11-14,A,DIGITAL,285,2026-06-29 19:53:29.717929,2026-06-29 19:53:29.717929
411,Colin,Roberts,1959-05-31,sha256_000410,user410@example.com,555-261-6400,2015-03-10,A,SMALL_BIZ,63,2026-06-29 19:53:29.717929,2026-06-29 19:53:29.717929
412,John,Grimes,1967-03-25,sha256_000411,user411@example.com,555-620-6793,2020-09-02,C,SMALL_BIZ,482,2026-06-29 19:53:29.717929,2026-06-29 19:53:29.717929
413,Becky,Edwards,1952-03-11,sha256_000412,user412@example.com,555-968-7929,2016-05-17,C,SMALL_BIZ,27,2026-06-29 19:53:29.717929,2026-06-29 19:53:29.717929
414,Xavier,Jimenez,1992-08-14,sha256_000413,user413@example.com,555-494-6119,2018-12-04,A,MASS,54,2026-06-29 19:53:29.717929,2026-06-29 19:53:29.717929
415,Sierra,Wagner,1962-03-01,sha256_000414,user414@example.com,555-791-9313,2011-11-02,A,DIGITAL,80,2026-06-29 19:53:29.717929,2026-06-29 19:53:29.717929
416,Michael,Williams,2006-04-04,sha256_000415,user415@example.com,555-872-8900,2014-09-13,A,DIGITAL,434,2026-06-29 19:53:29.717929,2026-06-29 19:53:29.717929
417,Destiny,Ruiz,1974-08-25,sha256_000416,user416@example.com,555-310-6736,2024-08-26,A,STUDENT,189,2026-06-29 19:53:29.717929,2026-06-29 19:53:29.717929
418,Ryan,Khan,1977-06-13,sha256_000417,user417@example.com,555-317-5564,2024-02-17,A,STUDENT,116,2026-06-29 19:53:29.717929,2026-06-29 19:53:29.717929
419,Michael,Morales,1990-03-26,sha256_000418,user418@example.com,555-639-1430,2022-11-20,A,STUDENT,476,2026-06-29 19:53:29.717929,2026-06-29 19:53:29.717929
420,Angela,Jones,1979-09-13,sha256_000419,user419@example.com,555-873-5381,2014-05-24,A,PREMIER,93,2026-06-29 19:53:29.717929,2026-06-29 19:53:29.717929
421,Joshua,Hays,1975-04-11,sha256_000420,user420@example.com,555-479-6062,2022-11-23,A,MASS,180,2026-06-29 19:53:29.717929,2026-06-29 19:53:29.717929
422,Theresa,Long,1987-01-29,sha256_000421,user421@example.com,555-206-3972,2013-04-06,A,DIGITAL,290,2026-06-29 19:53:29.717929,2026-06-29 19:53:29.717929
423,Sheila,Fischer,1994-09-30,sha256_000422,user422@example.com,555-873-7566,2016-07-19,A,PREMIER,73,2026-06-29 19:53:29.717929,2026-06-29 19:53:29.717929
424,Vincent,Williams,1954-10-30,sha256_000423,user423@example.com,555-958-1502,2019-02-01,A,PREMIER,383,2026-06-29 19:53:29.717929,2026-06-29 19:53:29.717929
425,Thomas,Bryant,1950-09-03,sha256_000424,user424@example.com,555-743-4524,2016-06-16,A,WEALTH,215,2026-06-29 19:53:29.717929,2026-06-29 19:53:29.717929
426,Mark,Austin,1982-02-09,sha256_000425,user425@example.com,555-664-6585,2019-03-07,A,DIGITAL,190,2026-06-29 19:53:29.717929,2026-06-29 19:53:29.717929
427,Jodi,Evans,1952-05-18,sha256_000426,user426@example.com,555-519-6314,2026-04-08,A,STUDENT,306,2026-06-29 19:53:29.717929,2026-06-29 19:53:29.717929
428,Amanda,Erickson,1964-01-11,sha256_000427,user427@example.com,555-286-1861,2023-11-06,I,DIGITAL,81,2026-06-29 19:53:29.717929,2026-06-29 19:53:29.717929
429,Micheal,Nunez,1961-07-30,sha256_000428,user428@example.com,555-972-1815,2023-08-30,A,SMALL_BIZ,42,2026-06-29 19:53:29.717929,2026-06-29 19:53:29.717929
430,Laura,Swanson,2007-02-22,sha256_000429,user429@example.com,555-478-8259,2020-03-13,A,SMALL_BIZ,218,2026-06-29 19:53:29.717929,2026-06-29 19:53:29.717929
431,Thomas,Coffey,1987-08-04,sha256_000430,user430@example.com,555-697-8242,2011-11-21,A,WEALTH,140,2026-06-29 19:53:29.717929,2026-06-29 19:53:29.717929
432,Becky,Griffith,1993-12-11,sha256_000431,user431@example.com,555-420-9394,2023-01-26,A,PREMIER,177,2026-06-29 19:53:29.717929,2026-06-29 19:53:29.717929
433,Cristina,Harvey,1980-08-02,sha256_000432,user432@example.com,555-640-2816,2014-01-13,A,MASS,348,2026-06-29 19:53:29.717929,2026-06-29 19:53:29.717929
434,Erin,Johnson,1997-11-06,sha256_000433,user433@example.com,555-894-8972,2013-09-11,A,STUDENT,342,2026-06-29 19:53:29.717929,2026-06-29 19:53:29.717929
435,Andrew,Edwards,2005-01-07,sha256_000434,user434@example.com,555-515-1744,2013-02-16,A,DIGITAL,203,2026-06-29 19:53:29.717929,2026-06-29 19:53:29.717929
436,Robert,Hampton,1951-08-21,sha256_000435,user435@example.com,555-813-1897,2021-10-16,A,PREMIER,105,2026-06-29 19:53:29.717929,2026-06-29 19:53:29.717929
437,Jill,Brown,2003-03-02,sha256_000436,user436@example.com,555-508-4460,2024-07-05,A,DIGITAL,392,2026-06-29 19:53:29.717929,2026-06-29 19:53:29.717929
438,Mark,Bates,1950-09-29,sha256_000437,user437@example.com,555-461-5742,2014-08-01,I,MASS,62,2026-06-29 19:53:29.717929,2026-06-29 19:53:29.717929
439,Glen,Barr,1976-09-11,sha256_000438,user438@example.com,555-207-9149,2016-03-03,A,SMALL_BIZ,221,2026-06-29 19:53:29.717929,2026-06-29 19:53:29.717929
440,Kelsey,Le,1964-06-05,sha256_000439,user439@example.com,555-379-3116,2016-10-10,A,WEALTH,273,2026-06-29 19:53:29.717929,2026-06-29 19:53:29.717929
441,Chelsea,Lee,1984-08-04,sha256_000440,user440@example.com,555-920-4770,2021-10-31,A,STUDENT,287,2026-06-29 19:53:29.717929,2026-06-29 19:53:29.717929
442,Jeffrey,Dudley,1958-01-03,sha256_000441,user441@example.com,555-884-6802,2019-10-26,C,PREMIER,204,2026-06-29 19:53:29.717929,2026-06-29 19:53:29.717929
443,Jared,Bush,1961-06-06,sha256_000442,user442@example.com,555-959-1693,2015-10-20,A,WEALTH,10,2026-06-29 19:53:29.717929,2026-06-29 19:53:29.717929
444,Sarah,Pope,1962-09-25,sha256_000443,user443@example.com,555-670-2275,2016-09-10,A,MASS,295,2026-06-29 19:53:29.717929,2026-06-29 19:53:29.717929
445,Erica,James,1959-10-24,sha256_000444,user444@example.com,555-639-7626,2013-04-23,A,SMALL_BIZ,328,2026-06-29 19:53:29.717929,2026-06-29 19:53:29.717929
446,Stephanie,Ballard,2007-02-28,sha256_000445,user445@example.com,555-627-5743,2023-09-13,I,PREMIER,208,2026-06-29 19:53:29.717929,2026-06-29 19:53:29.717929
447,Jennifer,Reed,1960-12-13,sha256_000446,user446@example.com,555-221-6321,2015-10-13,C,DIGITAL,411,2026-06-29 19:53:29.717929,2026-06-29 19:53:29.717929
448,Timothy,Harris,1971-02-17,sha256_000447,user447@example.com,555-832-8538,2015-04-26,A,SMALL_BIZ,471,2026-06-29 19:53:29.717929,2026-06-29 19:53:29.717929
449,Heather,Taylor,1977-07-29,sha256_000448,user448@example.com,555-570-2443,2025-05-30,A,WEALTH,433,2026-06-29 19:53:29.717929,2026-06-29 19:53:29.717929
450,John,Santiago,1982-09-28,sha256_000449,user449@example.com,555-308-4986,2020-03-30,A,WEALTH,302,2026-06-29 19:53:29.717929,2026-06-29 19:53:29.717929
451,Brian,Gutierrez,1977-01-26,sha256_000450,user450@example.com,555-610-9584,2021-01-03,A,PREMIER,203,2026-06-29 19:53:29.717929,2026-06-29 19:53:29.717929
452,Kelli,Smith,1989-07-21,sha256_000451,user451@example.com,555-517-6562,2012-12-27,A,DIGITAL,171,2026-06-29 19:53:29.717929,2026-06-29 19:53:29.717929
453,Richard,Donovan,1978-05-13,sha256_000452,user452@example.com,555-997-3754,2025-05-08,A,PREMIER,262,2026-06-29 19:53:29.717929,2026-06-29 19:53:29.717929
454,James,Maynard,2000-05-05,sha256_000453,user453@example.com,555-848-2868,2018-08-12,I,STUDENT,262,2026-06-29 19:53:29.717929,2026-06-29 19:53:29.717929
455,Rebecca,Davis,1963-01-04,sha256_000454,user454@example.com,555-398-6724,2021-02-15,A,MASS,373,2026-06-29 19:53:29.717929,2026-06-29 19:53:29.717929
456,Jennifer,Zuniga,1979-12-16,sha256_000455,user455@example.com,555-860-3419,2019-06-23,A,DIGITAL,53,2026-06-29 19:53:29.717929,2026-06-29 19:53:29.717929
457,Nicole,Thompson,2002-09-04,sha256_000456,user456@example.com,555-349-5193,2014-02-06,A,DIGITAL,89,2026-06-29 19:53:29.717929,2026-06-29 19:53:29.717929
458,Randy,Simpson,2003-02-08,sha256_000457,user457@example.com,555-816-3504,2026-05-14,A,SMALL_BIZ,39,2026-06-29 19:53:29.717929,2026-06-29 19:53:29.717929
459,Sara,Mcdowell,2004-03-29,sha256_000458,user458@example.com,555-381-9095,2025-11-04,A,WEALTH,387,2026-06-29 19:53:29.717929,2026-06-29 19:53:29.717929
460,Daniel,Bird,1942-02-10,sha256_000459,user459@example.com,555-777-8354,2019-12-18,A,SMALL_BIZ,474,2026-06-29 19:53:29.717929,2026-06-29 19:53:29.717929
461,Amy,Snyder,1960-07-22,sha256_000460,user460@example.com,555-778-6295,2026-03-31,A,SMALL_BIZ,162,2026-06-29 19:53:29.717929,2026-06-29 19:53:29.717929
462,Taylor,Lee,2004-05-16,sha256_000461,user461@example.com,555-354-8205,2024-03-09,A,PREMIER,241,2026-06-29 19:53:29.717929,2026-06-29 19:53:29.717929
463,Stephen,Scott,1949-01-14,sha256_000462,user462@example.com,555-652-5961,2013-11-30,A,MASS,303,2026-06-29 19:53:29.717929,2026-06-29 19:53:29.717929
464,Krystal,Bradley,1953-12-19,sha256_000463,user463@example.com,555-257-6766,2022-06-24,A,STUDENT,38,2026-06-29 19:53:29.717929,2026-06-29 19:53:29.717929
465,Melissa,Prince,1992-03-24,sha256_000464,user464@example.com,555-517-8565,2014-02-09,C,WEALTH,20,2026-06-29 19:53:29.717929,2026-06-29 19:53:29.717929
466,Christopher,Caldwell,1996-11-24,sha256_000465,user465@example.com,555-258-7041,2019-03-06,A,MASS,40,2026-06-29 19:53:29.717929,2026-06-29 19:53:29.717929
467,Marcus,Wright,1953-11-14,sha256_000466,user466@example.com,555-860-2479,2013-08-03,A,STUDENT,305,2026-06-29 19:53:29.717929,2026-06-29 19:53:29.717929
468,Karen,Finley,1958-12-18,sha256_000467,user467@example.com,555-719-7299,2015-01-02,I,WEALTH,298,2026-06-29 19:53:29.717929,2026-06-29 19:53:29.717929
469,Alexander,Valdez,1961-09-20,sha256_000468,user468@example.com,555-767-1672,2022-04-10,A,WEALTH,466,2026-06-29 19:53:29.717929,2026-06-29 19:53:29.717929
470,David,Parker,1987-11-27,sha256_000469,user469@example.com,555-785-4084,2012-06-01,C,MASS,310,2026-06-29 19:53:29.717929,2026-06-29 19:53:29.717929
471,Paula,Padilla,1968-08-26,sha256_000470,user470@example.com,555-687-9214,2018-12-27,A,DIGITAL,491,2026-06-29 19:53:29.717929,2026-06-29 19:53:29.717929
472,Sabrina,Phillips,1962-04-29,sha256_000471,user471@example.com,555-263-8381,2013-03-29,C,PREMIER,416,2026-06-29 19:53:29.717929,2026-06-29 19:53:29.717929
473,Dennis,Hernandez,1982-09-02,sha256_000472,user472@example.com,555-551-2381,2014-10-05,A,STUDENT,331,2026-06-29 19:53:29.717929,2026-06-29 19:53:29.717929
474,Robert,Dunn,1991-08-03,sha256_000473,user473@example.com,555-376-1641,2020-07-11,I,DIGITAL,363,2026-06-29 19:53:29.717929,2026-06-29 19:53:29.717929
475,Elizabeth,Robinson,1973-01-13,sha256_000474,user474@example.com,555-648-8199,2019-07-05,A,STUDENT,268,2026-06-29 19:53:29.717929,2026-06-29 19:53:29.717929
476,Morgan,Miller,1958-01-26,sha256_000475,user475@example.com,555-824-3600,2022-10-01,C,MASS,191,2026-06-29 19:53:29.717929,2026-06-29 19:53:29.717929
477,Christian,Elliott,1971-06-04,sha256_000476,user476@example.com,555-489-7347,2021-12-27,A,WEALTH,397,2026-06-29 19:53:29.717929,2026-06-29 19:53:29.717929
478,William,Armstrong,1945-08-18,sha256_000477,user477@example.com,555-546-1857,2019-08-30,A,SMALL_BIZ,332,2026-06-29 19:53:29.717929,2026-06-29 19:53:29.717929
479,Abigail,Wilson,1951-07-14,sha256_000478,user478@example.com,555-542-2079,2016-05-20,C,MASS,49,2026-06-29 19:53:29.717929,2026-06-29 19:53:29.717929
480,Christopher,Dixon,1955-04-03,sha256_000479,user479@example.com,555-771-7333,2020-03-10,A,MASS,130,2026-06-29 19:53:29.717929,2026-06-29 19:53:29.717929
481,William,Bryant,1995-09-03,sha256_000480,user480@example.com,555-941-3463,2018-04-03,A,MASS,42,2026-06-29 19:53:29.717929,2026-06-29 19:53:29.717929
482,Lindsay,Cummings,1945-05-11,sha256_000481,user481@example.com,555-796-3317,2018-05-22,A,MASS,159,2026-06-29 19:53:29.717929,2026-06-29 19:53:29.717929
483,Julie,Lane,1968-01-08,sha256_000482,user482@example.com,555-871-7421,2023-09-02,A,DIGITAL,305,2026-06-29 19:53:29.717929,2026-06-29 19:53:29.717929
484,Bryce,Mcknight,1944-07-11,sha256_000483,user483@example.com,555-925-2388,2016-08-18,A,MASS,287,2026-06-29 19:53:29.717929,2026-06-29 19:53:29.717929
485,Sarah,Johnson,2004-02-09,sha256_000484,user484@example.com,555-585-6381,2012-07-09,A,DIGITAL,344,2026-06-29 19:53:29.717929,2026-06-29 19:53:29.717929
486,Katie,Good,1968-11-19,sha256_000485,user485@example.com,555-919-9624,2022-12-18,I,PREMIER,331,2026-06-29 19:53:29.717929,2026-06-29 19:53:29.717929
487,Victoria,Reyes,1984-10-06,sha256_000486,user486@example.com,555-886-7937,2017-10-05,A,STUDENT,186,2026-06-29 19:53:29.717929,2026-06-29 19:53:29.717929
488,Nicholas,Vega,1999-10-03,sha256_000487,user487@example.com,555-218-6940,2025-01-06,A,MASS,93,2026-06-29 19:53:29.717929,2026-06-29 19:53:29.717929
489,Desiree,Bailey,1985-10-30,sha256_000488,user488@example.com,555-419-6598,2019-07-15,C,WEALTH,99,2026-06-29 19:53:29.717929,2026-06-29 19:53:29.717929
490,Allison,Luna,1953-06-13,sha256_000489,user489@example.com,555-431-3253,2019-07-04,I,DIGITAL,40,2026-06-29 19:53:29.717929,2026-06-29 19:53:29.717929
491,Andrew,Evans,1956-05-30,sha256_000490,user490@example.com,555-502-2657,2011-07-17,A,STUDENT,395,2026-06-29 19:53:29.717929,2026-06-29 19:53:29.717929
492,Amanda,Morrow,1986-08-13,sha256_000491,user491@example.com,555-752-9626,2019-08-12,A,PREMIER,339,2026-06-29 19:53:29.717929,2026-06-29 19:53:29.717929
493,Joshua,Pineda,1958-01-27,sha256_000492,user492@example.com,555-544-3147,2016-08-27,A,STUDENT,193,2026-06-29 19:53:29.717929,2026-06-29 19:53:29.717929
494,Lisa,Barnes,1990-01-25,sha256_000493,user493@example.com,555-357-3658,2013-03-04,A,DIGITAL,426,2026-06-29 19:53:29.717929,2026-06-29 19:53:29.717929
495,Alexis,Harris,1992-10-25,sha256_000494,user494@example.com,555-909-3712,2024-09-03,A,SMALL_BIZ,225,2026-06-29 19:53:29.717929,2026-06-29 19:53:29.717929
496,Carla,Warner,1948-04-02,sha256_000495,user495@example.com,555-244-7731,2011-12-28,A,MASS,347,2026-06-29 19:53:29.717929,2026-06-29 19:53:29.717929
497,Richard,Young,1944-10-02,sha256_000496,user496@example.com,555-936-4891,2022-07-16,A,WEALTH,313,2026-06-29 19:53:29.717929,2026-06-29 19:53:29.717929
498,Brian,Gordon,1956-01-18,sha256_000497,user497@example.com,555-491-8355,2024-05-17,A,DIGITAL,274,2026-06-29 19:53:29.717929,2026-06-29 19:53:29.717929
499,Jessica,Flores,1960-11-14,sha256_000498,user498@example.com,555-444-6070,2023-08-30,C,WEALTH,463,2026-06-29 19:53:29.717929,2026-06-29 19:53:29.717929
500,Malik,Turner,1981-07-20,sha256_000499,user499@example.com,555-398-7026,2021-07-10,C,SMALL_BIZ,485,2026-06-29 19:53:29.717929,2026-06-29 19:53:29.717929
501,Jeffrey,Turner,1951-02-02,sha256_000500,user500@example.com,555-784-8218,2021-05-04,A,WEALTH,394,2026-06-29 19:53:29.717929,2026-06-29 19:53:29.717929
502,Nichole,Buck,1945-07-29,sha256_000501,user501@example.com,555-488-7256,2025-08-22,A,STUDENT,271,2026-06-29 19:53:29.717929,2026-06-29 19:53:29.717929
503,Tyler,Compton,1983-06-07,sha256_000502,user502@example.com,555-628-3655,2017-11-11,A,DIGITAL,411,2026-06-29 19:53:29.717929,2026-06-29 19:53:29.717929
504,Kristi,Flores,2004-07-29,sha256_000503,user503@example.com,555-819-3267,2021-07-04,A,MASS,27,2026-06-29 19:53:29.717929,2026-06-29 19:53:29.717929
505,Nicholas,Webster,1969-05-20,sha256_000504,user504@example.com,555-856-8873,2013-09-19,A,MASS,284,2026-06-29 19:53:29.717929,2026-06-29 19:53:29.717929
506,Kevin,Zimmerman,1973-03-20,sha256_000505,user505@example.com,555-305-9452,2024-02-29,A,PREMIER,146,2026-06-29 19:53:29.717929,2026-06-29 19:53:29.717929
507,Anna,Faulkner,1995-06-24,sha256_000506,user506@example.com,555-285-3626,2025-02-19,I,MASS,231,2026-06-29 19:53:29.717929,2026-06-29 19:53:29.717929
508,John,Harris,1978-10-30,sha256_000507,user507@example.com,555-725-3414,2013-06-28,I,WEALTH,47,2026-06-29 19:53:29.717929,2026-06-29 19:53:29.717929
509,Melanie,Davis,1984-10-26,sha256_000508,user508@example.com,555-427-8391,2025-04-01,I,MASS,477,2026-06-29 19:53:29.717929,2026-06-29 19:53:29.717929
510,Joseph,Nunez,1990-01-14,sha256_000509,user509@example.com,555-227-7797,2014-05-01,A,PREMIER,203,2026-06-29 19:53:29.717929,2026-06-29 19:53:29.717929
511,Jacob,Gill,1981-11-20,sha256_000510,user510@example.com,555-714-7126,2024-07-10,A,DIGITAL,198,2026-06-29 19:53:29.717929,2026-06-29 19:53:29.717929
512,Timothy,Booth,1990-01-07,sha256_000511,user511@example.com,555-283-7142,2019-10-30,A,DIGITAL,15,2026-06-29 19:53:29.717929,2026-06-29 19:53:29.717929
513,Alexis,Giles,1963-10-19,sha256_000512,user512@example.com,555-526-2623,2025-10-07,I,SMALL_BIZ,333,2026-06-29 19:53:29.717929,2026-06-29 19:53:29.717929
514,Yvonne,Mendoza,2005-12-12,sha256_000513,user513@example.com,555-543-3392,2013-03-29,I,DIGITAL,20,2026-06-29 19:53:29.717929,2026-06-29 19:53:29.717929
515,James,Herman,1957-09-29,sha256_000514,user514@example.com,555-493-8740,2020-07-04,A,SMALL_BIZ,426,2026-06-29 19:53:29.717929,2026-06-29 19:53:29.717929
516,Oscar,Ferguson,1978-06-24,sha256_000515,user515@example.com,555-342-8685,2023-01-22,A,WEALTH,316,2026-06-29 19:53:29.717929,2026-06-29 19:53:29.717929
517,William,Crawford,1965-07-24,sha256_000516,user516@example.com,555-205-2298,2015-05-24,A,PREMIER,132,2026-06-29 19:53:29.717929,2026-06-29 19:53:29.717929
518,Terrance,Franco,1948-02-06,sha256_000517,user517@example.com,555-420-3449,2026-02-17,A,STUDENT,482,2026-06-29 19:53:29.717929,2026-06-29 19:53:29.717929
519,Robert,Hart,2002-10-01,sha256_000518,user518@example.com,555-944-9647,2017-01-07,C,WEALTH,57,2026-06-29 19:53:29.717929,2026-06-29 19:53:29.717929
520,Jose,Donovan,1956-04-25,sha256_000519,user519@example.com,555-994-5720,2013-09-01,A,DIGITAL,155,2026-06-29 19:53:29.717929,2026-06-29 19:53:29.717929
521,Elijah,Rivera,1980-04-17,sha256_000520,user520@example.com,555-324-1782,2017-09-20,A,DIGITAL,215,2026-06-29 19:53:29.717929,2026-06-29 19:53:29.717929
522,Victor,Pena,1966-12-10,sha256_000521,user521@example.com,555-854-8489,2023-12-03,A,PREMIER,57,2026-06-29 19:53:29.717929,2026-06-29 19:53:29.717929
523,Lorraine,Levy,1987-05-17,sha256_000522,user522@example.com,555-711-9782,2015-05-01,C,PREMIER,324,2026-06-29 19:53:29.717929,2026-06-29 19:53:29.717929
524,Gary,Norton,1984-06-25,sha256_000523,user523@example.com,555-727-4963,2018-10-23,I,SMALL_BIZ,74,2026-06-29 19:53:29.717929,2026-06-29 19:53:29.717929
525,Tracy,Stark,1952-10-31,sha256_000524,user524@example.com,555-498-8032,2022-03-27,I,PREMIER,315,2026-06-29 19:53:29.717929,2026-06-29 19:53:29.717929
526,Brian,Johnson,1977-10-24,sha256_000525,user525@example.com,555-561-4941,2021-01-24,A,STUDENT,214,2026-06-29 19:53:29.717929,2026-06-29 19:53:29.717929
527,Elizabeth,Duran,1998-03-21,sha256_000526,user526@example.com,555-391-2402,2025-08-04,A,STUDENT,500,2026-06-29 19:53:29.717929,2026-06-29 19:53:29.717929
528,Jesse,Mann,1969-02-13,sha256_000527,user527@example.com,555-569-2108,2024-01-23,A,STUDENT,279,2026-06-29 19:53:29.717929,2026-06-29 19:53:29.717929
529,Nathaniel,Williamson,1942-02-07,sha256_000528,user528@example.com,555-719-9316,2019-01-13,A,STUDENT,11,2026-06-29 19:53:29.717929,2026-06-29 19:53:29.717929
530,Timothy,Freeman,1986-03-01,sha256_000529,user529@example.com,555-599-8702,2020-09-08,I,PREMIER,326,2026-06-29 19:53:29.717929,2026-06-29 19:53:29.717929
531,Alexander,Moreno,1941-12-07,sha256_000530,user530@example.com,555-596-7116,2019-09-20,A,MASS,383,2026-06-29 19:53:29.717929,2026-06-29 19:53:29.717929
532,Andre,Li,1959-11-25,sha256_000531,user531@example.com,555-216-6850,2026-01-27,C,PREMIER,177,2026-06-29 19:53:29.717929,2026-06-29 19:53:29.717929
533,Renee,Rodriguez,1986-08-26,sha256_000532,user532@example.com,555-446-2698,2023-07-08,C,STUDENT,377,2026-06-29 19:53:29.717929,2026-06-29 19:53:29.717929
534,James,Fox,1947-12-11,sha256_000533,user533@example.com,555-974-6447,2013-09-17,A,DIGITAL,23,2026-06-29 19:53:29.717929,2026-06-29 19:53:29.717929
535,Randy,Watson,1996-02-10,sha256_000534,user534@example.com,555-560-9945,2015-06-24,A,MASS,417,2026-06-29 19:53:29.717929,2026-06-29 19:53:29.717929
536,Veronica,Perez,1968-09-10,sha256_000535,user535@example.com,555-858-3868,2019-12-02,I,SMALL_BIZ,238,2026-06-29 19:53:29.717929,2026-06-29 19:53:29.717929
537,Desiree,Garrison,1987-04-28,sha256_000536,user536@example.com,555-912-8840,2024-02-21,I,SMALL_BIZ,94,2026-06-29 19:53:29.717929,2026-06-29 19:53:29.717929
538,Nicholas,Tran,1992-05-19,sha256_000537,user537@example.com,555-338-2033,2012-11-19,A,SMALL_BIZ,398,2026-06-29 19:53:29.717929,2026-06-29 19:53:29.717929
539,George,Porter,1945-04-02,sha256_000538,user538@example.com,555-668-1605,2011-08-19,A,MASS,104,2026-06-29 19:53:29.717929,2026-06-29 19:53:29.717929
540,Ariel,Hodge,1970-07-25,sha256_000539,user539@example.com,555-244-4268,2023-03-12,A,PREMIER,162,2026-06-29 19:53:29.717929,2026-06-29 19:53:29.717929
541,Brad,Lewis,1947-11-18,sha256_000540,user540@example.com,555-517-9444,2019-05-15,C,WEALTH,418,2026-06-29 19:53:29.717929,2026-06-29 19:53:29.717929
542,Thomas,Williams,1999-08-27,sha256_000541,user541@example.com,555-756-8756,2024-09-24,A,MASS,19,2026-06-29 19:53:29.717929,2026-06-29 19:53:29.717929
543,Rachel,Elliott,1946-06-22,sha256_000542,user542@example.com,555-971-4131,2025-04-19,A,MASS,183,2026-06-29 19:53:29.717929,2026-06-29 19:53:29.717929
544,Leonard,Ali,1943-09-12,sha256_000543,user543@example.com,555-999-1783,2025-05-06,A,SMALL_BIZ,170,2026-06-29 19:53:29.717929,2026-06-29 19:53:29.717929
545,Jennifer,Sanders,1980-10-27,sha256_000544,user544@example.com,555-479-3039,2022-09-18,A,MASS,224,2026-06-29 19:53:29.717929,2026-06-29 19:53:29.717929
546,John,Davenport,1946-08-24,sha256_000545,user545@example.com,555-609-8204,2013-11-30,A,WEALTH,174,2026-06-29 19:53:29.717929,2026-06-29 19:53:29.717929
547,Martin,Campos,1967-07-26,sha256_000546,user546@example.com,555-391-9129,2024-11-12,A,SMALL_BIZ,255,2026-06-29 19:53:29.717929,2026-06-29 19:53:29.717929
548,Jennifer,Mason,1950-11-13,sha256_000547,user547@example.com,555-576-9507,2026-03-28,A,MASS,411,2026-06-29 19:53:29.717929,2026-06-29 19:53:29.717929
549,Samuel,Roberson,2006-10-08,sha256_000548,user548@example.com,555-284-7955,2012-04-16,A,PREMIER,221,2026-06-29 19:53:29.717929,2026-06-29 19:53:29.717929
550,Stephanie,Sanders,1964-04-23,sha256_000549,user549@example.com,555-816-3956,2022-12-18,A,STUDENT,151,2026-06-29 19:53:29.717929,2026-06-29 19:53:29.717929
551,Joshua,Riddle,1993-04-26,sha256_000550,user550@example.com,555-528-2680,2011-12-07,A,PREMIER,168,2026-06-29 19:53:29.717929,2026-06-29 19:53:29.717929
552,Shelley,Reynolds,1974-05-12,sha256_000551,user551@example.com,555-876-5843,2016-10-18,I,MASS,229,2026-06-29 19:53:29.717929,2026-06-29 19:53:29.717929
553,Christopher,Montgomery,1987-01-11,sha256_000552,user552@example.com,555-817-7981,2021-05-07,A,DIGITAL,354,2026-06-29 19:53:29.717929,2026-06-29 19:53:29.717929
554,Christopher,Moore,1994-12-17,sha256_000553,user553@example.com,555-654-6759,2022-02-16,A,WEALTH,22,2026-06-29 19:53:29.717929,2026-06-29 19:53:29.717929
555,Jodi,Stewart,1989-03-04,sha256_000554,user554@example.com,555-944-6776,2020-12-12,I,STUDENT,223,2026-06-29 19:53:29.717929,2026-06-29 19:53:29.717929
556,Kyle,Ward,1948-08-18,sha256_000555,user555@example.com,555-481-1939,2011-07-27,A,PREMIER,344,2026-06-29 19:53:29.717929,2026-06-29 19:53:29.717929
557,Jacob,Cole,1959-07-26,sha256_000556,user556@example.com,555-852-7655,2013-06-20,A,MASS,263,2026-06-29 19:53:29.717929,2026-06-29 19:53:29.717929
558,Anthony,Gomez,1978-08-29,sha256_000557,user557@example.com,555-967-3621,2017-07-30,A,PREMIER,74,2026-06-29 19:53:29.717929,2026-06-29 19:53:29.717929
559,Mark,Cruz,1947-09-23,sha256_000558,user558@example.com,555-822-8179,2020-05-30,A,PREMIER,65,2026-06-29 19:53:29.717929,2026-06-29 19:53:29.717929
560,Christopher,Santana,1961-01-16,sha256_000559,user559@example.com,555-268-4866,2017-04-11,A,SMALL_BIZ,188,2026-06-29 19:53:29.717929,2026-06-29 19:53:29.717929
561,Ashley,Jackson,2002-02-20,sha256_000560,user560@example.com,555-570-7272,2026-01-31,A,STUDENT,17,2026-06-29 19:53:29.717929,2026-06-29 19:53:29.717929
562,Kevin,Snyder,1966-12-31,sha256_000561,user561@example.com,555-819-3513,2013-07-24,A,SMALL_BIZ,231,2026-06-29 19:53:29.717929,2026-06-29 19:53:29.717929
563,Robert,Washington,1945-09-24,sha256_000562,user562@example.com,555-579-7095,2017-12-22,A,WEALTH,391,2026-06-29 19:53:29.717929,2026-06-29 19:53:29.717929
564,John,Weber,1946-08-24,sha256_000563,user563@example.com,555-278-3255,2015-03-31,A,STUDENT,188,2026-06-29 19:53:29.717929,2026-06-29 19:53:29.717929
565,Daniel,Torres,1981-04-11,sha256_000564,user564@example.com,555-607-6150,2014-05-29,A,SMALL_BIZ,143,2026-06-29 19:53:29.717929,2026-06-29 19:53:29.717929
566,Christine,Brock,2005-01-22,sha256_000565,user565@example.com,555-455-2858,2016-06-12,A,PREMIER,377,2026-06-29 19:53:29.717929,2026-06-29 19:53:29.717929
567,Lisa,Villarreal,1963-07-28,sha256_000566,user566@example.com,555-390-9176,2016-06-25,A,STUDENT,199,2026-06-29 19:53:29.717929,2026-06-29 19:53:29.717929
568,Malik,Valentine,2006-10-06,sha256_000567,user567@example.com,555-775-2929,2013-07-09,A,MASS,397,2026-06-29 19:53:29.717929,2026-06-29 19:53:29.717929
569,Tamara,Novak,1954-12-13,sha256_000568,user568@example.com,555-466-8311,2016-03-05,I,DIGITAL,314,2026-06-29 19:53:29.717929,2026-06-29 19:53:29.717929
570,Travis,Johnston,1961-01-07,sha256_000569,user569@example.com,555-492-9047,2021-11-09,A,DIGITAL,63,2026-06-29 19:53:29.717929,2026-06-29 19:53:29.717929
571,Lisa,Long,1957-09-25,sha256_000570,user570@example.com,555-338-2213,2017-02-06,A,WEALTH,89,2026-06-29 19:53:29.717929,2026-06-29 19:53:29.717929
572,Brittany,Gardner,1949-02-13,sha256_000571,user571@example.com,555-930-8292,2019-11-26,A,PREMIER,415,2026-06-29 19:53:29.717929,2026-06-29 19:53:29.717929
573,Stephanie,Murray,1987-03-02,sha256_000572,user572@example.com,555-898-6236,2019-09-12,A,SMALL_BIZ,178,2026-06-29 19:53:29.717929,2026-06-29 19:53:29.717929
574,Kelly,Schwartz,1988-12-13,sha256_000573,user573@example.com,555-926-2063,2018-01-12,A,STUDENT,278,2026-06-29 19:53:29.717929,2026-06-29 19:53:29.717929
575,Robert,Porter,1996-05-11,sha256_000574,user574@example.com,555-497-5914,2023-05-12,I,DIGITAL,365,2026-06-29 19:53:29.717929,2026-06-29 19:53:29.717929
576,Donna,Espinoza,1983-12-04,sha256_000575,user575@example.com,555-926-3852,2015-02-06,I,MASS,261,2026-06-29 19:53:29.717929,2026-06-29 19:53:29.717929
577,Vicki,Mendoza,1994-05-11,sha256_000576,user576@example.com,555-429-2988,2012-08-05,A,DIGITAL,406,2026-06-29 19:53:29.717929,2026-06-29 19:53:29.717929
578,Samantha,Holt,1968-05-06,sha256_000577,user577@example.com,555-342-4878,2019-01-18,I,WEALTH,14,2026-06-29 19:53:29.717929,2026-06-29 19:53:29.717929
579,Michael,Woodard,1977-11-30,sha256_000578,user578@example.com,555-569-7044,2023-04-15,A,WEALTH,412,2026-06-29 19:53:29.717929,2026-06-29 19:53:29.717929
580,Christopher,Mack,1977-06-18,sha256_000579,user579@example.com,555-764-3126,2021-01-04,A,STUDENT,453,2026-06-29 19:53:29.717929,2026-06-29 19:53:29.717929
581,Deborah,Williams,1985-07-20,sha256_000580,user580@example.com,555-288-2077,2016-10-14,A,MASS,204,2026-06-29 19:53:29.717929,2026-06-29 19:53:29.717929
582,Reginald,Goodwin,2007-05-23,sha256_000581,user581@example.com,555-934-8842,2021-08-06,C,STUDENT,211,2026-06-29 19:53:29.717929,2026-06-29 19:53:29.717929
583,Alex,Green,2006-03-12,sha256_000582,user582@example.com,555-987-7708,2017-11-29,A,STUDENT,38,2026-06-29 19:53:29.717929,2026-06-29 19:53:29.717929
584,Beverly,Johnston,1975-09-15,sha256_000583,user583@example.com,555-328-6194,2019-03-25,A,SMALL_BIZ,38,2026-06-29 19:53:29.717929,2026-06-29 19:53:29.717929
585,Kelsey,Chapman,1971-05-11,sha256_000584,user584@example.com,555-660-8632,2017-04-29,A,SMALL_BIZ,265,2026-06-29 19:53:29.717929,2026-06-29 19:53:29.717929
586,Angel,Garcia,1975-01-08,sha256_000585,user585@example.com,555-552-3102,2016-08-20,A,STUDENT,328,2026-06-29 19:53:29.717929,2026-06-29 19:53:29.717929
587,Darren,Shepard,1969-05-12,sha256_000586,user586@example.com,555-801-3981,2025-11-02,A,DIGITAL,222,2026-06-29 19:53:29.717929,2026-06-29 19:53:29.717929
588,Stanley,Clark,1950-12-25,sha256_000587,user587@example.com,555-714-1907,2016-02-22,A,PREMIER,266,2026-06-29 19:53:29.717929,2026-06-29 19:53:29.717929
589,Samuel,Horton,1973-11-05,sha256_000588,user588@example.com,555-356-5982,2018-08-05,A,DIGITAL,83,2026-06-29 19:53:29.717929,2026-06-29 19:53:29.717929
590,Lisa,Wilson,1962-11-10,sha256_000589,user589@example.com,555-530-4694,2015-12-21,A,MASS,486,2026-06-29 19:53:29.717929,2026-06-29 19:53:29.717929
591,Erica,Martin,1998-05-21,sha256_000590,user590@example.com,555-731-5653,2021-02-26,A,PREMIER,129,2026-06-29 19:53:29.717929,2026-06-29 19:53:29.717929
592,Greg,Moore,2007-05-31,sha256_000591,user591@example.com,555-401-5496,2015-02-17,A,DIGITAL,321,2026-06-29 19:53:29.717929,2026-06-29 19:53:29.717929
593,Jesse,Sullivan,1979-01-01,sha256_000592,user592@example.com,555-510-9740,2025-10-15,A,PREMIER,258,2026-06-29 19:53:29.717929,2026-06-29 19:53:29.717929
594,Ryan,Johnson,1953-11-06,sha256_000593,user593@example.com,555-856-3762,2021-01-16,A,STUDENT,483,2026-06-29 19:53:29.717929,2026-06-29 19:53:29.717929
595,Brittany,Price,1982-08-20,sha256_000594,user594@example.com,555-794-3526,2014-06-08,I,DIGITAL,338,2026-06-29 19:53:29.717929,2026-06-29 19:53:29.717929
596,Karen,Stokes,1988-09-15,sha256_000595,user595@example.com,555-839-6531,2014-07-24,A,STUDENT,22,2026-06-29 19:53:29.717929,2026-06-29 19:53:29.717929
597,Monica,Lopez,1945-09-06,sha256_000596,user596@example.com,555-229-2330,2013-01-03,A,PREMIER,486,2026-06-29 19:53:29.717929,2026-06-29 19:53:29.717929
598,Jose,Huffman,1963-05-02,sha256_000597,user597@example.com,555-856-5336,2018-04-26,A,SMALL_BIZ,108,2026-06-29 19:53:29.717929,2026-06-29 19:53:29.717929
599,Candice,Carr,1976-11-05,sha256_000598,user598@example.com,555-985-7825,2021-01-09,A,STUDENT,328,2026-06-29 19:53:29.717929,2026-06-29 19:53:29.717929
600,Megan,Williamson,1980-10-26,sha256_000599,user599@example.com,555-231-9159,2016-09-05,A,SMALL_BIZ,280,2026-06-29 19:53:29.717929,2026-06-29 19:53:29.717929
601,Kenneth,Mendez,1996-01-04,sha256_000600,user600@example.com,555-496-5949,2022-01-08,A,WEALTH,126,2026-06-29 19:53:29.717929,2026-06-29 19:53:29.717929
602,David,Torres,1947-03-03,sha256_000601,user601@example.com,555-901-7653,2013-06-27,A,MASS,233,2026-06-29 19:53:29.717929,2026-06-29 19:53:29.717929
603,William,Barnes,1953-10-03,sha256_000602,user602@example.com,555-274-1981,2021-11-01,A,DIGITAL,226,2026-06-29 19:53:29.717929,2026-06-29 19:53:29.717929
604,Jacob,Reid,1950-09-23,sha256_000603,user603@example.com,555-625-8933,2017-03-19,A,WEALTH,105,2026-06-29 19:53:29.717929,2026-06-29 19:53:29.717929
605,Zoe,Peters,1987-12-13,sha256_000604,user604@example.com,555-548-3353,2021-02-12,A,MASS,442,2026-06-29 19:53:29.717929,2026-06-29 19:53:29.717929
606,Leonard,Hayes,1974-04-19,sha256_000605,user605@example.com,555-935-6231,2013-08-01,A,SMALL_BIZ,441,2026-06-29 19:53:29.717929,2026-06-29 19:53:29.717929
607,Albert,Taylor,1945-01-30,sha256_000606,user606@example.com,555-553-7532,2016-11-05,A,DIGITAL,390,2026-06-29 19:53:29.717929,2026-06-29 19:53:29.717929
608,William,Simpson,1996-02-10,sha256_000607,user607@example.com,555-579-9437,2025-11-13,A,STUDENT,55,2026-06-29 19:53:29.717929,2026-06-29 19:53:29.717929
609,Mary,Burns,1987-05-14,sha256_000608,user608@example.com,555-526-4960,2017-09-09,A,WEALTH,63,2026-06-29 19:53:29.717929,2026-06-29 19:53:29.717929
610,Kathleen,Carter,1947-01-12,sha256_000609,user609@example.com,555-473-8366,2011-12-14,A,DIGITAL,73,2026-06-29 19:53:29.717929,2026-06-29 19:53:29.717929
611,Gary,Ellis,1959-11-27,sha256_000610,user610@example.com,555-299-1829,2019-07-06,A,MASS,485,2026-06-29 19:53:29.717929,2026-06-29 19:53:29.717929
612,Andrea,Wilson,1991-03-29,sha256_000611,user611@example.com,555-593-7850,2022-12-01,A,DIGITAL,493,2026-06-29 19:53:29.717929,2026-06-29 19:53:29.717929
613,Madeline,Richardson,1949-02-21,sha256_000612,user612@example.com,555-363-6364,2023-01-20,A,STUDENT,370,2026-06-29 19:53:29.717929,2026-06-29 19:53:29.717929
614,Jennifer,Payne,1996-08-09,sha256_000613,user613@example.com,555-520-4110,2012-02-10,A,DIGITAL,256,2026-06-29 19:53:29.717929,2026-06-29 19:53:29.717929
615,Maria,Potter,2007-10-21,sha256_000614,user614@example.com,555-727-8648,2013-01-07,I,WEALTH,451,2026-06-29 19:53:29.717929,2026-06-29 19:53:29.717929
616,Shannon,Bailey,1961-06-09,sha256_000615,user615@example.com,555-515-9148,2026-05-26,I,PREMIER,47,2026-06-29 19:53:29.717929,2026-06-29 19:53:29.717929
617,Victoria,Rowe,1996-03-18,sha256_000616,user616@example.com,555-602-9281,2018-01-15,A,WEALTH,495,2026-06-29 19:53:29.717929,2026-06-29 19:53:29.717929
618,Brianna,Bell,1957-05-14,sha256_000617,user617@example.com,555-446-4524,2023-08-02,A,STUDENT,181,2026-06-29 19:53:29.717929,2026-06-29 19:53:29.717929
619,Gabriel,Taylor,1989-02-09,sha256_000618,user618@example.com,555-249-1828,2020-12-05,A,MASS,254,2026-06-29 19:53:29.717929,2026-06-29 19:53:29.717929
620,Brian,Bell,1955-05-03,sha256_000619,user619@example.com,555-811-8710,2014-07-30,A,MASS,275,2026-06-29 19:53:29.717929,2026-06-29 19:53:29.717929
621,Mario,Padilla,1960-04-28,sha256_000620,user620@example.com,555-208-2761,2019-07-12,A,WEALTH,69,2026-06-29 19:53:29.717929,2026-06-29 19:53:29.717929
622,Michele,Duke,1960-11-16,sha256_000621,user621@example.com,555-470-6992,2015-06-24,A,WEALTH,188,2026-06-29 19:53:29.717929,2026-06-29 19:53:29.717929
623,Sydney,Floyd,1987-01-02,sha256_000622,user622@example.com,555-246-7563,2012-11-28,A,PREMIER,292,2026-06-29 19:53:29.717929,2026-06-29 19:53:29.717929
624,Michelle,Martinez,2003-01-18,sha256_000623,user623@example.com,555-775-4189,2026-04-19,A,MASS,284,2026-06-29 19:53:29.717929,2026-06-29 19:53:29.717929
625,Jennifer,Poole,1999-07-08,sha256_000624,user624@example.com,555-495-2204,2015-03-20,A,WEALTH,259,2026-06-29 19:53:29.717929,2026-06-29 19:53:29.717929
626,Tracy,Ray,1992-07-05,sha256_000625,user625@example.com,555-661-5582,2021-07-30,A,STUDENT,349,2026-06-29 19:53:29.717929,2026-06-29 19:53:29.717929
627,Shannon,Schultz,1959-06-30,sha256_000626,user626@example.com,555-825-2946,2017-09-02,A,DIGITAL,500,2026-06-29 19:53:29.717929,2026-06-29 19:53:29.717929
628,Zachary,Ramirez,2000-06-16,sha256_000627,user627@example.com,555-299-7453,2012-11-17,A,MASS,407,2026-06-29 19:53:29.717929,2026-06-29 19:53:29.717929
629,Stephanie,Murphy,2004-03-23,sha256_000628,user628@example.com,555-547-6990,2016-12-30,A,DIGITAL,102,2026-06-29 19:53:29.717929,2026-06-29 19:53:29.717929
630,Jessica,Simon,1941-08-28,sha256_000629,user629@example.com,555-816-9341,2023-01-15,A,WEALTH,257,2026-06-29 19:53:29.717929,2026-06-29 19:53:29.717929
631,Michael,Brown,1972-03-16,sha256_000630,user630@example.com,555-241-1742,2021-05-25,A,PREMIER,71,2026-06-29 19:53:29.717929,2026-06-29 19:53:29.717929
632,Russell,Lewis,1977-04-18,sha256_000631,user631@example.com,555-930-6456,2014-09-27,I,WEALTH,266,2026-06-29 19:53:29.717929,2026-06-29 19:53:29.717929
633,Matthew,Lane,1959-06-26,sha256_000632,user632@example.com,555-667-3440,2023-11-06,A,STUDENT,458,2026-06-29 19:53:29.717929,2026-06-29 19:53:29.717929
634,Matthew,Fleming,1979-06-04,sha256_000633,user633@example.com,555-727-3290,2018-09-24,A,MASS,477,2026-06-29 19:53:29.717929,2026-06-29 19:53:29.717929
635,Kristen,Stevens,1944-09-25,sha256_000634,user634@example.com,555-827-6218,2012-12-22,A,DIGITAL,202,2026-06-29 19:53:29.717929,2026-06-29 19:53:29.717929
636,Scott,Smith,1949-10-25,sha256_000635,user635@example.com,555-831-5902,2024-04-14,A,STUDENT,173,2026-06-29 19:53:29.717929,2026-06-29 19:53:29.717929
637,Haley,Anderson,2005-09-04,sha256_000636,user636@example.com,555-719-9351,2014-07-05,A,STUDENT,251,2026-06-29 19:53:29.717929,2026-06-29 19:53:29.717929
638,Sarah,Hill,1985-01-15,sha256_000637,user637@example.com,555-925-5911,2013-11-11,A,WEALTH,418,2026-06-29 19:53:29.717929,2026-06-29 19:53:29.717929
639,Nathan,Mckee,1985-05-07,sha256_000638,user638@example.com,555-217-7035,2015-03-24,A,MASS,345,2026-06-29 19:53:29.717929,2026-06-29 19:53:29.717929
640,Kevin,Lyons,1952-07-31,sha256_000639,user639@example.com,555-312-7824,2017-05-27,A,STUDENT,158,2026-06-29 19:53:29.717929,2026-06-29 19:53:29.717929
641,Jane,Smith,1957-03-06,sha256_000640,user640@example.com,555-942-1436,2021-04-08,A,STUDENT,243,2026-06-29 19:53:29.717929,2026-06-29 19:53:29.717929
642,Jeremy,Frazier,1973-06-08,sha256_000641,user641@example.com,555-471-4728,2013-06-21,A,SMALL_BIZ,27,2026-06-29 19:53:29.717929,2026-06-29 19:53:29.717929
643,Lisa,Mcneil,1942-02-11,sha256_000642,user642@example.com,555-797-8871,2021-11-13,A,DIGITAL,269,2026-06-29 19:53:29.717929,2026-06-29 19:53:29.717929
644,Chad,Reyes,1969-10-14,sha256_000643,user643@example.com,555-844-7229,2013-06-18,A,DIGITAL,421,2026-06-29 19:53:29.717929,2026-06-29 19:53:29.717929
645,Lawrence,Ibarra,1990-06-14,sha256_000644,user644@example.com,555-897-4968,2013-01-07,A,PREMIER,294,2026-06-29 19:53:29.717929,2026-06-29 19:53:29.717929
646,Karen,Anderson,1950-09-05,sha256_000645,user645@example.com,555-917-2800,2023-01-11,I,DIGITAL,10,2026-06-29 19:53:29.717929,2026-06-29 19:53:29.717929
647,Alyssa,Smith,2008-01-07,sha256_000646,user646@example.com,555-651-6139,2013-08-15,A,WEALTH,78,2026-06-29 19:53:29.717929,2026-06-29 19:53:29.717929
648,Jennifer,Fuller,1985-01-15,sha256_000647,user647@example.com,555-622-4340,2018-01-21,A,WEALTH,257,2026-06-29 19:53:29.717929,2026-06-29 19:53:29.717929
649,Glenda,Heath,1951-08-20,sha256_000648,user648@example.com,555-993-8726,2017-08-19,A,SMALL_BIZ,373,2026-06-29 19:53:29.717929,2026-06-29 19:53:29.717929
650,Karen,Lawrence,1947-04-20,sha256_000649,user649@example.com,555-263-3262,2012-12-27,A,STUDENT,107,2026-06-29 19:53:29.717929,2026-06-29 19:53:29.717929
651,Leonard,Taylor,1967-03-22,sha256_000650,user650@example.com,555-774-6325,2025-11-10,A,SMALL_BIZ,245,2026-06-29 19:53:29.717929,2026-06-29 19:53:29.717929
652,Angela,Greene,1960-01-18,sha256_000651,user651@example.com,555-738-7173,2012-09-30,A,MASS,490,2026-06-29 19:53:29.717929,2026-06-29 19:53:29.717929
653,Hannah,Abbott,1982-03-14,sha256_000652,user652@example.com,555-377-8531,2023-02-10,A,STUDENT,176,2026-06-29 19:53:29.717929,2026-06-29 19:53:29.717929
654,April,Hicks,1985-08-08,sha256_000653,user653@example.com,555-759-6804,2015-12-28,A,SMALL_BIZ,396,2026-06-29 19:53:29.717929,2026-06-29 19:53:29.717929
655,Brian,Hurst,1991-08-06,sha256_000654,user654@example.com,555-938-5331,2015-11-25,A,STUDENT,248,2026-06-29 19:53:29.717929,2026-06-29 19:53:29.717929
656,Daniel,Porter,2005-06-14,sha256_000655,user655@example.com,555-396-5038,2018-11-15,A,MASS,286,2026-06-29 19:53:29.717929,2026-06-29 19:53:29.717929
657,Tiffany,Hatfield,1981-04-14,sha256_000656,user656@example.com,555-505-4684,2019-05-16,A,MASS,395,2026-06-29 19:53:29.717929,2026-06-29 19:53:29.717929
658,Michelle,Carroll,2004-01-24,sha256_000657,user657@example.com,555-495-4396,2013-06-17,A,SMALL_BIZ,361,2026-06-29 19:53:29.717929,2026-06-29 19:53:29.717929
659,Kathryn,Best,1965-12-22,sha256_000658,user658@example.com,555-700-6194,2021-09-05,A,WEALTH,179,2026-06-29 19:53:29.717929,2026-06-29 19:53:29.717929
660,Carlos,Baker,1993-02-07,sha256_000659,user659@example.com,555-773-5480,2011-09-27,A,MASS,63,2026-06-29 19:53:29.717929,2026-06-29 19:53:29.717929
661,Kristina,Hunter,1944-02-28,sha256_000660,user660@example.com,555-787-9899,2012-05-23,A,WEALTH,459,2026-06-29 19:53:29.717929,2026-06-29 19:53:29.717929
662,Robert,Miles,1983-08-09,sha256_000661,user661@example.com,555-604-6654,2018-12-19,C,DIGITAL,149,2026-06-29 19:53:29.717929,2026-06-29 19:53:29.717929
663,Christina,Ramirez,1947-01-06,sha256_000662,user662@example.com,555-243-5712,2019-06-30,A,SMALL_BIZ,41,2026-06-29 19:53:29.717929,2026-06-29 19:53:29.717929
664,James,Morton,1962-04-03,sha256_000663,user663@example.com,555-554-8247,2019-02-13,A,SMALL_BIZ,132,2026-06-29 19:53:29.717929,2026-06-29 19:53:29.717929
665,Cynthia,Davenport,1977-06-06,sha256_000664,user664@example.com,555-965-8849,2017-04-27,A,DIGITAL,104,2026-06-29 19:53:29.717929,2026-06-29 19:53:29.717929
666,Holly,Blair,1987-02-14,sha256_000665,user665@example.com,555-751-5442,2012-06-23,A,STUDENT,357,2026-06-29 19:53:29.717929,2026-06-29 19:53:29.717929
667,Christopher,Hamilton,1998-03-15,sha256_000666,user666@example.com,555-478-3249,2012-05-09,A,PREMIER,316,2026-06-29 19:53:29.717929,2026-06-29 19:53:29.717929
668,Kyle,Harmon,1971-11-13,sha256_000667,user667@example.com,555-958-4920,2020-07-28,A,DIGITAL,26,2026-06-29 19:53:29.717929,2026-06-29 19:53:29.717929
669,Jean,Miles,1991-02-11,sha256_000668,user668@example.com,555-885-9700,2013-04-09,A,DIGITAL,327,2026-06-29 19:53:29.717929,2026-06-29 19:53:29.717929
670,Alexandra,Logan,1952-06-20,sha256_000669,user669@example.com,555-438-1860,2025-09-15,A,PREMIER,212,2026-06-29 19:53:29.717929,2026-06-29 19:53:29.717929
671,David,Norman,1989-10-12,sha256_000670,user670@example.com,555-538-8739,2013-12-24,A,PREMIER,349,2026-06-29 19:53:29.717929,2026-06-29 19:53:29.717929
672,Kelsey,Johnson,1959-07-01,sha256_000671,user671@example.com,555-989-3252,2024-09-18,I,PREMIER,494,2026-06-29 19:53:29.717929,2026-06-29 19:53:29.717929
673,Caleb,Joseph,1995-07-26,sha256_000672,user672@example.com,555-763-3587,2015-07-20,A,WEALTH,335,2026-06-29 19:53:29.717929,2026-06-29 19:53:29.717929
674,Spencer,Ward,1980-02-16,sha256_000673,user673@example.com,555-687-8822,2012-08-21,A,SMALL_BIZ,103,2026-06-29 19:53:29.717929,2026-06-29 19:53:29.717929
675,Michael,Scott,1974-12-18,sha256_000674,user674@example.com,555-974-5706,2019-12-12,A,MASS,147,2026-06-29 19:53:29.717929,2026-06-29 19:53:29.717929
676,Jennifer,Perez,1948-05-21,sha256_000675,user675@example.com,555-861-1969,2020-01-20,C,PREMIER,334,2026-06-29 19:53:29.717929,2026-06-29 19:53:29.717929
677,Michelle,Sanchez,1975-08-01,sha256_000676,user676@example.com,555-787-4804,2012-02-23,A,STUDENT,379,2026-06-29 19:53:29.717929,2026-06-29 19:53:29.717929
678,Edward,Velazquez,1973-02-05,sha256_000677,user677@example.com,555-940-1611,2017-03-15,A,DIGITAL,214,2026-06-29 19:53:29.717929,2026-06-29 19:53:29.717929
679,Robin,Yang,1998-12-10,sha256_000678,user678@example.com,555-380-1595,2019-09-27,C,WEALTH,404,2026-06-29 19:53:29.717929,2026-06-29 19:53:29.717929
680,Robert,Cortez,1969-08-03,sha256_000679,user679@example.com,555-707-4052,2016-04-16,I,SMALL_BIZ,493,2026-06-29 19:53:29.717929,2026-06-29 19:53:29.717929
681,Nathan,Shaw,1959-08-31,sha256_000680,user680@example.com,555-496-1613,2012-08-26,A,PREMIER,153,2026-06-29 19:53:29.717929,2026-06-29 19:53:29.717929
682,Linda,Jarvis,2001-12-02,sha256_000681,user681@example.com,555-781-2758,2014-03-02,A,MASS,146,2026-06-29 19:53:29.717929,2026-06-29 19:53:29.717929
683,Steven,Campbell,2005-05-31,sha256_000682,user682@example.com,555-665-9901,2012-07-08,A,STUDENT,253,2026-06-29 19:53:29.717929,2026-06-29 19:53:29.717929
684,Angela,Smith,1998-02-04,sha256_000683,user683@example.com,555-337-9261,2016-05-16,A,WEALTH,140,2026-06-29 19:53:29.717929,2026-06-29 19:53:29.717929
685,Kevin,Dean,1954-12-08,sha256_000684,user684@example.com,555-397-2845,2019-11-26,I,MASS,84,2026-06-29 19:53:29.717929,2026-06-29 19:53:29.717929
686,Trevor,Barton,1972-07-28,sha256_000685,user685@example.com,555-948-8518,2020-04-26,A,SMALL_BIZ,132,2026-06-29 19:53:29.717929,2026-06-29 19:53:29.717929
687,Kathleen,Sanchez,1954-08-02,sha256_000686,user686@example.com,555-935-4050,2024-12-03,A,PREMIER,378,2026-06-29 19:53:29.717929,2026-06-29 19:53:29.717929
688,Jesse,Reed,1941-12-02,sha256_000687,user687@example.com,555-545-5833,2017-08-10,A,STUDENT,346,2026-06-29 19:53:29.717929,2026-06-29 19:53:29.717929
689,Stephanie,Smith,1997-09-28,sha256_000688,user688@example.com,555-975-4164,2024-07-29,A,DIGITAL,313,2026-06-29 19:53:29.717929,2026-06-29 19:53:29.717929
690,Jessica,Garcia,1985-07-12,sha256_000689,user689@example.com,555-854-7643,2024-02-27,A,WEALTH,264,2026-06-29 19:53:29.717929,2026-06-29 19:53:29.717929
691,Travis,Brown,1976-12-27,sha256_000690,user690@example.com,555-535-2421,2015-01-16,A,WEALTH,343,2026-06-29 19:53:29.717929,2026-06-29 19:53:29.717929
692,Christopher,Morse,2008-04-14,sha256_000691,user691@example.com,555-297-4027,2022-02-08,A,DIGITAL,245,2026-06-29 19:53:29.717929,2026-06-29 19:53:29.717929
693,Jaclyn,Watson,2001-08-10,sha256_000692,user692@example.com,555-531-5064,2019-03-31,A,PREMIER,134,2026-06-29 19:53:29.717929,2026-06-29 19:53:29.717929
694,Cody,Anderson,2006-10-14,sha256_000693,user693@example.com,555-592-4858,2012-10-03,A,WEALTH,386,2026-06-29 19:53:29.717929,2026-06-29 19:53:29.717929
695,Ashley,Graham,1996-06-05,sha256_000694,user694@example.com,555-473-6400,2012-08-09,A,MASS,299,2026-06-29 19:53:29.717929,2026-06-29 19:53:29.717929
696,Jose,Edwards,2006-02-03,sha256_000695,user695@example.com,555-940-1187,2015-01-09,A,MASS,335,2026-06-29 19:53:29.717929,2026-06-29 19:53:29.717929
697,Jill,Stewart,1995-02-22,sha256_000696,user696@example.com,555-568-4871,2021-12-11,A,PREMIER,342,2026-06-29 19:53:29.717929,2026-06-29 19:53:29.717929
698,James,Chan,1959-09-18,sha256_000697,user697@example.com,555-321-8625,2012-08-08,A,MASS,82,2026-06-29 19:53:29.717929,2026-06-29 19:53:29.717929
699,Frank,Owens,1980-08-31,sha256_000698,user698@example.com,555-615-9233,2013-10-22,A,SMALL_BIZ,395,2026-06-29 19:53:29.717929,2026-06-29 19:53:29.717929
700,Tami,Clark,1968-09-22,sha256_000699,user699@example.com,555-518-2923,2019-06-27,A,SMALL_BIZ,470,2026-06-29 19:53:29.717929,2026-06-29 19:53:29.717929
701,David,Moore,1962-02-23,sha256_000700,user700@example.com,555-502-7021,2015-06-12,A,STUDENT,114,2026-06-29 19:53:29.717929,2026-06-29 19:53:29.717929
702,Heidi,Williams,1987-06-16,sha256_000701,user701@example.com,555-424-3188,2023-10-26,A,WEALTH,79,2026-06-29 19:53:29.717929,2026-06-29 19:53:29.717929
703,Christopher,Wright,1997-06-30,sha256_000702,user702@example.com,555-665-7121,2016-05-19,A,WEALTH,360,2026-06-29 19:53:29.717929,2026-06-29 19:53:29.717929
704,Erica,Green,1965-04-29,sha256_000703,user703@example.com,555-762-8714,2019-02-24,A,STUDENT,411,2026-06-29 19:53:29.717929,2026-06-29 19:53:29.717929
705,Richard,Chavez,2007-11-12,sha256_000704,user704@example.com,555-880-4578,2011-12-15,A,DIGITAL,349,2026-06-29 19:53:29.717929,2026-06-29 19:53:29.717929
706,Steven,Lara,1991-08-12,sha256_000705,user705@example.com,555-972-2341,2015-03-21,C,STUDENT,229,2026-06-29 19:53:29.717929,2026-06-29 19:53:29.717929
707,Maria,Haas,1950-11-09,sha256_000706,user706@example.com,555-740-6927,2011-09-02,A,PREMIER,470,2026-06-29 19:53:29.717929,2026-06-29 19:53:29.717929
708,Nathan,Mccoy,1950-04-01,sha256_000707,user707@example.com,555-777-2838,2023-10-12,A,PREMIER,425,2026-06-29 19:53:29.717929,2026-06-29 19:53:29.717929
709,Jonathan,Hess,1984-09-07,sha256_000708,user708@example.com,555-760-9281,2020-03-06,A,DIGITAL,294,2026-06-29 19:53:29.717929,2026-06-29 19:53:29.717929
710,Rachel,Ramos,1942-12-14,sha256_000709,user709@example.com,555-749-3455,2012-06-14,A,DIGITAL,168,2026-06-29 19:53:29.717929,2026-06-29 19:53:29.717929
711,Maria,Rivera,1950-02-13,sha256_000710,user710@example.com,555-732-8239,2024-12-28,A,PREMIER,349,2026-06-29 19:53:29.717929,2026-06-29 19:53:29.717929
712,Gary,Berry,1944-05-08,sha256_000711,user711@example.com,555-410-9008,2018-05-14,A,PREMIER,461,2026-06-29 19:53:29.717929,2026-06-29 19:53:29.717929
713,Anthony,Vega,1996-07-17,sha256_000712,user712@example.com,555-722-8298,2017-05-20,A,PREMIER,233,2026-06-29 19:53:29.717929,2026-06-29 19:53:29.717929
714,Jacob,Ramirez,1953-01-25,sha256_000713,user713@example.com,555-335-9409,2014-09-10,A,WEALTH,234,2026-06-29 19:53:29.717929,2026-06-29 19:53:29.717929
715,Christine,Sanchez,2000-09-05,sha256_000714,user714@example.com,555-777-1945,2012-01-03,A,STUDENT,237,2026-06-29 19:53:29.717929,2026-06-29 19:53:29.717929
716,Andrea,Brown,1961-04-06,sha256_000715,user715@example.com,555-888-6049,2017-08-20,I,SMALL_BIZ,12,2026-06-29 19:53:29.717929,2026-06-29 19:53:29.717929
717,James,Wilkerson,1960-03-27,sha256_000716,user716@example.com,555-605-5169,2013-07-15,I,PREMIER,382,2026-06-29 19:53:29.717929,2026-06-29 19:53:29.717929
718,Leah,Norton,1976-09-20,sha256_000717,user717@example.com,555-423-2196,2020-11-24,C,PREMIER,217,2026-06-29 19:53:29.717929,2026-06-29 19:53:29.717929
719,Michael,Stephens,2007-10-12,sha256_000718,user718@example.com,555-552-2044,2023-02-26,A,STUDENT,31,2026-06-29 19:53:29.717929,2026-06-29 19:53:29.717929
720,Wayne,Price,1973-12-18,sha256_000719,user719@example.com,555-270-8734,2025-02-08,A,PREMIER,147,2026-06-29 19:53:29.717929,2026-06-29 19:53:29.717929
721,Jeffery,Huang,1953-07-16,sha256_000720,user720@example.com,555-618-3948,2016-03-31,I,DIGITAL,393,2026-06-29 19:53:29.717929,2026-06-29 19:53:29.717929
722,Victoria,Moreno,1993-08-26,sha256_000721,user721@example.com,555-856-7887,2012-05-13,A,MASS,457,2026-06-29 19:53:29.717929,2026-06-29 19:53:29.717929
723,Terri,Garcia,1992-11-13,sha256_000722,user722@example.com,555-591-8348,2026-05-27,A,WEALTH,193,2026-06-29 19:53:29.717929,2026-06-29 19:53:29.717929
724,Lisa,Stark,1985-07-02,sha256_000723,user723@example.com,555-282-9835,2015-06-20,A,DIGITAL,335,2026-06-29 19:53:29.717929,2026-06-29 19:53:29.717929
725,Jeffrey,Bradford,1945-03-28,sha256_000724,user724@example.com,555-556-2943,2026-05-10,A,DIGITAL,276,2026-06-29 19:53:29.717929,2026-06-29 19:53:29.717929
726,Mary,Bruce,1994-11-30,sha256_000725,user725@example.com,555-602-9664,2016-10-13,I,DIGITAL,373,2026-06-29 19:53:29.717929,2026-06-29 19:53:29.717929
727,Linda,Wolfe,1953-04-16,sha256_000726,user726@example.com,555-428-1056,2020-04-30,A,PREMIER,153,2026-06-29 19:53:29.717929,2026-06-29 19:53:29.717929
728,Jackie,Meza,2002-09-23,sha256_000727,user727@example.com,555-674-9920,2011-11-29,A,WEALTH,273,2026-06-29 19:53:29.717929,2026-06-29 19:53:29.717929
729,Jacob,Travis,1979-04-03,sha256_000728,user728@example.com,555-588-4762,2019-11-22,A,DIGITAL,236,2026-06-29 19:53:29.717929,2026-06-29 19:53:29.717929
730,Kyle,Henry,2000-07-23,sha256_000729,user729@example.com,555-554-3541,2018-11-01,A,MASS,97,2026-06-29 19:53:29.717929,2026-06-29 19:53:29.717929
731,Jeffery,Fox,1947-07-16,sha256_000730,user730@example.com,555-942-2848,2014-12-17,A,PREMIER,415,2026-06-29 19:53:29.717929,2026-06-29 19:53:29.717929
732,James,Anderson,1941-07-15,sha256_000731,user731@example.com,555-876-7868,2025-03-08,A,STUDENT,393,2026-06-29 19:53:29.717929,2026-06-29 19:53:29.717929
733,Megan,Morris,1989-07-11,sha256_000732,user732@example.com,555-216-4943,2025-03-13,A,DIGITAL,35,2026-06-29 19:53:29.717929,2026-06-29 19:53:29.717929
734,Samantha,Schroeder,1942-12-17,sha256_000733,user733@example.com,555-303-1550,2020-03-29,A,WEALTH,307,2026-06-29 19:53:29.717929,2026-06-29 19:53:29.717929
735,Susan,Brooks,1998-03-16,sha256_000734,user734@example.com,555-888-1797,2024-04-30,A,DIGITAL,380,2026-06-29 19:53:29.717929,2026-06-29 19:53:29.717929
736,Craig,Turner,2004-08-06,sha256_000735,user735@example.com,555-245-7590,2017-05-23,I,WEALTH,120,2026-06-29 19:53:29.717929,2026-06-29 19:53:29.717929
737,Stacy,Conner,1950-08-20,sha256_000736,user736@example.com,555-752-4559,2013-11-03,A,PREMIER,72,2026-06-29 19:53:29.717929,2026-06-29 19:53:29.717929
738,Grant,Novak,2005-11-08,sha256_000737,user737@example.com,555-715-5739,2021-03-05,A,DIGITAL,418,2026-06-29 19:53:29.717929,2026-06-29 19:53:29.717929
739,Kristin,Walker,1987-12-17,sha256_000738,user738@example.com,555-949-6224,2025-05-07,A,STUDENT,307,2026-06-29 19:53:29.717929,2026-06-29 19:53:29.717929
740,Kurt,Barker,1980-12-13,sha256_000739,user739@example.com,555-991-6253,2014-02-08,A,DIGITAL,155,2026-06-29 19:53:29.717929,2026-06-29 19:53:29.717929
741,Stacy,Fry,1950-01-09,sha256_000740,user740@example.com,555-346-9540,2022-05-13,A,DIGITAL,212,2026-06-29 19:53:29.717929,2026-06-29 19:53:29.717929
742,Tammy,Johnson,1967-09-23,sha256_000741,user741@example.com,555-507-5508,2026-04-28,A,PREMIER,286,2026-06-29 19:53:29.717929,2026-06-29 19:53:29.717929
743,Tammy,Walker,1981-11-07,sha256_000742,user742@example.com,555-805-3869,2025-03-25,A,SMALL_BIZ,348,2026-06-29 19:53:29.717929,2026-06-29 19:53:29.717929
744,Donald,Mcgee,1979-05-20,sha256_000743,user743@example.com,555-637-9120,2025-06-19,A,PREMIER,498,2026-06-29 19:53:29.717929,2026-06-29 19:53:29.717929
745,Gary,Mcclure,1957-06-08,sha256_000744,user744@example.com,555-552-7244,2026-02-22,A,STUDENT,164,2026-06-29 19:53:29.717929,2026-06-29 19:53:29.717929
746,Danielle,Tanner,1947-06-09,sha256_000745,user745@example.com,555-913-7821,2022-01-25,I,WEALTH,77,2026-06-29 19:53:29.717929,2026-06-29 19:53:29.717929
747,John,Jones,1971-06-01,sha256_000746,user746@example.com,555-507-7167,2015-06-13,A,DIGITAL,387,2026-06-29 19:53:29.717929,2026-06-29 19:53:29.717929
748,Aaron,Cruz,1958-09-08,sha256_000747,user747@example.com,555-750-8758,2013-02-06,A,DIGITAL,435,2026-06-29 19:53:29.717929,2026-06-29 19:53:29.717929
749,Nicole,Snyder,1990-07-29,sha256_000748,user748@example.com,555-430-5927,2025-12-12,I,SMALL_BIZ,74,2026-06-29 19:53:29.717929,2026-06-29 19:53:29.717929
750,Craig,Mendoza,1966-11-12,sha256_000749,user749@example.com,555-674-1944,2019-08-21,A,STUDENT,212,2026-06-29 19:53:29.717929,2026-06-29 19:53:29.717929
751,Gloria,Martin,1999-05-20,sha256_000750,user750@example.com,555-626-9683,2021-03-15,A,DIGITAL,199,2026-06-29 19:53:29.717929,2026-06-29 19:53:29.717929
752,Kenneth,Flores,1946-06-06,sha256_000751,user751@example.com,555-448-5177,2024-02-09,I,DIGITAL,170,2026-06-29 19:53:29.717929,2026-06-29 19:53:29.717929
753,George,Bennett,2005-04-02,sha256_000752,user752@example.com,555-862-2295,2012-08-06,A,WEALTH,434,2026-06-29 19:53:29.717929,2026-06-29 19:53:29.717929
754,Rachael,Davis,1990-07-14,sha256_000753,user753@example.com,555-579-2514,2019-08-26,A,STUDENT,371,2026-06-29 19:53:29.717929,2026-06-29 19:53:29.717929
755,Timothy,Johnson,1981-04-16,sha256_000754,user754@example.com,555-395-1844,2020-08-23,A,MASS,194,2026-06-29 19:53:29.717929,2026-06-29 19:53:29.717929
756,Pamela,Moore,2004-08-19,sha256_000755,user755@example.com,555-889-1647,2013-12-14,A,PREMIER,97,2026-06-29 19:53:29.717929,2026-06-29 19:53:29.717929
757,James,Terry,1948-04-10,sha256_000756,user756@example.com,555-979-4555,2014-07-23,A,WEALTH,107,2026-06-29 19:53:29.717929,2026-06-29 19:53:29.717929
758,Joseph,Campbell,1989-11-12,sha256_000757,user757@example.com,555-540-5967,2022-05-19,A,PREMIER,109,2026-06-29 19:53:29.717929,2026-06-29 19:53:29.717929
759,Ashley,Larsen,1957-05-29,sha256_000758,user758@example.com,555-394-2922,2012-03-25,I,SMALL_BIZ,387,2026-06-29 19:53:29.717929,2026-06-29 19:53:29.717929
760,Ronald,Phillips,1951-10-13,sha256_000759,user759@example.com,555-690-4974,2016-11-15,A,SMALL_BIZ,310,2026-06-29 19:53:29.717929,2026-06-29 19:53:29.717929
761,James,Johnson,1985-11-05,sha256_000760,user760@example.com,555-920-4350,2020-06-11,A,WEALTH,469,2026-06-29 19:53:29.717929,2026-06-29 19:53:29.717929
762,Christopher,Anthony,1952-12-08,sha256_000761,user761@example.com,555-445-6269,2015-11-05,A,MASS,195,2026-06-29 19:53:29.717929,2026-06-29 19:53:29.717929
763,Tracy,Guerrero,1962-02-24,sha256_000762,user762@example.com,555-677-9743,2017-06-02,A,SMALL_BIZ,184,2026-06-29 19:53:29.717929,2026-06-29 19:53:29.717929
764,Jackson,Mcclure,1947-08-07,sha256_000763,user763@example.com,555-515-5285,2019-08-10,A,MASS,263,2026-06-29 19:53:29.717929,2026-06-29 19:53:29.717929
765,Jose,Marshall,1966-03-29,sha256_000764,user764@example.com,555-709-8635,2018-02-21,A,PREMIER,412,2026-06-29 19:53:29.717929,2026-06-29 19:53:29.717929
766,Bryan,Goodwin,1956-08-25,sha256_000765,user765@example.com,555-939-8692,2015-07-01,A,MASS,469,2026-06-29 19:53:29.717929,2026-06-29 19:53:29.717929
767,Maurice,Weaver,1986-03-18,sha256_000766,user766@example.com,555-408-7073,2012-10-08,A,MASS,212,2026-06-29 19:53:29.717929,2026-06-29 19:53:29.717929
768,Angela,Randall,2006-07-12,sha256_000767,user767@example.com,555-246-4625,2020-04-15,I,SMALL_BIZ,75,2026-06-29 19:53:29.717929,2026-06-29 19:53:29.717929
769,Amanda,Camacho,1996-04-28,sha256_000768,user768@example.com,555-216-5272,2017-09-26,A,STUDENT,479,2026-06-29 19:53:29.717929,2026-06-29 19:53:29.717929
770,Thomas,Miller,1973-04-21,sha256_000769,user769@example.com,555-798-7841,2024-08-23,I,MASS,79,2026-06-29 19:53:29.717929,2026-06-29 19:53:29.717929
771,Wayne,Lester,2001-12-22,sha256_000770,user770@example.com,555-400-6404,2022-02-23,A,DIGITAL,195,2026-06-29 19:53:29.717929,2026-06-29 19:53:29.717929
772,Christine,Martinez,1995-02-13,sha256_000771,user771@example.com,555-783-5026,2021-08-06,I,WEALTH,282,2026-06-29 19:53:29.717929,2026-06-29 19:53:29.717929
773,Tracey,Stanton,1992-03-22,sha256_000772,user772@example.com,555-870-6530,2014-01-26,A,MASS,391,2026-06-29 19:53:29.717929,2026-06-29 19:53:29.717929
774,Rodney,Mcneil,1995-08-28,sha256_000773,user773@example.com,555-700-9037,2013-05-16,A,WEALTH,87,2026-06-29 19:53:29.717929,2026-06-29 19:53:29.717929
775,Courtney,Flowers,1970-08-30,sha256_000774,user774@example.com,555-950-6770,2026-05-15,A,DIGITAL,72,2026-06-29 19:53:29.717929,2026-06-29 19:53:29.717929
776,Robin,Jones,1958-10-08,sha256_000775,user775@example.com,555-937-9954,2025-01-28,A,WEALTH,95,2026-06-29 19:53:29.717929,2026-06-29 19:53:29.717929
777,Mark,Hill,1967-06-30,sha256_000776,user776@example.com,555-755-1962,2017-06-02,A,STUDENT,18,2026-06-29 19:53:29.717929,2026-06-29 19:53:29.717929
778,Kristin,Dean,1972-03-09,sha256_000777,user777@example.com,555-276-1794,2024-07-09,A,PREMIER,212,2026-06-29 19:53:29.717929,2026-06-29 19:53:29.717929
779,Robert,Hernandez,1976-07-02,sha256_000778,user778@example.com,555-340-4791,2017-10-01,A,PREMIER,363,2026-06-29 19:53:29.717929,2026-06-29 19:53:29.717929
780,Sheila,Buckley,1980-11-18,sha256_000779,user779@example.com,555-354-1149,2022-10-21,A,DIGITAL,259,2026-06-29 19:53:29.717929,2026-06-29 19:53:29.717929
781,Justin,Nichols,1979-03-11,sha256_000780,user780@example.com,555-666-7114,2012-12-30,A,PREMIER,317,2026-06-29 19:53:29.717929,2026-06-29 19:53:29.717929
782,Patrick,Washington,1964-07-12,sha256_000781,user781@example.com,555-853-8916,2017-08-14,A,SMALL_BIZ,250,2026-06-29 19:53:29.717929,2026-06-29 19:53:29.717929
783,Joshua,Thomas,1982-04-16,sha256_000782,user782@example.com,555-216-1108,2012-01-19,A,STUDENT,283,2026-06-29 19:53:29.717929,2026-06-29 19:53:29.717929
784,Benjamin,Preston,1982-04-09,sha256_000783,user783@example.com,555-621-1194,2021-11-02,A,PREMIER,272,2026-06-29 19:53:29.717929,2026-06-29 19:53:29.717929
785,Julie,Mccall,1963-09-13,sha256_000784,user784@example.com,555-939-5501,2015-01-13,A,STUDENT,147,2026-06-29 19:53:29.717929,2026-06-29 19:53:29.717929
786,Lisa,Turner,2001-08-04,sha256_000785,user785@example.com,555-217-9228,2011-10-17,I,SMALL_BIZ,346,2026-06-29 19:53:29.717929,2026-06-29 19:53:29.717929
787,Heather,Garcia,1960-04-10,sha256_000786,user786@example.com,555-640-3937,2018-10-28,A,PREMIER,471,2026-06-29 19:53:29.717929,2026-06-29 19:53:29.717929
788,Terri,Ramos,1999-09-15,sha256_000787,user787@example.com,555-298-9591,2013-06-30,A,DIGITAL,124,2026-06-29 19:53:29.717929,2026-06-29 19:53:29.717929
789,Robert,Brewer,1996-10-26,sha256_000788,user788@example.com,555-396-9625,2015-07-06,A,MASS,418,2026-06-29 19:53:29.717929,2026-06-29 19:53:29.717929
790,Madison,Figueroa,1954-01-30,sha256_000789,user789@example.com,555-562-5379,2014-08-23,I,WEALTH,41,2026-06-29 19:53:29.717929,2026-06-29 19:53:29.717929
791,Lori,Robertson,1992-05-17,sha256_000790,user790@example.com,555-582-7652,2024-06-05,A,WEALTH,290,2026-06-29 19:53:29.717929,2026-06-29 19:53:29.717929
792,William,Taylor,1952-02-22,sha256_000791,user791@example.com,555-449-4700,2016-02-18,A,MASS,351,2026-06-29 19:53:29.717929,2026-06-29 19:53:29.717929
793,Anthony,Lee,1998-07-12,sha256_000792,user792@example.com,555-282-1519,2024-08-10,A,PREMIER,208,2026-06-29 19:53:29.717929,2026-06-29 19:53:29.717929
794,John,Bryant,1997-04-18,sha256_000793,user793@example.com,555-588-7179,2023-12-23,A,STUDENT,244,2026-06-29 19:53:29.717929,2026-06-29 19:53:29.717929
795,Joshua,Colon,2002-12-31,sha256_000794,user794@example.com,555-257-1154,2022-01-01,A,SMALL_BIZ,88,2026-06-29 19:53:29.717929,2026-06-29 19:53:29.717929
796,David,Johnson,1975-05-02,sha256_000795,user795@example.com,555-284-9189,2020-12-20,I,WEALTH,331,2026-06-29 19:53:29.717929,2026-06-29 19:53:29.717929
797,Gregory,Harrell,1966-06-12,sha256_000796,user796@example.com,555-539-2562,2020-05-08,I,STUDENT,471,2026-06-29 19:53:29.717929,2026-06-29 19:53:29.717929
798,Frank,Kline,1980-10-23,sha256_000797,user797@example.com,555-243-4764,2016-09-15,A,DIGITAL,462,2026-06-29 19:53:29.717929,2026-06-29 19:53:29.717929
799,Justin,Hughes,1991-09-02,sha256_000798,user798@example.com,555-908-8790,2021-10-07,A,MASS,24,2026-06-29 19:53:29.717929,2026-06-29 19:53:29.717929
800,Tammie,Vincent,1952-05-28,sha256_000799,user799@example.com,555-276-5593,2020-01-11,I,STUDENT,289,2026-06-29 19:53:29.717929,2026-06-29 19:53:29.717929
801,Joseph,Ortiz,1984-11-12,sha256_000800,user800@example.com,555-873-1539,2021-08-07,A,DIGITAL,476,2026-06-29 19:53:29.717929,2026-06-29 19:53:29.717929
802,Katrina,Smith,1942-11-01,sha256_000801,user801@example.com,555-522-1256,2023-02-17,A,DIGITAL,301,2026-06-29 19:53:29.717929,2026-06-29 19:53:29.717929
803,Carolyn,Smith,2002-07-24,sha256_000802,user802@example.com,555-347-7525,2021-02-23,A,PREMIER,154,2026-06-29 19:53:29.717929,2026-06-29 19:53:29.717929
804,Kevin,Rasmussen,1958-05-27,sha256_000803,user803@example.com,555-366-4939,2023-07-02,A,STUDENT,428,2026-06-29 19:53:29.717929,2026-06-29 19:53:29.717929
805,Nicholas,Bailey,1984-07-21,sha256_000804,user804@example.com,555-598-9856,2017-10-24,A,MASS,197,2026-06-29 19:53:29.717929,2026-06-29 19:53:29.717929
806,Erica,Holloway,1958-05-17,sha256_000805,user805@example.com,555-973-3292,2018-06-15,A,SMALL_BIZ,371,2026-06-29 19:53:29.717929,2026-06-29 19:53:29.717929
807,William,Bates,1968-02-06,sha256_000806,user806@example.com,555-280-9204,2013-01-06,I,SMALL_BIZ,499,2026-06-29 19:53:29.717929,2026-06-29 19:53:29.717929
808,Deborah,Lynch,1997-12-28,sha256_000807,user807@example.com,555-554-1879,2017-01-27,I,PREMIER,224,2026-06-29 19:53:29.717929,2026-06-29 19:53:29.717929
809,Caleb,Mcneil,1961-06-28,sha256_000808,user808@example.com,555-437-2245,2013-02-07,A,MASS,310,2026-06-29 19:53:29.717929,2026-06-29 19:53:29.717929
810,Jose,Dawson,1984-05-29,sha256_000809,user809@example.com,555-987-7499,2024-05-05,A,MASS,16,2026-06-29 19:53:29.717929,2026-06-29 19:53:29.717929
811,Edward,Cannon,2001-04-12,sha256_000810,user810@example.com,555-849-5478,2015-12-13,C,WEALTH,252,2026-06-29 19:53:29.717929,2026-06-29 19:53:29.717929
812,Leah,Greene,2001-10-08,sha256_000811,user811@example.com,555-433-6829,2023-07-04,I,STUDENT,482,2026-06-29 19:53:29.717929,2026-06-29 19:53:29.717929
813,Jennifer,Rios,1985-09-29,sha256_000812,user812@example.com,555-584-8075,2021-08-24,A,DIGITAL,349,2026-06-29 19:53:29.717929,2026-06-29 19:53:29.717929
814,Robert,Price,2008-04-27,sha256_000813,user813@example.com,555-799-7227,2015-05-12,I,PREMIER,396,2026-06-29 19:53:29.717929,2026-06-29 19:53:29.717929
815,Ashley,Lee,1943-11-10,sha256_000814,user814@example.com,555-833-5839,2022-01-20,I,DIGITAL,366,2026-06-29 19:53:29.717929,2026-06-29 19:53:29.717929
816,Amanda,Glover,1990-03-03,sha256_000815,user815@example.com,555-275-2344,2014-10-22,A,MASS,79,2026-06-29 19:53:29.717929,2026-06-29 19:53:29.717929
817,William,Bruce,2002-03-24,sha256_000816,user816@example.com,555-589-3527,2021-07-07,A,SMALL_BIZ,200,2026-06-29 19:53:29.717929,2026-06-29 19:53:29.717929
818,Howard,Davis,1997-10-24,sha256_000817,user817@example.com,555-524-6909,2024-07-26,A,PREMIER,47,2026-06-29 19:53:29.717929,2026-06-29 19:53:29.717929
819,Lindsey,Hines,1950-01-23,sha256_000818,user818@example.com,555-205-6050,2015-05-08,A,WEALTH,185,2026-06-29 19:53:29.717929,2026-06-29 19:53:29.717929
820,Matthew,Davis,1953-10-03,sha256_000819,user819@example.com,555-979-5419,2021-08-18,A,PREMIER,68,2026-06-29 19:53:29.717929,2026-06-29 19:53:29.717929
821,Kurt,French,1965-04-18,sha256_000820,user820@example.com,555-289-4070,2022-08-05,A,WEALTH,230,2026-06-29 19:53:29.717929,2026-06-29 19:53:29.717929
822,Kelly,York,1963-09-09,sha256_000821,user821@example.com,555-770-9395,2015-05-18,A,WEALTH,53,2026-06-29 19:53:29.717929,2026-06-29 19:53:29.717929
823,Brandy,Blackburn,1973-01-06,sha256_000822,user822@example.com,555-226-2468,2024-05-31,A,MASS,284,2026-06-29 19:53:29.717929,2026-06-29 19:53:29.717929
824,Vincent,Dillon,1946-04-06,sha256_000823,user823@example.com,555-295-6315,2024-10-04,A,WEALTH,7,2026-06-29 19:53:29.717929,2026-06-29 19:53:29.717929
825,Brian,Dickerson,1967-01-23,sha256_000824,user824@example.com,555-498-7779,2015-12-10,A,WEALTH,399,2026-06-29 19:53:29.717929,2026-06-29 19:53:29.717929
826,Robert,Hudson,1950-09-11,sha256_000825,user825@example.com,555-286-4977,2014-06-24,I,STUDENT,267,2026-06-29 19:53:29.717929,2026-06-29 19:53:29.717929
827,Leslie,Baldwin,2002-03-26,sha256_000826,user826@example.com,555-373-7237,2018-04-26,A,DIGITAL,72,2026-06-29 19:53:29.717929,2026-06-29 19:53:29.717929
828,Crystal,Thompson,1993-09-05,sha256_000827,user827@example.com,555-475-5933,2018-10-06,A,MASS,253,2026-06-29 19:53:29.717929,2026-06-29 19:53:29.717929
829,Joshua,Juarez,1984-01-01,sha256_000828,user828@example.com,555-349-2036,2011-07-24,A,DIGITAL,223,2026-06-29 19:53:29.717929,2026-06-29 19:53:29.717929
830,Tracy,Gallagher,1952-10-14,sha256_000829,user829@example.com,555-482-7899,2022-11-23,A,MASS,248,2026-06-29 19:53:29.717929,2026-06-29 19:53:29.717929
831,Cynthia,Powell,1947-05-23,sha256_000830,user830@example.com,555-278-6916,2020-08-28,A,MASS,484,2026-06-29 19:53:29.717929,2026-06-29 19:53:29.717929
832,Benjamin,Gonzalez,2006-03-02,sha256_000831,user831@example.com,555-452-9123,2017-03-17,A,STUDENT,316,2026-06-29 19:53:29.717929,2026-06-29 19:53:29.717929
833,Marco,Whitaker,1966-06-28,sha256_000832,user832@example.com,555-400-8501,2011-09-13,A,PREMIER,70,2026-06-29 19:53:29.717929,2026-06-29 19:53:29.717929
834,Courtney,Wright,1954-04-05,sha256_000833,user833@example.com,555-511-1110,2021-08-02,A,WEALTH,171,2026-06-29 19:53:29.717929,2026-06-29 19:53:29.717929
835,David,Reyes,1987-12-16,sha256_000834,user834@example.com,555-835-7224,2016-08-17,A,MASS,226,2026-06-29 19:53:29.717929,2026-06-29 19:53:29.717929
836,Madison,Evans,1980-12-06,sha256_000835,user835@example.com,555-542-8055,2013-12-25,A,SMALL_BIZ,499,2026-06-29 19:53:29.717929,2026-06-29 19:53:29.717929
837,Caitlyn,Morgan,1960-12-22,sha256_000836,user836@example.com,555-808-3230,2022-05-07,I,MASS,165,2026-06-29 19:53:29.717929,2026-06-29 19:53:29.717929
838,Matthew,Valenzuela,2000-12-25,sha256_000837,user837@example.com,555-817-4290,2026-05-05,A,WEALTH,161,2026-06-29 19:53:29.717929,2026-06-29 19:53:29.717929
839,Stacy,Hull,1965-07-24,sha256_000838,user838@example.com,555-381-7524,2014-04-20,A,MASS,150,2026-06-29 19:53:29.717929,2026-06-29 19:53:29.717929
840,Jessica,Anderson,1968-07-08,sha256_000839,user839@example.com,555-952-9044,2014-11-24,A,STUDENT,401,2026-06-29 19:53:29.717929,2026-06-29 19:53:29.717929
841,Gary,Richardson,1990-09-03,sha256_000840,user840@example.com,555-448-6339,2020-04-15,A,WEALTH,144,2026-06-29 19:53:29.717929,2026-06-29 19:53:29.717929
842,Nancy,Scott,1985-01-28,sha256_000841,user841@example.com,555-602-6980,2012-01-18,A,PREMIER,478,2026-06-29 19:53:29.717929,2026-06-29 19:53:29.717929
843,Virginia,Stanley,1977-04-26,sha256_000842,user842@example.com,555-777-4273,2012-03-19,A,STUDENT,280,2026-06-29 19:53:29.717929,2026-06-29 19:53:29.717929
844,Hannah,Butler,1985-04-12,sha256_000843,user843@example.com,555-384-1440,2011-10-14,C,SMALL_BIZ,237,2026-06-29 19:53:29.717929,2026-06-29 19:53:29.717929
845,Thomas,Hernandez,1966-12-20,sha256_000844,user844@example.com,555-925-4434,2019-08-28,A,WEALTH,409,2026-06-29 19:53:29.717929,2026-06-29 19:53:29.717929
846,Kevin,Stanley,1988-01-26,sha256_000845,user845@example.com,555-498-2133,2020-11-22,A,WEALTH,345,2026-06-29 19:53:29.717929,2026-06-29 19:53:29.717929
847,Catherine,Taylor,1985-11-16,sha256_000846,user846@example.com,555-711-3280,2015-07-09,A,SMALL_BIZ,156,2026-06-29 19:53:29.717929,2026-06-29 19:53:29.717929
848,Jennifer,Wilson,1997-02-21,sha256_000847,user847@example.com,555-447-5139,2013-01-20,C,SMALL_BIZ,79,2026-06-29 19:53:29.717929,2026-06-29 19:53:29.717929
849,James,Gonzalez,1949-02-17,sha256_000848,user848@example.com,555-932-7932,2013-01-28,A,WEALTH,38,2026-06-29 19:53:29.717929,2026-06-29 19:53:29.717929
850,James,Warner,1959-02-10,sha256_000849,user849@example.com,555-659-8851,2019-04-18,A,STUDENT,206,2026-06-29 19:53:29.717929,2026-06-29 19:53:29.717929
851,Tyler,Clark,1961-04-12,sha256_000850,user850@example.com,555-747-9300,2012-01-29,A,SMALL_BIZ,215,2026-06-29 19:53:29.717929,2026-06-29 19:53:29.717929
852,Aaron,Powers,2004-01-04,sha256_000851,user851@example.com,555-756-1602,2016-06-03,A,MASS,360,2026-06-29 19:53:29.717929,2026-06-29 19:53:29.717929
853,Elizabeth,Hernandez,2002-04-02,sha256_000852,user852@example.com,555-749-2392,2023-12-14,A,PREMIER,394,2026-06-29 19:53:29.717929,2026-06-29 19:53:29.717929
854,Jennifer,Garcia,1947-07-12,sha256_000853,user853@example.com,555-454-6816,2019-02-15,I,DIGITAL,332,2026-06-29 19:53:29.717929,2026-06-29 19:53:29.717929
855,Vanessa,Phillips,1958-08-20,sha256_000854,user854@example.com,555-827-1725,2014-12-09,A,STUDENT,331,2026-06-29 19:53:29.717929,2026-06-29 19:53:29.717929
856,Gregg,Williams,1972-08-06,sha256_000855,user855@example.com,555-893-7547,2012-12-23,A,MASS,495,2026-06-29 19:53:29.717929,2026-06-29 19:53:29.717929
857,Larry,Rodgers,1960-12-16,sha256_000856,user856@example.com,555-640-2735,2023-06-13,A,PREMIER,51,2026-06-29 19:53:29.717929,2026-06-29 19:53:29.717929
858,Brandon,Christian,1947-11-09,sha256_000857,user857@example.com,555-464-4637,2022-10-20,A,STUDENT,383,2026-06-29 19:53:29.717929,2026-06-29 19:53:29.717929
859,Michael,Kim,1985-12-07,sha256_000858,user858@example.com,555-731-4621,2014-01-13,A,WEALTH,192,2026-06-29 19:53:29.717929,2026-06-29 19:53:29.717929
860,Christopher,Briggs,1983-02-25,sha256_000859,user859@example.com,555-600-8586,2024-08-05,A,SMALL_BIZ,302,2026-06-29 19:53:29.717929,2026-06-29 19:53:29.717929
861,Suzanne,Nelson,1953-09-28,sha256_000860,user860@example.com,555-907-9199,2017-06-20,A,DIGITAL,177,2026-06-29 19:53:29.717929,2026-06-29 19:53:29.717929
862,Lauren,Banks,1967-05-02,sha256_000861,user861@example.com,555-225-8909,2024-03-07,A,PREMIER,152,2026-06-29 19:53:29.717929,2026-06-29 19:53:29.717929
863,Heather,Brown,1994-11-19,sha256_000862,user862@example.com,555-625-2406,2013-03-06,A,PREMIER,426,2026-06-29 19:53:29.717929,2026-06-29 19:53:29.717929
864,Robert,Garza,2004-08-20,sha256_000863,user863@example.com,555-947-3321,2013-11-13,A,MASS,160,2026-06-29 19:53:29.717929,2026-06-29 19:53:29.717929
865,Howard,James,1995-03-30,sha256_000864,user864@example.com,555-551-8460,2021-08-11,A,DIGITAL,267,2026-06-29 19:53:29.717929,2026-06-29 19:53:29.717929
866,Gabrielle,Roberson,1965-07-08,sha256_000865,user865@example.com,555-694-6706,2011-12-03,A,WEALTH,50,2026-06-29 19:53:29.717929,2026-06-29 19:53:29.717929
867,Samantha,Rodriguez,2006-09-17,sha256_000866,user866@example.com,555-648-8412,2013-06-09,A,MASS,35,2026-06-29 19:53:29.717929,2026-06-29 19:53:29.717929
868,Jose,Edwards,1969-01-17,sha256_000867,user867@example.com,555-507-1732,2012-03-05,A,SMALL_BIZ,59,2026-06-29 19:53:29.717929,2026-06-29 19:53:29.717929
869,Katrina,Ray,1988-09-11,sha256_000868,user868@example.com,555-223-6620,2021-08-09,I,SMALL_BIZ,56,2026-06-29 19:53:29.717929,2026-06-29 19:53:29.717929
870,Elizabeth,Morgan,1979-05-07,sha256_000869,user869@example.com,555-893-3692,2026-01-29,I,SMALL_BIZ,125,2026-06-29 19:53:29.717929,2026-06-29 19:53:29.717929
871,Cody,Stanley,1976-07-15,sha256_000870,user870@example.com,555-728-3858,2021-12-10,A,STUDENT,82,2026-06-29 19:53:29.717929,2026-06-29 19:53:29.717929
872,Erica,Cruz,1958-02-22,sha256_000871,user871@example.com,555-538-7985,2016-08-24,A,WEALTH,119,2026-06-29 19:53:29.717929,2026-06-29 19:53:29.717929
873,Vanessa,Brown,1997-09-14,sha256_000872,user872@example.com,555-614-4022,2019-10-27,A,DIGITAL,328,2026-06-29 19:53:29.717929,2026-06-29 19:53:29.717929
874,Melinda,Christian,1984-08-06,sha256_000873,user873@example.com,555-873-8080,2013-10-31,A,WEALTH,15,2026-06-29 19:53:29.717929,2026-06-29 19:53:29.717929
875,Travis,Allen,1999-09-28,sha256_000874,user874@example.com,555-955-4232,2012-08-09,A,WEALTH,304,2026-06-29 19:53:29.717929,2026-06-29 19:53:29.717929
876,Jeffrey,Schneider,2006-06-28,sha256_000875,user875@example.com,555-639-7370,2012-03-29,A,PREMIER,361,2026-06-29 19:53:29.717929,2026-06-29 19:53:29.717929
877,Stephen,Solis,1968-07-05,sha256_000876,user876@example.com,555-419-4371,2014-12-30,A,MASS,386,2026-06-29 19:53:29.717929,2026-06-29 19:53:29.717929
878,Sergio,Wilson,1971-07-07,sha256_000877,user877@example.com,555-920-2025,2024-04-08,A,STUDENT,53,2026-06-29 19:53:29.717929,2026-06-29 19:53:29.717929
879,Curtis,Gutierrez,1974-10-25,sha256_000878,user878@example.com,555-749-4063,2021-03-28,A,MASS,167,2026-06-29 19:53:29.717929,2026-06-29 19:53:29.717929
880,Christopher,Munoz,1978-10-26,sha256_000879,user879@example.com,555-401-8496,2011-06-29,A,PREMIER,135,2026-06-29 19:53:29.717929,2026-06-29 19:53:29.717929
881,William,Clark,1982-12-20,sha256_000880,user880@example.com,555-886-9019,2016-01-13,A,STUDENT,495,2026-06-29 19:53:29.717929,2026-06-29 19:53:29.717929
882,Michael,Brown,1986-06-24,sha256_000881,user881@example.com,555-854-6134,2025-09-01,A,STUDENT,199,2026-06-29 19:53:29.717929,2026-06-29 19:53:29.717929
883,Ann,Harvey,1956-06-05,sha256_000882,user882@example.com,555-825-7431,2018-04-09,A,STUDENT,59,2026-06-29 19:53:29.717929,2026-06-29 19:53:29.717929
884,Jennifer,Wilson,1973-03-11,sha256_000883,user883@example.com,555-556-6766,2021-04-17,A,WEALTH,317,2026-06-29 19:53:29.717929,2026-06-29 19:53:29.717929
885,Matthew,Gallegos,1992-05-13,sha256_000884,user884@example.com,555-376-5873,2014-10-19,A,STUDENT,303,2026-06-29 19:53:29.717929,2026-06-29 19:53:29.717929
886,Alejandra,Park,2006-02-08,sha256_000885,user885@example.com,555-286-3194,2015-11-06,A,MASS,61,2026-06-29 19:53:29.717929,2026-06-29 19:53:29.717929
887,Donald,Love,1944-07-23,sha256_000886,user886@example.com,555-444-6003,2013-12-09,A,PREMIER,94,2026-06-29 19:53:29.717929,2026-06-29 19:53:29.717929
888,Cheryl,Lopez,1989-11-01,sha256_000887,user887@example.com,555-582-3316,2013-01-31,A,STUDENT,199,2026-06-29 19:53:29.717929,2026-06-29 19:53:29.717929
889,Stephen,Harrington,2003-10-25,sha256_000888,user888@example.com,555-628-3258,2017-05-08,A,STUDENT,197,2026-06-29 19:53:29.717929,2026-06-29 19:53:29.717929
890,Robert,House,1989-07-07,sha256_000889,user889@example.com,555-633-4043,2013-02-05,A,WEALTH,326,2026-06-29 19:53:29.717929,2026-06-29 19:53:29.717929
891,Kelsey,Hayes,1997-08-07,sha256_000890,user890@example.com,555-750-3838,2020-04-10,A,STUDENT,86,2026-06-29 19:53:29.717929,2026-06-29 19:53:29.717929
892,Dennis,Porter,1985-08-10,sha256_000891,user891@example.com,555-701-5732,2025-10-03,I,DIGITAL,96,2026-06-29 19:53:29.717929,2026-06-29 19:53:29.717929
893,Savannah,Roberson,1977-01-09,sha256_000892,user892@example.com,555-522-8389,2012-03-19,I,STUDENT,28,2026-06-29 19:53:29.717929,2026-06-29 19:53:29.717929
894,Samantha,Thompson,1973-11-05,sha256_000893,user893@example.com,555-567-1157,2019-01-27,A,WEALTH,70,2026-06-29 19:53:29.717929,2026-06-29 19:53:29.717929
895,David,Hughes,1980-04-02,sha256_000894,user894@example.com,555-399-7290,2022-05-22,A,STUDENT,259,2026-06-29 19:53:29.717929,2026-06-29 19:53:29.717929
896,William,Cruz,1981-09-22,sha256_000895,user895@example.com,555-868-9109,2024-08-28,A,WEALTH,351,2026-06-29 19:53:29.717929,2026-06-29 19:53:29.717929
897,Kathryn,Hill,2007-02-12,sha256_000896,user896@example.com,555-703-7809,2025-02-25,A,SMALL_BIZ,431,2026-06-29 19:53:29.717929,2026-06-29 19:53:29.717929
898,Shawn,Anderson,2006-01-19,sha256_000897,user897@example.com,555-654-9006,2025-12-20,I,DIGITAL,43,2026-06-29 19:53:29.717929,2026-06-29 19:53:29.717929
899,Kaitlyn,Evans,1969-02-22,sha256_000898,user898@example.com,555-778-1505,2021-12-07,A,DIGITAL,150,2026-06-29 19:53:29.717929,2026-06-29 19:53:29.717929
900,Jennifer,Walls,1988-06-28,sha256_000899,user899@example.com,555-233-5503,2024-04-30,A,DIGITAL,276,2026-06-29 19:53:29.717929,2026-06-29 19:53:29.717929
901,Claudia,Roberts,1983-11-15,sha256_000900,user900@example.com,555-495-3755,2014-06-27,A,WEALTH,290,2026-06-29 19:53:29.717929,2026-06-29 19:53:29.717929
902,Tina,Santos,1964-08-16,sha256_000901,user901@example.com,555-960-9115,2021-07-09,A,STUDENT,262,2026-06-29 19:53:29.717929,2026-06-29 19:53:29.717929
903,Heather,Morris,2005-09-12,sha256_000902,user902@example.com,555-315-2871,2019-01-03,A,MASS,397,2026-06-29 19:53:29.717929,2026-06-29 19:53:29.717929
904,Timothy,Duncan,1949-03-23,sha256_000903,user903@example.com,555-756-7010,2016-09-29,A,STUDENT,422,2026-06-29 19:53:29.717929,2026-06-29 19:53:29.717929
905,Julie,Skinner,1986-03-11,sha256_000904,user904@example.com,555-974-1681,2017-09-19,A,SMALL_BIZ,226,2026-06-29 19:53:29.717929,2026-06-29 19:53:29.717929
906,Lindsey,Mills,1960-08-24,sha256_000905,user905@example.com,555-759-4580,2024-02-17,I,WEALTH,53,2026-06-29 19:53:29.717929,2026-06-29 19:53:29.717929
907,Ellen,Gonzalez,1943-03-09,sha256_000906,user906@example.com,555-953-5055,2013-08-28,A,MASS,448,2026-06-29 19:53:29.717929,2026-06-29 19:53:29.717929
908,Justin,King,1991-10-02,sha256_000907,user907@example.com,555-233-8368,2013-11-21,A,MASS,179,2026-06-29 19:53:29.717929,2026-06-29 19:53:29.717929
909,Kenneth,Molina,1997-09-23,sha256_000908,user908@example.com,555-289-8193,2021-10-17,A,PREMIER,398,2026-06-29 19:53:29.717929,2026-06-29 19:53:29.717929
910,Curtis,Parrish,1943-08-28,sha256_000909,user909@example.com,555-442-4438,2023-08-20,A,SMALL_BIZ,302,2026-06-29 19:53:29.717929,2026-06-29 19:53:29.717929
911,Julia,Hoffman,1991-01-14,sha256_000910,user910@example.com,555-905-6744,2024-05-23,A,SMALL_BIZ,313,2026-06-29 19:53:29.717929,2026-06-29 19:53:29.717929
912,Lauren,Roberts,1957-05-30,sha256_000911,user911@example.com,555-847-8015,2023-03-11,A,DIGITAL,316,2026-06-29 19:53:29.717929,2026-06-29 19:53:29.717929
913,Paul,Frye,1986-01-04,sha256_000912,user912@example.com,555-342-4385,2025-04-24,A,DIGITAL,413,2026-06-29 19:53:29.717929,2026-06-29 19:53:29.717929
914,Andrea,Smith,2006-11-14,sha256_000913,user913@example.com,555-260-6747,2016-02-26,A,STUDENT,144,2026-06-29 19:53:29.717929,2026-06-29 19:53:29.717929
915,Kimberly,Berg,1958-05-01,sha256_000914,user914@example.com,555-811-9827,2020-09-30,A,DIGITAL,166,2026-06-29 19:53:29.717929,2026-06-29 19:53:29.717929
916,Janet,Holland,1997-02-05,sha256_000915,user915@example.com,555-920-5794,2025-02-01,A,MASS,294,2026-06-29 19:53:29.717929,2026-06-29 19:53:29.717929
917,Carrie,Parsons,1992-01-31,sha256_000916,user916@example.com,555-473-9428,2019-08-24,A,SMALL_BIZ,418,2026-06-29 19:53:29.717929,2026-06-29 19:53:29.717929
918,Gregory,Fleming,2006-02-05,sha256_000917,user917@example.com,555-297-3221,2015-11-17,I,WEALTH,471,2026-06-29 19:53:29.717929,2026-06-29 19:53:29.717929
919,Willie,Bennett,1954-01-07,sha256_000918,user918@example.com,555-260-5543,2014-01-31,A,SMALL_BIZ,65,2026-06-29 19:53:29.717929,2026-06-29 19:53:29.717929
920,David,Silva,1970-03-15,sha256_000919,user919@example.com,555-918-3174,2019-10-17,A,DIGITAL,75,2026-06-29 19:53:29.717929,2026-06-29 19:53:29.717929
921,Jenna,Moore,1958-07-30,sha256_000920,user920@example.com,555-928-6277,2016-06-03,I,DIGITAL,390,2026-06-29 19:53:29.717929,2026-06-29 19:53:29.717929
922,Brent,Randolph,1951-10-16,sha256_000921,user921@example.com,555-892-7434,2016-04-21,A,WEALTH,73,2026-06-29 19:53:29.717929,2026-06-29 19:53:29.717929
923,Tracy,Armstrong,1982-09-26,sha256_000922,user922@example.com,555-791-5402,2021-05-13,I,SMALL_BIZ,213,2026-06-29 19:53:29.717929,2026-06-29 19:53:29.717929
924,Louis,Robinson,1965-06-25,sha256_000923,user923@example.com,555-584-8405,2023-03-10,A,PREMIER,325,2026-06-29 19:53:29.717929,2026-06-29 19:53:29.717929
925,William,Perry,1953-10-23,sha256_000924,user924@example.com,555-987-2525,2012-07-04,A,WEALTH,264,2026-06-29 19:53:29.717929,2026-06-29 19:53:29.717929
926,Jeffrey,Lewis,1977-06-21,sha256_000925,user925@example.com,555-967-5558,2012-11-11,A,SMALL_BIZ,480,2026-06-29 19:53:29.717929,2026-06-29 19:53:29.717929
927,Jeffery,Goodwin,1963-09-23,sha256_000926,user926@example.com,555-577-8449,2016-11-14,A,WEALTH,168,2026-06-29 19:53:29.717929,2026-06-29 19:53:29.717929
928,Madison,Zavala,1977-01-12,sha256_000927,user927@example.com,555-795-1040,2026-05-11,A,SMALL_BIZ,48,2026-06-29 19:53:29.717929,2026-06-29 19:53:29.717929
929,Sean,Conway,1942-01-30,sha256_000928,user928@example.com,555-948-8511,2021-06-21,A,SMALL_BIZ,341,2026-06-29 19:53:29.717929,2026-06-29 19:53:29.717929
930,Susan,Fleming,1982-08-10,sha256_000929,user929@example.com,555-914-6869,2020-10-03,A,PREMIER,408,2026-06-29 19:53:29.717929,2026-06-29 19:53:29.717929
931,Sierra,Cruz,1962-12-29,sha256_000930,user930@example.com,555-747-7516,2025-02-25,A,DIGITAL,496,2026-06-29 19:53:29.717929,2026-06-29 19:53:29.717929
932,Rhonda,Short,1977-09-08,sha256_000931,user931@example.com,555-639-4470,2015-09-17,I,WEALTH,138,2026-06-29 19:53:29.717929,2026-06-29 19:53:29.717929
933,Sean,Williams,1966-08-12,sha256_000932,user932@example.com,555-530-5646,2023-06-20,C,MASS,281,2026-06-29 19:53:29.717929,2026-06-29 19:53:29.717929
934,Willie,Vaughan,2001-09-03,sha256_000933,user933@example.com,555-791-3139,2014-05-13,A,STUDENT,437,2026-06-29 19:53:29.717929,2026-06-29 19:53:29.717929
935,Amanda,Smith,1952-09-15,sha256_000934,user934@example.com,555-696-6631,2025-10-03,A,SMALL_BIZ,391,2026-06-29 19:53:29.717929,2026-06-29 19:53:29.717929
936,Kim,Hancock,1945-11-17,sha256_000935,user935@example.com,555-249-1752,2021-06-28,A,PREMIER,321,2026-06-29 19:53:29.717929,2026-06-29 19:53:29.717929
937,Amanda,Park,1969-11-29,sha256_000936,user936@example.com,555-670-1266,2013-01-15,A,PREMIER,476,2026-06-29 19:53:29.717929,2026-06-29 19:53:29.717929
938,Deborah,Case,2006-11-24,sha256_000937,user937@example.com,555-361-8230,2023-01-21,I,WEALTH,1,2026-06-29 19:53:29.717929,2026-06-29 19:53:29.717929
939,Stephen,Rivera,1991-07-14,sha256_000938,user938@example.com,555-638-4314,2013-10-13,A,SMALL_BIZ,466,2026-06-29 19:53:29.717929,2026-06-29 19:53:29.717929
940,Laura,Grant,1947-05-10,sha256_000939,user939@example.com,555-335-5945,2012-04-19,A,DIGITAL,448,2026-06-29 19:53:29.717929,2026-06-29 19:53:29.717929
941,Jonathan,Hughes,1980-01-05,sha256_000940,user940@example.com,555-480-2529,2014-11-20,A,SMALL_BIZ,185,2026-06-29 19:53:29.717929,2026-06-29 19:53:29.717929
942,Andre,Nunez,1983-09-19,sha256_000941,user941@example.com,555-456-2350,2017-12-13,A,MASS,341,2026-06-29 19:53:29.717929,2026-06-29 19:53:29.717929
943,Christine,Avila,1977-04-28,sha256_000942,user942@example.com,555-864-3711,2021-01-22,A,PREMIER,203,2026-06-29 19:53:29.717929,2026-06-29 19:53:29.717929
944,Charles,Reilly,1980-09-22,sha256_000943,user943@example.com,555-840-6005,2021-12-12,I,SMALL_BIZ,359,2026-06-29 19:53:29.717929,2026-06-29 19:53:29.717929
945,Kevin,Miller,1948-08-08,sha256_000944,user944@example.com,555-973-4836,2023-03-25,A,WEALTH,336,2026-06-29 19:53:29.717929,2026-06-29 19:53:29.717929
946,Randall,Guerrero,1992-10-06,sha256_000945,user945@example.com,555-293-2559,2018-01-07,A,PREMIER,110,2026-06-29 19:53:29.717929,2026-06-29 19:53:29.717929
947,Derek,Myers,1973-03-31,sha256_000946,user946@example.com,555-688-2276,2019-06-13,A,DIGITAL,304,2026-06-29 19:53:29.717929,2026-06-29 19:53:29.717929
948,Susan,Thomas,1994-12-03,sha256_000947,user947@example.com,555-431-9510,2019-08-19,I,SMALL_BIZ,228,2026-06-29 19:53:29.717929,2026-06-29 19:53:29.717929
949,Laura,Daniel,1986-11-13,sha256_000948,user948@example.com,555-209-1132,2025-02-16,I,SMALL_BIZ,176,2026-06-29 19:53:29.717929,2026-06-29 19:53:29.717929
950,Angela,Peters,1966-06-28,sha256_000949,user949@example.com,555-323-7919,2025-08-27,A,SMALL_BIZ,68,2026-06-29 19:53:29.717929,2026-06-29 19:53:29.717929
951,Candice,Medina,1949-09-30,sha256_000950,user950@example.com,555-689-2160,2011-07-26,A,DIGITAL,197,2026-06-29 19:53:29.717929,2026-06-29 19:53:29.717929
952,Kaitlin,Berger,2004-12-08,sha256_000951,user951@example.com,555-291-2678,2016-01-14,A,PREMIER,161,2026-06-29 19:53:29.717929,2026-06-29 19:53:29.717929
953,Debbie,Hunt,1964-07-12,sha256_000952,user952@example.com,555-576-5902,2017-08-24,A,DIGITAL,196,2026-06-29 19:53:29.717929,2026-06-29 19:53:29.717929
954,Mary,Lee,1952-04-10,sha256_000953,user953@example.com,555-992-3181,2014-10-14,I,SMALL_BIZ,347,2026-06-29 19:53:29.717929,2026-06-29 19:53:29.717929
955,Melissa,York,1953-08-23,sha256_000954,user954@example.com,555-346-2120,2023-06-03,A,STUDENT,289,2026-06-29 19:53:29.717929,2026-06-29 19:53:29.717929
956,Steven,Dunn,2003-12-17,sha256_000955,user955@example.com,555-208-3688,2026-04-29,A,WEALTH,180,2026-06-29 19:53:29.717929,2026-06-29 19:53:29.717929
957,Corey,Swanson,1960-12-18,sha256_000956,user956@example.com,555-939-4490,2012-06-30,A,SMALL_BIZ,384,2026-06-29 19:53:29.717929,2026-06-29 19:53:29.717929
958,David,Rios,1974-02-18,sha256_000957,user957@example.com,555-355-7745,2016-06-04,A,STUDENT,352,2026-06-29 19:53:29.717929,2026-06-29 19:53:29.717929
959,Rachel,Stewart,1948-03-12,sha256_000958,user958@example.com,555-653-4559,2020-09-24,A,PREMIER,460,2026-06-29 19:53:29.717929,2026-06-29 19:53:29.717929
960,Kevin,Silva,1971-09-07,sha256_000959,user959@example.com,555-302-3293,2020-09-07,A,PREMIER,302,2026-06-29 19:53:29.717929,2026-06-29 19:53:29.717929
961,Leslie,Patterson,1979-05-20,sha256_000960,user960@example.com,555-947-7291,2016-12-05,A,MASS,494,2026-06-29 19:53:29.717929,2026-06-29 19:53:29.717929
962,Jeffrey,Singh,1941-10-25,sha256_000961,user961@example.com,555-639-6152,2015-03-01,A,DIGITAL,127,2026-06-29 19:53:29.717929,2026-06-29 19:53:29.717929
963,Dennis,Quinn,1970-09-17,sha256_000962,user962@example.com,555-483-2380,2024-01-09,A,DIGITAL,284,2026-06-29 19:53:29.717929,2026-06-29 19:53:29.717929
964,Michael,Torres,2000-04-22,sha256_000963,user963@example.com,555-815-5668,2018-05-25,A,SMALL_BIZ,14,2026-06-29 19:53:29.717929,2026-06-29 19:53:29.717929
965,Catherine,Wilkinson,1978-06-14,sha256_000964,user964@example.com,555-874-5942,2014-02-10,A,DIGITAL,266,2026-06-29 19:53:29.717929,2026-06-29 19:53:29.717929
966,Amanda,Baker,1999-01-09,sha256_000965,user965@example.com,555-821-9348,2013-07-30,A,DIGITAL,383,2026-06-29 19:53:29.717929,2026-06-29 19:53:29.717929
967,Charles,Smith,2000-11-15,sha256_000966,user966@example.com,555-601-5842,2012-08-18,A,SMALL_BIZ,28,2026-06-29 19:53:29.717929,2026-06-29 19:53:29.717929
968,Bonnie,Sullivan,1975-06-22,sha256_000967,user967@example.com,555-445-9108,2011-12-15,A,WEALTH,58,2026-06-29 19:53:29.717929,2026-06-29 19:53:29.717929
969,Andrea,Stephens,1981-01-08,sha256_000968,user968@example.com,555-446-9185,2025-01-04,A,SMALL_BIZ,305,2026-06-29 19:53:29.717929,2026-06-29 19:53:29.717929
970,Kimberly,Diaz,2008-05-27,sha256_000969,user969@example.com,555-272-9655,2018-07-14,A,PREMIER,185,2026-06-29 19:53:29.717929,2026-06-29 19:53:29.717929
971,Jessica,Carter,1956-06-14,sha256_000970,user970@example.com,555-524-3162,2023-01-04,A,WEALTH,441,2026-06-29 19:53:29.717929,2026-06-29 19:53:29.717929
972,Randy,Shaw,1972-08-16,sha256_000971,user971@example.com,555-782-7895,2019-02-08,I,MASS,280,2026-06-29 19:53:29.717929,2026-06-29 19:53:29.717929
973,Lindsay,Mendez,1985-11-21,sha256_000972,user972@example.com,555-899-3830,2024-02-21,A,WEALTH,489,2026-06-29 19:53:29.717929,2026-06-29 19:53:29.717929
974,Sean,White,1952-08-08,sha256_000973,user973@example.com,555-988-2195,2019-02-28,A,PREMIER,301,2026-06-29 19:53:29.717929,2026-06-29 19:53:29.717929
975,Tammy,Fitzgerald,2005-01-19,sha256_000974,user974@example.com,555-269-1225,2021-04-30,A,MASS,111,2026-06-29 19:53:29.717929,2026-06-29 19:53:29.717929
976,Jeffery,Freeman,1973-11-19,sha256_000975,user975@example.com,555-240-1990,2016-11-04,A,WEALTH,260,2026-06-29 19:53:29.717929,2026-06-29 19:53:29.717929
977,Brad,Clark,1945-09-14,sha256_000976,user976@example.com,555-493-9209,2017-01-01,A,WEALTH,217,2026-06-29 19:53:29.717929,2026-06-29 19:53:29.717929
978,Terry,Gibson,2002-04-22,sha256_000977,user977@example.com,555-918-7590,2016-11-17,A,PREMIER,328,2026-06-29 19:53:29.717929,2026-06-29 19:53:29.717929
979,Mario,Padilla,1944-08-08,sha256_000978,user978@example.com,555-749-9808,2026-02-13,A,STUDENT,79,2026-06-29 19:53:29.717929,2026-06-29 19:53:29.717929
980,Mary,Baker,1976-06-03,sha256_000979,user979@example.com,555-484-2369,2023-11-13,A,MASS,41,2026-06-29 19:53:29.717929,2026-06-29 19:53:29.717929
981,Desiree,Diaz,1977-12-17,sha256_000980,user980@example.com,555-723-4329,2014-01-31,A,DIGITAL,275,2026-06-29 19:53:29.717929,2026-06-29 19:53:29.717929
982,Zachary,Bennett,1985-04-06,sha256_000981,user981@example.com,555-534-7401,2023-12-15,A,STUDENT,325,2026-06-29 19:53:29.717929,2026-06-29 19:53:29.717929
983,Michael,Parrish,2002-04-11,sha256_000982,user982@example.com,555-981-2083,2019-03-12,A,MASS,358,2026-06-29 19:53:29.717929,2026-06-29 19:53:29.717929
984,Cassandra,Shaw,1974-02-09,sha256_000983,user983@example.com,555-647-4909,2018-09-07,A,PREMIER,126,2026-06-29 19:53:29.717929,2026-06-29 19:53:29.717929
985,Chris,Schneider,1950-10-20,sha256_000984,user984@example.com,555-288-8118,2013-12-17,A,PREMIER,233,2026-06-29 19:53:29.717929,2026-06-29 19:53:29.717929
986,Michael,Love,1955-08-31,sha256_000985,user985@example.com,555-826-1901,2014-04-12,A,MASS,342,2026-06-29 19:53:29.717929,2026-06-29 19:53:29.717929
987,Lisa,Cortez,1949-06-02,sha256_000986,user986@example.com,555-959-3877,2014-12-05,A,PREMIER,7,2026-06-29 19:53:29.717929,2026-06-29 19:53:29.717929
988,Jason,Martin,1973-10-02,sha256_000987,user987@example.com,555-924-3248,2018-08-20,A,SMALL_BIZ,6,2026-06-29 19:53:29.717929,2026-06-29 19:53:29.717929
989,Bradley,Berry,1997-04-29,sha256_000988,user988@example.com,555-367-9133,2011-10-29,A,MASS,268,2026-06-29 19:53:29.717929,2026-06-29 19:53:29.717929
990,Benjamin,Armstrong,1952-04-14,sha256_000989,user989@example.com,555-729-5247,2020-11-18,A,DIGITAL,191,2026-06-29 19:53:29.717929,2026-06-29 19:53:29.717929
991,Hector,Mullen,1945-03-28,sha256_000990,user990@example.com,555-329-5403,2015-05-06,A,SMALL_BIZ,454,2026-06-29 19:53:29.717929,2026-06-29 19:53:29.717929
992,Andrew,Ball,1981-08-24,sha256_000991,user991@example.com,555-320-1480,2019-11-25,A,MASS,414,2026-06-29 19:53:29.717929,2026-06-29 19:53:29.717929
993,Christopher,Cole,1985-10-29,sha256_000992,user992@example.com,555-639-5456,2015-09-20,A,STUDENT,33,2026-06-29 19:53:29.717929,2026-06-29 19:53:29.717929
994,George,Greer,2008-01-03,sha256_000993,user993@example.com,555-469-2262,2024-06-05,A,WEALTH,234,2026-06-29 19:53:29.717929,2026-06-29 19:53:29.717929
995,Lori,White,1981-09-30,sha256_000994,user994@example.com,555-723-6900,2023-05-06,A,PREMIER,256,2026-06-29 19:53:29.717929,2026-06-29 19:53:29.717929
996,Jennifer,Cooper,1985-09-08,sha256_000995,user995@example.com,555-780-3734,2015-06-09,A,MASS,81,2026-06-29 19:53:29.717929,2026-06-29 19:53:29.717929
997,Jerry,Cruz,1971-11-15,sha256_000996,user996@example.com,555-461-2685,2020-04-20,I,STUDENT,346,2026-06-29 19:53:29.717929,2026-06-29 19:53:29.717929
998,Michele,Gordon,1948-10-06,sha256_000997,user997@example.com,555-940-2889,2014-07-05,A,DIGITAL,380,2026-06-29 19:53:29.717929,2026-06-29 19:53:29.717929
999,Cole,Alvarez,1969-08-13,sha256_000998,user998@example.com,555-721-1042,2013-09-20,C,PREMIER,440,2026-06-29 19:53:29.717929,2026-06-29 19:53:29.717929
1000,Kristen,Gordon,1982-09-05,sha256_000999,user999@example.com,555-212-5006,2012-01-27,A,PREMIER,242,2026-06-29 19:53:29.717929,2026-06-29 19:53:29.717929
1001,David,Munoz,1949-05-13,sha256_001000,user1000@example.com,555-572-7274,2018-09-07,A,DIGITAL,92,2026-06-29 19:53:29.717929,2026-06-29 19:53:29.717929
1002,Kimberly,Banks,1996-12-07,sha256_001001,user1001@example.com,555-236-7870,2024-11-14,A,DIGITAL,165,2026-06-29 19:53:29.717929,2026-06-29 19:53:29.717929
1003,Bradley,Moreno,1976-06-19,sha256_001002,user1002@example.com,555-454-7819,2017-01-06,I,SMALL_BIZ,164,2026-06-29 19:53:29.717929,2026-06-29 19:53:29.717929
1004,Kristine,James,1956-11-12,sha256_001003,user1003@example.com,555-477-2276,2023-06-17,A,STUDENT,191,2026-06-29 19:53:29.717929,2026-06-29 19:53:29.717929
1005,Kathleen,Horton,1980-12-15,sha256_001004,user1004@example.com,555-322-9225,2022-07-20,A,SMALL_BIZ,462,2026-06-29 19:53:29.717929,2026-06-29 19:53:29.717929
1006,Thomas,Hall,1948-01-15,sha256_001005,user1005@example.com,555-253-3938,2013-06-27,A,DIGITAL,412,2026-06-29 19:53:29.717929,2026-06-29 19:53:29.717929
1007,Nancy,Ortiz,1999-01-17,sha256_001006,user1006@example.com,555-728-1752,2015-09-19,A,WEALTH,36,2026-06-29 19:53:29.717929,2026-06-29 19:53:29.717929
1008,Kristine,Lane,1954-02-26,sha256_001007,user1007@example.com,555-676-5625,2022-01-26,I,MASS,168,2026-06-29 19:53:29.717929,2026-06-29 19:53:29.717929
1009,Diamond,Watts,1949-05-21,sha256_001008,user1008@example.com,555-288-8483,2011-08-07,A,PREMIER,189,2026-06-29 19:53:29.717929,2026-06-29 19:53:29.717929
1010,Eric,Pearson,1962-08-28,sha256_001009,user1009@example.com,555-405-5777,2016-11-23,A,STUDENT,402,2026-06-29 19:53:29.717929,2026-06-29 19:53:29.717929
1011,Rodney,Diaz,1958-06-26,sha256_001010,user1010@example.com,555-511-4974,2024-03-30,A,WEALTH,189,2026-06-29 19:53:29.717929,2026-06-29 19:53:29.717929
1012,Kari,Gutierrez,1959-12-15,sha256_001011,user1011@example.com,555-805-9083,2021-08-23,C,DIGITAL,376,2026-06-29 19:53:29.717929,2026-06-29 19:53:29.717929
1013,Mitchell,Peters,1994-01-02,sha256_001012,user1012@example.com,555-759-5016,2018-09-08,I,DIGITAL,4,2026-06-29 19:53:29.717929,2026-06-29 19:53:29.717929
1014,Maxwell,Thornton,1958-06-30,sha256_001013,user1013@example.com,555-619-1391,2016-01-24,A,DIGITAL,278,2026-06-29 19:53:29.717929,2026-06-29 19:53:29.717929
1015,Donna,Adkins,1990-10-15,sha256_001014,user1014@example.com,555-554-1157,2024-03-30,A,MASS,1,2026-06-29 19:53:29.717929,2026-06-29 19:53:29.717929
1016,Evan,Lewis,1971-05-31,sha256_001015,user1015@example.com,555-977-7164,2021-12-03,I,SMALL_BIZ,373,2026-06-29 19:53:29.717929,2026-06-29 19:53:29.717929
1017,Andrea,Terry,1968-04-30,sha256_001016,user1016@example.com,555-514-2703,2016-07-16,A,DIGITAL,272,2026-06-29 19:53:29.717929,2026-06-29 19:53:29.717929
1018,Tamara,Smith,1988-11-04,sha256_001017,user1017@example.com,555-443-7878,2013-11-20,A,WEALTH,493,2026-06-29 19:53:29.717929,2026-06-29 19:53:29.717929
1019,Sara,Graham,1947-08-06,sha256_001018,user1018@example.com,555-261-3332,2013-08-28,I,SMALL_BIZ,144,2026-06-29 19:53:29.717929,2026-06-29 19:53:29.717929
1020,Christopher,Johnson,1945-10-14,sha256_001019,user1019@example.com,555-295-1719,2014-10-19,A,DIGITAL,460,2026-06-29 19:53:29.717929,2026-06-29 19:53:29.717929
1021,Christina,Meyer,1967-03-29,sha256_001020,user1020@example.com,555-732-7767,2026-03-06,A,SMALL_BIZ,459,2026-06-29 19:53:29.717929,2026-06-29 19:53:29.717929
1022,Sonya,Wilkins,1989-03-02,sha256_001021,user1021@example.com,555-581-8511,2020-05-27,A,SMALL_BIZ,44,2026-06-29 19:53:29.717929,2026-06-29 19:53:29.717929
1023,James,Sandoval,1984-05-22,sha256_001022,user1022@example.com,555-794-2565,2018-01-14,I,STUDENT,69,2026-06-29 19:53:29.717929,2026-06-29 19:53:29.717929
1024,Arthur,Greene,1995-05-09,sha256_001023,user1023@example.com,555-852-7461,2015-10-04,C,PREMIER,304,2026-06-29 19:53:29.717929,2026-06-29 19:53:29.717929
1025,Gavin,Johnson,1976-01-19,sha256_001024,user1024@example.com,555-781-2020,2014-12-12,I,WEALTH,340,2026-06-29 19:53:29.717929,2026-06-29 19:53:29.717929
1026,Eric,Shea,1957-07-09,sha256_001025,user1025@example.com,555-333-4879,2011-06-30,A,MASS,134,2026-06-29 19:53:29.717929,2026-06-29 19:53:29.717929
1027,Randall,Willis,1993-09-23,sha256_001026,user1026@example.com,555-522-7438,2016-10-04,I,SMALL_BIZ,426,2026-06-29 19:53:29.717929,2026-06-29 19:53:29.717929
1028,Casey,Davis,1976-03-06,sha256_001027,user1027@example.com,555-953-6345,2022-06-26,I,MASS,232,2026-06-29 19:53:29.717929,2026-06-29 19:53:29.717929
1029,Robyn,Bailey,1960-07-20,sha256_001028,user1028@example.com,555-478-4827,2023-11-14,A,PREMIER,484,2026-06-29 19:53:29.717929,2026-06-29 19:53:29.717929
1030,Catherine,Lee,2006-01-11,sha256_001029,user1029@example.com,555-407-3230,2015-08-13,I,STUDENT,56,2026-06-29 19:53:29.717929,2026-06-29 19:53:29.717929
1031,Jose,Russell,2003-10-13,sha256_001030,user1030@example.com,555-359-2731,2020-01-25,A,DIGITAL,231,2026-06-29 19:53:29.717929,2026-06-29 19:53:29.717929
1032,Kelly,Arroyo,1948-08-16,sha256_001031,user1031@example.com,555-677-6145,2012-07-27,A,WEALTH,62,2026-06-29 19:53:29.717929,2026-06-29 19:53:29.717929
1033,Nancy,Li,1995-04-15,sha256_001032,user1032@example.com,555-748-6870,2025-10-06,A,DIGITAL,232,2026-06-29 19:53:29.717929,2026-06-29 19:53:29.717929
1034,Tammy,Hart,1980-01-04,sha256_001033,user1033@example.com,555-515-8591,2021-11-05,A,MASS,437,2026-06-29 19:53:29.717929,2026-06-29 19:53:29.717929
1035,Susan,Ellis,1993-01-28,sha256_001034,user1034@example.com,555-322-2481,2022-10-16,A,DIGITAL,414,2026-06-29 19:53:29.717929,2026-06-29 19:53:29.717929
1036,Anthony,Wilson,1972-05-11,sha256_001035,user1035@example.com,555-902-5984,2020-03-30,A,SMALL_BIZ,357,2026-06-29 19:53:29.717929,2026-06-29 19:53:29.717929
1037,Virginia,Rhodes,1946-01-07,sha256_001036,user1036@example.com,555-817-1660,2020-12-10,A,DIGITAL,428,2026-06-29 19:53:29.717929,2026-06-29 19:53:29.717929
1038,Stephanie,Black,1956-11-23,sha256_001037,user1037@example.com,555-535-3430,2016-03-14,A,PREMIER,365,2026-06-29 19:53:29.717929,2026-06-29 19:53:29.717929
1039,John,Davis,1942-02-21,sha256_001038,user1038@example.com,555-454-6828,2023-11-27,A,WEALTH,263,2026-06-29 19:53:29.717929,2026-06-29 19:53:29.717929
1040,Charles,Velazquez,1986-08-18,sha256_001039,user1039@example.com,555-250-5896,2023-09-28,A,MASS,420,2026-06-29 19:53:29.717929,2026-06-29 19:53:29.717929
1041,Patricia,Adams,1973-06-02,sha256_001040,user1040@example.com,555-378-1509,2016-10-06,A,WEALTH,438,2026-06-29 19:53:29.717929,2026-06-29 19:53:29.717929
1042,Renee,Porter,2004-12-11,sha256_001041,user1041@example.com,555-663-5093,2021-09-06,A,PREMIER,237,2026-06-29 19:53:29.717929,2026-06-29 19:53:29.717929
1043,Monique,Clark,1954-11-14,sha256_001042,user1042@example.com,555-304-3290,2022-06-18,A,PREMIER,7,2026-06-29 19:53:29.717929,2026-06-29 19:53:29.717929
1044,Christine,Moore,1955-01-28,sha256_001043,user1043@example.com,555-263-4641,2015-03-20,A,DIGITAL,102,2026-06-29 19:53:29.717929,2026-06-29 19:53:29.717929
1045,Emma,Alvarado,1948-08-21,sha256_001044,user1044@example.com,555-610-7098,2025-03-21,I,SMALL_BIZ,323,2026-06-29 19:53:29.717929,2026-06-29 19:53:29.717929
1046,Amber,Williams,1982-08-13,sha256_001045,user1045@example.com,555-860-2376,2022-11-22,A,STUDENT,301,2026-06-29 19:53:29.717929,2026-06-29 19:53:29.717929
1047,Travis,Galloway,1973-10-21,sha256_001046,user1046@example.com,555-465-2228,2020-10-01,A,PREMIER,34,2026-06-29 19:53:29.717929,2026-06-29 19:53:29.717929
1048,Travis,Joyce,2001-08-03,sha256_001047,user1047@example.com,555-402-8265,2024-06-13,A,DIGITAL,48,2026-06-29 19:53:29.717929,2026-06-29 19:53:29.717929
1049,Jeffrey,Ray,2002-11-11,sha256_001048,user1048@example.com,555-539-3007,2015-09-03,I,PREMIER,483,2026-06-29 19:53:29.717929,2026-06-29 19:53:29.717929
1050,Timothy,Fernandez,1945-02-13,sha256_001049,user1049@example.com,555-672-1829,2023-06-01,A,DIGITAL,474,2026-06-29 19:53:29.717929,2026-06-29 19:53:29.717929
1051,Gina,Thompson,1975-02-27,sha256_001050,user1050@example.com,555-787-8096,2017-05-13,I,SMALL_BIZ,203,2026-06-29 19:53:29.717929,2026-06-29 19:53:29.717929
1052,Steve,Norris,2006-12-01,sha256_001051,user1051@example.com,555-708-1483,2021-11-27,A,WEALTH,350,2026-06-29 19:53:29.717929,2026-06-29 19:53:29.717929
1053,Bianca,Nguyen,1942-04-14,sha256_001052,user1052@example.com,555-636-3831,2014-08-20,I,MASS,110,2026-06-29 19:53:29.717929,2026-06-29 19:53:29.717929
1054,Amy,Young,1982-07-19,sha256_001053,user1053@example.com,555-391-5505,2015-05-14,A,MASS,229,2026-06-29 19:53:29.717929,2026-06-29 19:53:29.717929
1055,Michael,Jimenez,1973-01-26,sha256_001054,user1054@example.com,555-352-1567,2020-08-20,C,STUDENT,318,2026-06-29 19:53:29.717929,2026-06-29 19:53:29.717929
1056,Nathan,Dickerson,1955-08-06,sha256_001055,user1055@example.com,555-831-5026,2021-12-11,A,SMALL_BIZ,152,2026-06-29 19:53:29.717929,2026-06-29 19:53:29.717929
1057,David,Johnston,1960-03-23,sha256_001056,user1056@example.com,555-710-7750,2014-03-05,A,STUDENT,246,2026-06-29 19:53:29.717929,2026-06-29 19:53:29.717929
1058,Joseph,Young,1956-10-21,sha256_001057,user1057@example.com,555-262-2437,2012-12-24,A,MASS,197,2026-06-29 19:53:29.717929,2026-06-29 19:53:29.717929
1059,Dustin,Haley,1970-06-13,sha256_001058,user1058@example.com,555-340-7868,2017-03-04,A,DIGITAL,330,2026-06-29 19:53:29.717929,2026-06-29 19:53:29.717929
1060,Gregory,Porter,1951-07-06,sha256_001059,user1059@example.com,555-738-5082,2023-07-06,A,SMALL_BIZ,411,2026-06-29 19:53:29.717929,2026-06-29 19:53:29.717929
1061,Zachary,Le,2008-03-11,sha256_001060,user1060@example.com,555-756-1319,2024-02-29,I,WEALTH,401,2026-06-29 19:53:29.717929,2026-06-29 19:53:29.717929
1062,Anna,Bradley,1994-02-08,sha256_001061,user1061@example.com,555-930-6883,2015-12-19,C,WEALTH,279,2026-06-29 19:53:29.717929,2026-06-29 19:53:29.717929
1063,Brian,Cervantes,1968-03-08,sha256_001062,user1062@example.com,555-696-6636,2021-10-16,A,STUDENT,258,2026-06-29 19:53:29.717929,2026-06-29 19:53:29.717929
1064,Shannon,Cook,1973-06-02,sha256_001063,user1063@example.com,555-529-7363,2020-11-20,A,MASS,93,2026-06-29 19:53:29.717929,2026-06-29 19:53:29.717929
1065,Sarah,Scott,1965-09-04,sha256_001064,user1064@example.com,555-226-6224,2019-11-07,A,STUDENT,113,2026-06-29 19:53:29.717929,2026-06-29 19:53:29.717929
1066,Michelle,Mccarty,1942-10-27,sha256_001065,user1065@example.com,555-230-5602,2013-04-19,A,PREMIER,415,2026-06-29 19:53:29.717929,2026-06-29 19:53:29.717929
1067,Debra,Thompson,1954-10-27,sha256_001066,user1066@example.com,555-683-9674,2020-01-31,A,MASS,393,2026-06-29 19:53:29.717929,2026-06-29 19:53:29.717929
1068,Emily,Freeman,1993-10-08,sha256_001067,user1067@example.com,555-798-4813,2016-10-14,A,DIGITAL,52,2026-06-29 19:53:29.717929,2026-06-29 19:53:29.717929
1069,Patrick,Mitchell,1990-11-02,sha256_001068,user1068@example.com,555-453-4951,2024-10-05,A,MASS,274,2026-06-29 19:53:29.717929,2026-06-29 19:53:29.717929
1070,Gary,Morton,1983-10-25,sha256_001069,user1069@example.com,555-954-1916,2013-08-26,A,DIGITAL,295,2026-06-29 19:53:29.717929,2026-06-29 19:53:29.717929
1071,Ashley,Sweeney,1964-02-05,sha256_001070,user1070@example.com,555-597-6813,2020-11-27,A,DIGITAL,91,2026-06-29 19:53:29.717929,2026-06-29 19:53:29.717929
1072,Jeremy,Stewart,1946-04-09,sha256_001071,user1071@example.com,555-442-6210,2013-11-27,A,SMALL_BIZ,358,2026-06-29 19:53:29.717929,2026-06-29 19:53:29.717929
1073,Deanna,Nelson,1961-01-04,sha256_001072,user1072@example.com,555-567-1462,2015-06-25,A,SMALL_BIZ,359,2026-06-29 19:53:29.717929,2026-06-29 19:53:29.717929
1074,Michael,Matthews,1971-04-20,sha256_001073,user1073@example.com,555-560-3328,2024-05-12,A,STUDENT,486,2026-06-29 19:53:29.717929,2026-06-29 19:53:29.717929
1075,Ivan,Johnson,2006-03-07,sha256_001074,user1074@example.com,555-392-9064,2017-08-31,C,STUDENT,159,2026-06-29 19:53:29.717929,2026-06-29 19:53:29.717929
1076,Shelby,Haynes,1990-04-02,sha256_001075,user1075@example.com,555-379-9035,2021-05-14,A,PREMIER,47,2026-06-29 19:53:29.717929,2026-06-29 19:53:29.717929
1077,Dakota,Brown,1946-11-09,sha256_001076,user1076@example.com,555-257-4811,2013-12-24,A,STUDENT,113,2026-06-29 19:53:29.717929,2026-06-29 19:53:29.717929
1078,Anthony,Sanders,2000-05-12,sha256_001077,user1077@example.com,555-220-9625,2019-09-03,A,WEALTH,1,2026-06-29 19:53:29.717929,2026-06-29 19:53:29.717929
1079,Jose,Moore,1992-09-29,sha256_001078,user1078@example.com,555-539-4300,2012-09-24,A,DIGITAL,175,2026-06-29 19:53:29.717929,2026-06-29 19:53:29.717929
1080,Kyle,Wright,1985-05-13,sha256_001079,user1079@example.com,555-934-3907,2024-09-12,I,MASS,31,2026-06-29 19:53:29.717929,2026-06-29 19:53:29.717929
1081,David,Roberson,1960-07-13,sha256_001080,user1080@example.com,555-222-3420,2020-11-01,A,STUDENT,361,2026-06-29 19:53:29.717929,2026-06-29 19:53:29.717929
1082,Michelle,Nguyen,1943-05-29,sha256_001081,user1081@example.com,555-345-2817,2021-05-22,A,STUDENT,441,2026-06-29 19:53:29.717929,2026-06-29 19:53:29.717929
1083,Amber,Nelson,1973-05-23,sha256_001082,user1082@example.com,555-573-2188,2026-01-13,A,MASS,361,2026-06-29 19:53:29.717929,2026-06-29 19:53:29.717929
1084,Heidi,Thompson,1971-04-18,sha256_001083,user1083@example.com,555-878-7481,2025-12-15,I,STUDENT,52,2026-06-29 19:53:29.717929,2026-06-29 19:53:29.717929
1085,Cynthia,Elliott,1981-07-12,sha256_001084,user1084@example.com,555-544-5944,2020-11-26,I,MASS,70,2026-06-29 19:53:29.717929,2026-06-29 19:53:29.717929
1086,Kyle,Reed,1976-07-24,sha256_001085,user1085@example.com,555-361-8157,2021-01-11,A,SMALL_BIZ,492,2026-06-29 19:53:29.717929,2026-06-29 19:53:29.717929
1087,Scott,Diaz,1977-08-25,sha256_001086,user1086@example.com,555-698-6198,2023-06-30,A,DIGITAL,363,2026-06-29 19:53:29.717929,2026-06-29 19:53:29.717929
1088,Aaron,Ochoa,1958-11-24,sha256_001087,user1087@example.com,555-775-6846,2016-01-08,A,DIGITAL,341,2026-06-29 19:53:29.717929,2026-06-29 19:53:29.717929
1089,Taylor,Smith,1998-04-21,sha256_001088,user1088@example.com,555-803-3872,2016-08-14,C,WEALTH,158,2026-06-29 19:53:29.717929,2026-06-29 19:53:29.717929
1090,Thomas,Smith,2003-04-09,sha256_001089,user1089@example.com,555-951-5825,2025-08-13,A,DIGITAL,91,2026-06-29 19:53:29.717929,2026-06-29 19:53:29.717929
1091,Jerry,Smith,1970-05-01,sha256_001090,user1090@example.com,555-946-1029,2015-11-11,I,SMALL_BIZ,486,2026-06-29 19:53:29.717929,2026-06-29 19:53:29.717929
1092,Ann,Foster,1966-07-11,sha256_001091,user1091@example.com,555-786-7415,2017-08-19,A,STUDENT,17,2026-06-29 19:53:29.717929,2026-06-29 19:53:29.717929
1093,Peter,Gray,1952-06-06,sha256_001092,user1092@example.com,555-386-6213,2022-06-27,A,STUDENT,114,2026-06-29 19:53:29.717929,2026-06-29 19:53:29.717929
1094,John,Duran,1959-02-10,sha256_001093,user1093@example.com,555-854-2705,2017-10-15,A,WEALTH,73,2026-06-29 19:53:29.717929,2026-06-29 19:53:29.717929
1095,Gail,Mitchell,2002-06-16,sha256_001094,user1094@example.com,555-539-2274,2023-07-16,A,DIGITAL,178,2026-06-29 19:53:29.717929,2026-06-29 19:53:29.717929
1096,Robert,Castaneda,1991-04-08,sha256_001095,user1095@example.com,555-527-3750,2023-07-23,A,SMALL_BIZ,454,2026-06-29 19:53:29.717929,2026-06-29 19:53:29.717929
1097,Dana,Williamson,1953-09-17,sha256_001096,user1096@example.com,555-290-6500,2015-10-24,A,WEALTH,6,2026-06-29 19:53:29.717929,2026-06-29 19:53:29.717929
1098,Jacob,Smith,1959-09-22,sha256_001097,user1097@example.com,555-471-4435,2020-10-12,A,DIGITAL,355,2026-06-29 19:53:29.717929,2026-06-29 19:53:29.717929
1099,Jacob,Garcia,1944-10-25,sha256_001098,user1098@example.com,555-269-6742,2019-06-22,A,MASS,403,2026-06-29 19:53:29.717929,2026-06-29 19:53:29.717929
1100,Jessica,Hall,1959-07-12,sha256_001099,user1099@example.com,555-310-1020,2022-02-28,A,PREMIER,198,2026-06-29 19:53:29.717929,2026-06-29 19:53:29.717929
1101,Matthew,Collins,1951-08-03,sha256_001100,user1100@example.com,555-648-7875,2018-11-08,A,DIGITAL,453,2026-06-29 19:53:29.717929,2026-06-29 19:53:29.717929
1102,Steven,Moody,1995-01-20,sha256_001101,user1101@example.com,555-623-9078,2026-05-18,C,WEALTH,180,2026-06-29 19:53:29.717929,2026-06-29 19:53:29.717929
1103,Stephanie,Brown,1963-08-14,sha256_001102,user1102@example.com,555-759-7149,2024-01-28,I,PREMIER,425,2026-06-29 19:53:29.717929,2026-06-29 19:53:29.717929
1104,Theodore,Lee,1993-06-17,sha256_001103,user1103@example.com,555-690-4695,2012-07-21,I,DIGITAL,232,2026-06-29 19:53:29.717929,2026-06-29 19:53:29.717929
1105,Maria,Martinez,1997-11-15,sha256_001104,user1104@example.com,555-275-1547,2023-09-07,C,MASS,11,2026-06-29 19:53:29.717929,2026-06-29 19:53:29.717929
1106,Kelsey,Ramos,1992-12-15,sha256_001105,user1105@example.com,555-526-5278,2015-03-16,A,PREMIER,38,2026-06-29 19:53:29.717929,2026-06-29 19:53:29.717929
1107,Steven,Wise,1990-11-29,sha256_001106,user1106@example.com,555-550-3787,2011-12-28,A,WEALTH,83,2026-06-29 19:53:29.717929,2026-06-29 19:53:29.717929
1108,Thomas,Maldonado,1976-05-28,sha256_001107,user1107@example.com,555-949-2228,2026-02-21,A,STUDENT,483,2026-06-29 19:53:29.717929,2026-06-29 19:53:29.717929
1109,Crystal,Williams,1962-05-27,sha256_001108,user1108@example.com,555-295-6536,2016-04-23,A,STUDENT,315,2026-06-29 19:53:29.717929,2026-06-29 19:53:29.717929
1110,Jon,Little,2004-04-18,sha256_001109,user1109@example.com,555-694-1507,2019-04-06,A,WEALTH,483,2026-06-29 19:53:29.717929,2026-06-29 19:53:29.717929
1111,Michelle,Robinson,1954-10-21,sha256_001110,user1110@example.com,555-869-3703,2024-09-24,A,STUDENT,456,2026-06-29 19:53:29.717929,2026-06-29 19:53:29.717929
1112,Mark,Jackson,1949-01-21,sha256_001111,user1111@example.com,555-644-3573,2020-12-06,A,PREMIER,52,2026-06-29 19:53:29.717929,2026-06-29 19:53:29.717929
1113,Kristina,Smith,1959-12-28,sha256_001112,user1112@example.com,555-539-4367,2013-04-10,A,DIGITAL,210,2026-06-29 19:53:29.717929,2026-06-29 19:53:29.717929
1114,Thomas,Carlson,1944-04-21,sha256_001113,user1113@example.com,555-913-9849,2023-03-07,A,MASS,339,2026-06-29 19:53:29.717929,2026-06-29 19:53:29.717929
1115,Eric,Davis,1966-05-17,sha256_001114,user1114@example.com,555-488-5872,2012-10-28,A,DIGITAL,50,2026-06-29 19:53:29.717929,2026-06-29 19:53:29.717929
1116,Wendy,Garrett,1982-12-09,sha256_001115,user1115@example.com,555-250-7437,2025-05-18,A,STUDENT,282,2026-06-29 19:53:29.717929,2026-06-29 19:53:29.717929
1117,Jacqueline,Moody,1945-06-30,sha256_001116,user1116@example.com,555-702-3516,2021-02-08,A,PREMIER,185,2026-06-29 19:53:29.717929,2026-06-29 19:53:29.717929
1118,Tina,Kramer,1949-12-03,sha256_001117,user1117@example.com,555-203-8005,2014-12-17,I,PREMIER,151,2026-06-29 19:53:29.717929,2026-06-29 19:53:29.717929
1119,Samuel,Lee,1992-03-10,sha256_001118,user1118@example.com,555-877-8869,2023-07-05,A,DIGITAL,50,2026-06-29 19:53:29.717929,2026-06-29 19:53:29.717929
1120,Dennis,Roach,1987-09-02,sha256_001119,user1119@example.com,555-226-4390,2016-10-31,A,DIGITAL,327,2026-06-29 19:53:29.717929,2026-06-29 19:53:29.717929
1121,Kenneth,Terry,1974-01-02,sha256_001120,user1120@example.com,555-498-2342,2018-01-06,I,WEALTH,433,2026-06-29 19:53:29.717929,2026-06-29 19:53:29.717929
1122,Michael,Oconnor,1954-03-17,sha256_001121,user1121@example.com,555-318-6052,2014-04-10,C,WEALTH,242,2026-06-29 19:53:29.717929,2026-06-29 19:53:29.717929
1123,Robin,Spencer,1959-12-09,sha256_001122,user1122@example.com,555-700-5341,2023-11-23,I,PREMIER,329,2026-06-29 19:53:29.717929,2026-06-29 19:53:29.717929
1124,Kenneth,Baker,1946-02-08,sha256_001123,user1123@example.com,555-757-7349,2013-10-20,A,DIGITAL,190,2026-06-29 19:53:29.717929,2026-06-29 19:53:29.717929
1125,Dana,Gray,1966-02-01,sha256_001124,user1124@example.com,555-590-7052,2011-07-02,A,DIGITAL,229,2026-06-29 19:53:29.717929,2026-06-29 19:53:29.717929
1126,Melissa,Parsons,1953-12-03,sha256_001125,user1125@example.com,555-245-5313,2011-10-09,A,WEALTH,239,2026-06-29 19:53:29.717929,2026-06-29 19:53:29.717929
1127,Dominique,Ryan,1957-06-28,sha256_001126,user1126@example.com,555-469-4706,2022-03-31,A,MASS,289,2026-06-29 19:53:29.717929,2026-06-29 19:53:29.717929
1128,Tyler,Arnold,1967-06-15,sha256_001127,user1127@example.com,555-263-3476,2019-04-23,A,SMALL_BIZ,342,2026-06-29 19:53:29.717929,2026-06-29 19:53:29.717929
1129,Danielle,Rodriguez,1982-07-25,sha256_001128,user1128@example.com,555-299-2404,2016-04-20,A,SMALL_BIZ,177,2026-06-29 19:53:29.717929,2026-06-29 19:53:29.717929
1130,Mary,Anderson,1976-07-18,sha256_001129,user1129@example.com,555-754-7782,2012-06-26,A,STUDENT,117,2026-06-29 19:53:29.717929,2026-06-29 19:53:29.717929
1131,Todd,Garcia,2000-01-06,sha256_001130,user1130@example.com,555-766-1999,2014-07-04,A,WEALTH,420,2026-06-29 19:53:29.717929,2026-06-29 19:53:29.717929
1132,Diane,Fox,1979-10-01,sha256_001131,user1131@example.com,555-735-7858,2023-12-19,A,STUDENT,352,2026-06-29 19:53:29.717929,2026-06-29 19:53:29.717929
1133,Michael,Obrien,1988-06-23,sha256_001132,user1132@example.com,555-686-4860,2015-04-23,A,WEALTH,154,2026-06-29 19:53:29.717929,2026-06-29 19:53:29.717929
1134,Jason,Henry,1946-03-29,sha256_001133,user1133@example.com,555-280-7468,2025-05-14,A,SMALL_BIZ,18,2026-06-29 19:53:29.717929,2026-06-29 19:53:29.717929
1135,Laurie,Brown,2001-02-07,sha256_001134,user1134@example.com,555-714-9467,2012-09-06,A,STUDENT,347,2026-06-29 19:53:29.717929,2026-06-29 19:53:29.717929
1136,Robert,Wood,1978-11-17,sha256_001135,user1135@example.com,555-835-3415,2025-06-27,A,PREMIER,487,2026-06-29 19:53:29.717929,2026-06-29 19:53:29.717929
1137,Joseph,Williams,1988-12-15,sha256_001136,user1136@example.com,555-975-8357,2023-10-12,I,DIGITAL,486,2026-06-29 19:53:29.717929,2026-06-29 19:53:29.717929
1138,Shirley,Yu,1946-03-17,sha256_001137,user1137@example.com,555-371-4471,2016-01-09,A,DIGITAL,65,2026-06-29 19:53:29.717929,2026-06-29 19:53:29.717929
1139,Amanda,Lopez,1947-12-31,sha256_001138,user1138@example.com,555-243-7936,2022-04-23,A,PREMIER,350,2026-06-29 19:53:29.717929,2026-06-29 19:53:29.717929
1140,Colleen,White,1976-09-29,sha256_001139,user1139@example.com,555-645-4308,2015-03-15,A,SMALL_BIZ,76,2026-06-29 19:53:29.717929,2026-06-29 19:53:29.717929
1141,Daniel,Fowler,1991-09-08,sha256_001140,user1140@example.com,555-809-5225,2017-09-07,I,MASS,467,2026-06-29 19:53:29.717929,2026-06-29 19:53:29.717929
1142,Elizabeth,Andrade,1965-06-22,sha256_001141,user1141@example.com,555-944-2097,2018-05-02,A,PREMIER,199,2026-06-29 19:53:29.717929,2026-06-29 19:53:29.717929
1143,Richard,Morgan,1952-08-31,sha256_001142,user1142@example.com,555-769-7510,2014-03-07,A,STUDENT,167,2026-06-29 19:53:29.717929,2026-06-29 19:53:29.717929
1144,Scott,Gomez,1952-02-02,sha256_001143,user1143@example.com,555-482-9514,2026-05-21,A,WEALTH,470,2026-06-29 19:53:29.717929,2026-06-29 19:53:29.717929
1145,Mark,Watson,1962-08-10,sha256_001144,user1144@example.com,555-212-9561,2026-04-13,A,WEALTH,58,2026-06-29 19:53:29.717929,2026-06-29 19:53:29.717929
1146,Jessica,Franklin,1992-09-09,sha256_001145,user1145@example.com,555-624-3451,2017-11-30,I,DIGITAL,291,2026-06-29 19:53:29.717929,2026-06-29 19:53:29.717929
1147,Katie,Howe,1979-03-22,sha256_001146,user1146@example.com,555-802-2641,2014-09-06,A,PREMIER,289,2026-06-29 19:53:29.717929,2026-06-29 19:53:29.717929
1148,Seth,Sanders,1958-07-07,sha256_001147,user1147@example.com,555-998-2654,2025-11-02,A,MASS,445,2026-06-29 19:53:29.717929,2026-06-29 19:53:29.717929
1149,Caitlin,Holmes,1990-02-25,sha256_001148,user1148@example.com,555-748-6633,2026-02-26,I,WEALTH,136,2026-06-29 19:53:29.717929,2026-06-29 19:53:29.717929
1150,Kevin,Walker,2008-01-18,sha256_001149,user1149@example.com,555-592-8955,2015-12-29,I,STUDENT,312,2026-06-29 19:53:29.717929,2026-06-29 19:53:29.717929
1151,Lynn,Norris,1998-10-28,sha256_001150,user1150@example.com,555-684-1613,2011-10-25,A,DIGITAL,142,2026-06-29 19:53:29.717929,2026-06-29 19:53:29.717929
1152,Angela,Howe,1959-12-24,sha256_001151,user1151@example.com,555-612-3356,2019-10-01,I,STUDENT,312,2026-06-29 19:53:29.717929,2026-06-29 19:53:29.717929
1153,Michael,Taylor,1951-11-10,sha256_001152,user1152@example.com,555-897-7581,2012-01-20,A,PREMIER,203,2026-06-29 19:53:29.717929,2026-06-29 19:53:29.717929
1154,Jesse,Shepherd,1966-01-31,sha256_001153,user1153@example.com,555-539-4892,2020-03-05,A,PREMIER,382,2026-06-29 19:53:29.717929,2026-06-29 19:53:29.717929
1155,Samantha,Navarro,1947-08-26,sha256_001154,user1154@example.com,555-686-5400,2017-06-15,A,MASS,11,2026-06-29 19:53:29.717929,2026-06-29 19:53:29.717929
1156,Gerald,Petersen,1989-12-20,sha256_001155,user1155@example.com,555-545-5965,2023-04-27,A,MASS,144,2026-06-29 19:53:29.717929,2026-06-29 19:53:29.717929
1157,Rebecca,Larson,1987-09-11,sha256_001156,user1156@example.com,555-703-2609,2020-02-01,A,DIGITAL,69,2026-06-29 19:53:29.717929,2026-06-29 19:53:29.717929
1158,Barbara,Miller,1961-08-13,sha256_001157,user1157@example.com,555-507-8259,2022-05-24,I,MASS,138,2026-06-29 19:53:29.717929,2026-06-29 19:53:29.717929
1159,Michael,Montoya,1945-03-28,sha256_001158,user1158@example.com,555-946-7828,2022-12-28,I,STUDENT,331,2026-06-29 19:53:29.717929,2026-06-29 19:53:29.717929
1160,Molly,Perez,1969-05-25,sha256_001159,user1159@example.com,555-291-4079,2024-06-08,A,WEALTH,109,2026-06-29 19:53:29.717929,2026-06-29 19:53:29.717929
1161,Alexander,Waters,1985-03-24,sha256_001160,user1160@example.com,555-616-8937,2020-06-22,I,STUDENT,445,2026-06-29 19:53:29.717929,2026-06-29 19:53:29.717929
1162,Blake,Fernandez,1967-02-12,sha256_001161,user1161@example.com,555-582-1920,2016-01-14,A,STUDENT,406,2026-06-29 19:53:29.717929,2026-06-29 19:53:29.717929
1163,Jeffrey,Williams,1951-07-07,sha256_001162,user1162@example.com,555-362-2075,2018-12-26,A,MASS,364,2026-06-29 19:53:29.717929,2026-06-29 19:53:29.717929
1164,Sean,Larson,1990-07-04,sha256_001163,user1163@example.com,555-718-7609,2017-05-08,A,DIGITAL,400,2026-06-29 19:53:29.717929,2026-06-29 19:53:29.717929
1165,Keith,Foster,1975-04-23,sha256_001164,user1164@example.com,555-736-1474,2014-10-21,A,DIGITAL,99,2026-06-29 19:53:29.717929,2026-06-29 19:53:29.717929
1166,Ashley,Williams,1950-05-07,sha256_001165,user1165@example.com,555-405-1944,2012-09-20,A,DIGITAL,17,2026-06-29 19:53:29.717929,2026-06-29 19:53:29.717929
1167,Warren,Ayala,1968-03-27,sha256_001166,user1166@example.com,555-667-1828,2012-10-04,I,MASS,361,2026-06-29 19:53:29.717929,2026-06-29 19:53:29.717929
1168,Anita,Freeman,1950-03-24,sha256_001167,user1167@example.com,555-403-5488,2013-07-02,A,MASS,422,2026-06-29 19:53:29.717929,2026-06-29 19:53:29.717929
1169,Christina,Fitzgerald,1985-03-11,sha256_001168,user1168@example.com,555-675-9275,2014-06-01,A,WEALTH,326,2026-06-29 19:53:29.717929,2026-06-29 19:53:29.717929
1170,Kimberly,Morris,1957-12-27,sha256_001169,user1169@example.com,555-326-1500,2012-07-23,A,DIGITAL,191,2026-06-29 19:53:29.717929,2026-06-29 19:53:29.717929
1171,Emily,Henderson,2003-05-29,sha256_001170,user1170@example.com,555-700-8308,2012-10-29,A,DIGITAL,492,2026-06-29 19:53:29.717929,2026-06-29 19:53:29.717929
1172,Brittney,Johnson,1964-10-29,sha256_001171,user1171@example.com,555-685-6730,2016-04-10,C,MASS,84,2026-06-29 19:53:29.717929,2026-06-29 19:53:29.717929
1173,Christina,Branch,1961-11-30,sha256_001172,user1172@example.com,555-464-2480,2026-03-23,A,MASS,15,2026-06-29 19:53:29.717929,2026-06-29 19:53:29.717929
1174,Brady,Meyers,1971-02-13,sha256_001173,user1173@example.com,555-595-1813,2013-08-31,A,DIGITAL,438,2026-06-29 19:53:29.717929,2026-06-29 19:53:29.717929
1175,Katherine,Farrell,1954-11-14,sha256_001174,user1174@example.com,555-785-4511,2017-01-24,A,DIGITAL,332,2026-06-29 19:53:29.717929,2026-06-29 19:53:29.717929
1176,Stacy,Mcintosh,1949-01-07,sha256_001175,user1175@example.com,555-430-4387,2012-04-21,A,MASS,334,2026-06-29 19:53:29.717929,2026-06-29 19:53:29.717929
1177,Alexander,Benson,1999-09-12,sha256_001176,user1176@example.com,555-619-9409,2023-09-22,A,PREMIER,443,2026-06-29 19:53:29.717929,2026-06-29 19:53:29.717929
1178,Andrew,Clark,1948-12-12,sha256_001177,user1177@example.com,555-999-1145,2018-03-16,A,WEALTH,467,2026-06-29 19:53:29.717929,2026-06-29 19:53:29.717929
1179,Alexandra,Green,1977-07-15,sha256_001178,user1178@example.com,555-335-3837,2014-07-13,A,STUDENT,411,2026-06-29 19:53:29.717929,2026-06-29 19:53:29.717929
1180,Donald,Hale,1973-11-08,sha256_001179,user1179@example.com,555-208-4666,2022-05-19,A,MASS,312,2026-06-29 19:53:29.717929,2026-06-29 19:53:29.717929
1181,Elizabeth,Williams,1942-09-21,sha256_001180,user1180@example.com,555-512-5511,2020-03-09,C,WEALTH,459,2026-06-29 19:53:29.717929,2026-06-29 19:53:29.717929
1182,Kristina,Williamson,1952-11-25,sha256_001181,user1181@example.com,555-585-6713,2015-09-23,A,WEALTH,130,2026-06-29 19:53:29.717929,2026-06-29 19:53:29.717929
1183,Alan,Price,1945-01-18,sha256_001182,user1182@example.com,555-423-8646,2021-04-04,A,MASS,347,2026-06-29 19:53:29.717929,2026-06-29 19:53:29.717929
1184,Donna,Lin,1959-09-02,sha256_001183,user1183@example.com,555-733-7506,2024-03-14,I,STUDENT,53,2026-06-29 19:53:29.717929,2026-06-29 19:53:29.717929
1185,Debra,Hall,1942-10-08,sha256_001184,user1184@example.com,555-207-9380,2024-06-06,A,SMALL_BIZ,495,2026-06-29 19:53:29.717929,2026-06-29 19:53:29.717929
1186,Cory,Stewart,1966-12-31,sha256_001185,user1185@example.com,555-583-5631,2026-01-22,I,MASS,351,2026-06-29 19:53:29.717929,2026-06-29 19:53:29.717929
1187,Jacob,Mason,1999-07-25,sha256_001186,user1186@example.com,555-310-8892,2019-06-03,A,PREMIER,173,2026-06-29 19:53:29.717929,2026-06-29 19:53:29.717929
1188,Andrew,Wright,1972-03-05,sha256_001187,user1187@example.com,555-483-6327,2025-04-23,A,MASS,134,2026-06-29 19:53:29.717929,2026-06-29 19:53:29.717929
1189,Phillip,Moore,1976-12-17,sha256_001188,user1188@example.com,555-871-5895,2016-06-19,A,DIGITAL,77,2026-06-29 19:53:29.717929,2026-06-29 19:53:29.717929
1190,Colleen,Young,1964-09-22,sha256_001189,user1189@example.com,555-729-4937,2016-09-27,A,PREMIER,413,2026-06-29 19:53:29.717929,2026-06-29 19:53:29.717929
1191,Lisa,Garrett,2007-01-12,sha256_001190,user1190@example.com,555-814-7620,2018-12-20,A,SMALL_BIZ,164,2026-06-29 19:53:29.717929,2026-06-29 19:53:29.717929
1192,Lisa,Johnson,2000-05-12,sha256_001191,user1191@example.com,555-897-3292,2024-10-09,A,SMALL_BIZ,14,2026-06-29 19:53:29.717929,2026-06-29 19:53:29.717929
1193,Edward,Prince,1978-09-02,sha256_001192,user1192@example.com,555-871-9148,2015-09-02,A,MASS,133,2026-06-29 19:53:29.717929,2026-06-29 19:53:29.717929
1194,Patrick,Yu,1985-07-03,sha256_001193,user1193@example.com,555-628-7628,2012-10-19,A,WEALTH,378,2026-06-29 19:53:29.717929,2026-06-29 19:53:29.717929
1195,Jeremy,Allen,1982-07-11,sha256_001194,user1194@example.com,555-236-4111,2020-10-27,A,MASS,372,2026-06-29 19:53:29.717929,2026-06-29 19:53:29.717929
1196,Renee,Murphy,1951-09-22,sha256_001195,user1195@example.com,555-930-4643,2025-12-20,I,SMALL_BIZ,274,2026-06-29 19:53:29.717929,2026-06-29 19:53:29.717929
1197,Dillon,Weaver,1977-10-27,sha256_001196,user1196@example.com,555-853-8794,2014-07-29,C,SMALL_BIZ,184,2026-06-29 19:53:29.717929,2026-06-29 19:53:29.717929
1198,Kyle,Thornton,1995-02-05,sha256_001197,user1197@example.com,555-719-5918,2024-05-11,C,DIGITAL,431,2026-06-29 19:53:29.717929,2026-06-29 19:53:29.717929
1199,Wendy,Daugherty,1976-08-02,sha256_001198,user1198@example.com,555-873-3967,2013-07-04,A,MASS,50,2026-06-29 19:53:29.717929,2026-06-29 19:53:29.717929
1200,Sally,Stewart,1951-03-21,sha256_001199,user1199@example.com,555-682-3096,2025-05-30,A,SMALL_BIZ,133,2026-06-29 19:53:29.717929,2026-06-29 19:53:29.717929
1201,David,Stewart,1978-10-31,sha256_001200,user1200@example.com,555-942-3999,2025-08-22,A,SMALL_BIZ,461,2026-06-29 19:53:29.717929,2026-06-29 19:53:29.717929
1202,Kathy,Beard,2000-06-04,sha256_001201,user1201@example.com,555-543-2463,2022-05-03,A,DIGITAL,182,2026-06-29 19:53:29.717929,2026-06-29 19:53:29.717929
1203,Scott,Peck,1969-03-25,sha256_001202,user1202@example.com,555-428-6031,2017-08-16,A,WEALTH,404,2026-06-29 19:53:29.717929,2026-06-29 19:53:29.717929
1204,Joshua,Maxwell,2001-05-25,sha256_001203,user1203@example.com,555-539-7089,2025-05-31,A,MASS,300,2026-06-29 19:53:29.717929,2026-06-29 19:53:29.717929
1205,Kathryn,Salazar,1948-08-23,sha256_001204,user1204@example.com,555-501-8598,2014-03-31,A,PREMIER,241,2026-06-29 19:53:29.717929,2026-06-29 19:53:29.717929
1206,Jerry,Hall,1959-05-16,sha256_001205,user1205@example.com,555-254-2166,2019-12-13,A,WEALTH,456,2026-06-29 19:53:29.717929,2026-06-29 19:53:29.717929
1207,Hailey,Woods,1987-07-18,sha256_001206,user1206@example.com,555-399-9199,2016-11-06,A,PREMIER,445,2026-06-29 19:53:29.717929,2026-06-29 19:53:29.717929
1208,Jennifer,Brooks,1975-02-23,sha256_001207,user1207@example.com,555-897-7253,2020-07-06,A,STUDENT,153,2026-06-29 19:53:29.717929,2026-06-29 19:53:29.717929
1209,Devin,Lee,1998-08-01,sha256_001208,user1208@example.com,555-623-1885,2018-10-27,A,DIGITAL,71,2026-06-29 19:53:29.717929,2026-06-29 19:53:29.717929
1210,Alexis,Nelson,1943-08-26,sha256_001209,user1209@example.com,555-405-6614,2022-11-23,C,WEALTH,292,2026-06-29 19:53:29.717929,2026-06-29 19:53:29.717929
1211,Vanessa,Todd,1969-03-01,sha256_001210,user1210@example.com,555-668-3346,2022-07-26,A,MASS,442,2026-06-29 19:53:29.717929,2026-06-29 19:53:29.717929
1212,Valerie,Camacho,1945-12-03,sha256_001211,user1211@example.com,555-932-3954,2025-04-27,A,PREMIER,250,2026-06-29 19:53:29.717929,2026-06-29 19:53:29.717929
1213,Stephen,Wright,1974-04-26,sha256_001212,user1212@example.com,555-540-3897,2016-05-03,A,MASS,325,2026-06-29 19:53:29.717929,2026-06-29 19:53:29.717929
1214,Jill,James,1968-08-13,sha256_001213,user1213@example.com,555-259-1077,2012-02-11,A,WEALTH,141,2026-06-29 19:53:29.717929,2026-06-29 19:53:29.717929
1215,Julia,Wheeler,1962-06-15,sha256_001214,user1214@example.com,555-414-3762,2020-08-12,A,STUDENT,392,2026-06-29 19:53:29.717929,2026-06-29 19:53:29.717929
1216,Kristin,Meyer,1976-09-05,sha256_001215,user1215@example.com,555-362-9021,2024-07-22,A,PREMIER,67,2026-06-29 19:53:29.717929,2026-06-29 19:53:29.717929
1217,Bobby,Forbes,1971-10-01,sha256_001216,user1216@example.com,555-829-8105,2023-10-30,A,SMALL_BIZ,220,2026-06-29 19:53:29.717929,2026-06-29 19:53:29.717929
1218,Jill,Grant,1976-03-30,sha256_001217,user1217@example.com,555-613-8029,2017-05-23,A,WEALTH,197,2026-06-29 19:53:29.717929,2026-06-29 19:53:29.717929
1219,Brandon,Carter,1976-01-27,sha256_001218,user1218@example.com,555-204-1618,2020-11-24,A,STUDENT,103,2026-06-29 19:53:29.717929,2026-06-29 19:53:29.717929
1220,Maria,Murray,1968-02-28,sha256_001219,user1219@example.com,555-948-7112,2016-01-13,A,PREMIER,457,2026-06-29 19:53:29.717929,2026-06-29 19:53:29.717929
1221,Brian,Black,1969-10-18,sha256_001220,user1220@example.com,555-529-9700,2020-08-20,C,DIGITAL,10,2026-06-29 19:53:29.717929,2026-06-29 19:53:29.717929
1222,Shannon,Sharp,1951-01-08,sha256_001221,user1221@example.com,555-892-1067,2023-11-15,A,SMALL_BIZ,376,2026-06-29 19:53:29.717929,2026-06-29 19:53:29.717929
1223,Sharon,Horton,1949-01-27,sha256_001222,user1222@example.com,555-454-4707,2023-02-09,A,SMALL_BIZ,450,2026-06-29 19:53:29.717929,2026-06-29 19:53:29.717929
1224,Shannon,White,1950-07-23,sha256_001223,user1223@example.com,555-552-6113,2017-08-29,I,DIGITAL,53,2026-06-29 19:53:29.717929,2026-06-29 19:53:29.717929
1225,James,Gibson,1981-01-15,sha256_001224,user1224@example.com,555-592-9246,2022-02-14,A,STUDENT,157,2026-06-29 19:53:29.717929,2026-06-29 19:53:29.717929
1226,Rebecca,Hogan,1958-03-31,sha256_001225,user1225@example.com,555-371-2069,2021-10-23,A,PREMIER,153,2026-06-29 19:53:29.717929,2026-06-29 19:53:29.717929
1227,Danny,Cole,1989-08-15,sha256_001226,user1226@example.com,555-497-8469,2013-05-02,A,SMALL_BIZ,267,2026-06-29 19:53:29.717929,2026-06-29 19:53:29.717929
1228,Patrick,Moody,1965-10-22,sha256_001227,user1227@example.com,555-810-9587,2019-04-22,A,MASS,223,2026-06-29 19:53:29.717929,2026-06-29 19:53:29.717929
1229,Nicholas,James,1975-10-09,sha256_001228,user1228@example.com,555-903-3192,2025-08-29,C,MASS,462,2026-06-29 19:53:29.717929,2026-06-29 19:53:29.717929
1230,Ariana,Keller,1992-12-18,sha256_001229,user1229@example.com,555-701-6885,2025-02-05,A,DIGITAL,85,2026-06-29 19:53:29.717929,2026-06-29 19:53:29.717929
1231,Harold,Joseph,1951-07-19,sha256_001230,user1230@example.com,555-613-1313,2024-06-14,I,DIGITAL,115,2026-06-29 19:53:29.717929,2026-06-29 19:53:29.717929
1232,Kayla,Griffin,1969-08-08,sha256_001231,user1231@example.com,555-944-3149,2016-02-09,A,DIGITAL,376,2026-06-29 19:53:29.717929,2026-06-29 19:53:29.717929
1233,David,Harris,1983-06-18,sha256_001232,user1232@example.com,555-222-9267,2013-03-30,A,DIGITAL,64,2026-06-29 19:53:29.717929,2026-06-29 19:53:29.717929
1234,Stephen,Foley,1983-03-15,sha256_001233,user1233@example.com,555-575-1612,2015-04-08,A,WEALTH,449,2026-06-29 19:53:29.717929,2026-06-29 19:53:29.717929
1235,Nicole,Young,1977-11-27,sha256_001234,user1234@example.com,555-855-5190,2011-07-30,A,STUDENT,320,2026-06-29 19:53:29.717929,2026-06-29 19:53:29.717929
1236,Robert,Miller,1980-12-11,sha256_001235,user1235@example.com,555-249-1785,2018-08-03,A,SMALL_BIZ,56,2026-06-29 19:53:29.717929,2026-06-29 19:53:29.717929
1237,Amy,Harvey,1981-09-12,sha256_001236,user1236@example.com,555-869-1323,2015-02-21,I,PREMIER,354,2026-06-29 19:53:29.717929,2026-06-29 19:53:29.717929
1238,Brandon,Hernandez,1978-11-05,sha256_001237,user1237@example.com,555-318-7828,2023-10-20,A,WEALTH,195,2026-06-29 19:53:29.717929,2026-06-29 19:53:29.717929
1239,Melissa,Estrada,1985-04-05,sha256_001238,user1238@example.com,555-326-9966,2012-01-15,C,MASS,243,2026-06-29 19:53:29.717929,2026-06-29 19:53:29.717929
1240,Samantha,Williams,1997-08-21,sha256_001239,user1239@example.com,555-918-3508,2015-12-11,A,DIGITAL,356,2026-06-29 19:53:29.717929,2026-06-29 19:53:29.717929
1241,Emily,Carr,1969-06-05,sha256_001240,user1240@example.com,555-902-1152,2014-02-24,I,MASS,216,2026-06-29 19:53:29.717929,2026-06-29 19:53:29.717929
1242,Kristin,Thompson,1987-10-28,sha256_001241,user1241@example.com,555-877-2654,2020-05-13,A,SMALL_BIZ,267,2026-06-29 19:53:29.717929,2026-06-29 19:53:29.717929
1243,Sarah,Davis,1971-12-31,sha256_001242,user1242@example.com,555-476-3247,2020-02-16,A,WEALTH,426,2026-06-29 19:53:29.717929,2026-06-29 19:53:29.717929
1244,Nicholas,Jones,1961-07-18,sha256_001243,user1243@example.com,555-307-9381,2016-12-27,I,SMALL_BIZ,317,2026-06-29 19:53:29.717929,2026-06-29 19:53:29.717929
1245,Kelly,Taylor,1970-02-14,sha256_001244,user1244@example.com,555-320-5631,2019-09-14,A,PREMIER,402,2026-06-29 19:53:29.717929,2026-06-29 19:53:29.717929
1246,Alison,Warren,1988-01-12,sha256_001245,user1245@example.com,555-308-9154,2015-08-02,A,DIGITAL,312,2026-06-29 19:53:29.717929,2026-06-29 19:53:29.717929
1247,Daniel,Blair,1988-02-10,sha256_001246,user1246@example.com,555-404-5308,2020-08-15,A,STUDENT,499,2026-06-29 19:53:29.717929,2026-06-29 19:53:29.717929
1248,Timothy,Barker,1983-08-19,sha256_001247,user1247@example.com,555-406-6864,2026-03-21,A,SMALL_BIZ,210,2026-06-29 19:53:29.717929,2026-06-29 19:53:29.717929
1249,Justin,Lynch,2004-01-23,sha256_001248,user1248@example.com,555-502-3627,2026-03-16,I,PREMIER,281,2026-06-29 19:53:29.717929,2026-06-29 19:53:29.717929
1250,Wanda,Gomez,1962-09-11,sha256_001249,user1249@example.com,555-708-4402,2019-04-30,A,SMALL_BIZ,478,2026-06-29 19:53:29.717929,2026-06-29 19:53:29.717929
1251,April,Welch,1950-03-08,sha256_001250,user1250@example.com,555-692-6416,2019-11-19,A,DIGITAL,2,2026-06-29 19:53:29.717929,2026-06-29 19:53:29.717929
1252,Chelsea,Erickson,1974-06-28,sha256_001251,user1251@example.com,555-213-2458,2014-03-05,A,PREMIER,428,2026-06-29 19:53:29.717929,2026-06-29 19:53:29.717929
1253,Andrew,Garrett,2007-02-06,sha256_001252,user1252@example.com,555-787-9095,2011-07-07,A,DIGITAL,487,2026-06-29 19:53:29.717929,2026-06-29 19:53:29.717929
1254,Lauren,Duarte,1949-05-23,sha256_001253,user1253@example.com,555-292-9383,2024-02-22,A,PREMIER,371,2026-06-29 19:53:29.717929,2026-06-29 19:53:29.717929
1255,Ann,Walsh,1969-03-26,sha256_001254,user1254@example.com,555-940-2659,2016-06-20,A,MASS,330,2026-06-29 19:53:29.717929,2026-06-29 19:53:29.717929
1256,Juan,Tyler,1942-04-01,sha256_001255,user1255@example.com,555-436-8483,2014-06-29,A,MASS,136,2026-06-29 19:53:29.717929,2026-06-29 19:53:29.717929
1257,Mario,Smith,1962-02-10,sha256_001256,user1256@example.com,555-675-1820,2019-01-18,A,PREMIER,417,2026-06-29 19:53:29.717929,2026-06-29 19:53:29.717929
1258,Jennifer,Gilbert,1987-06-11,sha256_001257,user1257@example.com,555-378-1646,2016-08-01,A,MASS,185,2026-06-29 19:53:29.717929,2026-06-29 19:53:29.717929
1259,Mark,Morgan,1943-06-11,sha256_001258,user1258@example.com,555-893-6123,2014-02-10,A,WEALTH,379,2026-06-29 19:53:29.717929,2026-06-29 19:53:29.717929
1260,Laura,Brewer,1986-07-19,sha256_001259,user1259@example.com,555-318-2556,2025-02-27,A,PREMIER,5,2026-06-29 19:53:29.717929,2026-06-29 19:53:29.717929
1261,Patricia,Herrera,1973-10-01,sha256_001260,user1260@example.com,555-341-3793,2020-11-05,A,MASS,184,2026-06-29 19:53:29.717929,2026-06-29 19:53:29.717929
1262,Robert,Newton,1963-12-11,sha256_001261,user1261@example.com,555-648-5395,2023-03-09,A,SMALL_BIZ,48,2026-06-29 19:53:29.717929,2026-06-29 19:53:29.717929
1263,Jessica,Stewart,1997-06-10,sha256_001262,user1262@example.com,555-581-6615,2015-12-16,A,DIGITAL,59,2026-06-29 19:53:29.717929,2026-06-29 19:53:29.717929
1264,Gina,Marsh,1977-05-24,sha256_001263,user1263@example.com,555-610-7557,2014-08-06,A,WEALTH,140,2026-06-29 19:53:29.717929,2026-06-29 19:53:29.717929
1265,Tara,Ramirez,2000-12-26,sha256_001264,user1264@example.com,555-594-8835,2016-10-06,A,WEALTH,333,2026-06-29 19:53:29.717929,2026-06-29 19:53:29.717929
1266,Courtney,Kirby,1943-07-31,sha256_001265,user1265@example.com,555-370-2852,2026-03-01,A,DIGITAL,357,2026-06-29 19:53:29.717929,2026-06-29 19:53:29.717929
1267,Brooke,Hancock,1979-09-30,sha256_001266,user1266@example.com,555-943-1960,2017-04-20,A,DIGITAL,54,2026-06-29 19:53:29.717929,2026-06-29 19:53:29.717929
1268,Leonard,Johnson,1991-11-04,sha256_001267,user1267@example.com,555-626-8908,2022-01-04,A,STUDENT,348,2026-06-29 19:53:29.717929,2026-06-29 19:53:29.717929
1269,John,Hayes,1969-03-21,sha256_001268,user1268@example.com,555-648-3969,2018-11-27,A,STUDENT,195,2026-06-29 19:53:29.717929,2026-06-29 19:53:29.717929
1270,Kevin,Rodriguez,2005-03-10,sha256_001269,user1269@example.com,555-997-6875,2014-09-18,A,STUDENT,15,2026-06-29 19:53:29.717929,2026-06-29 19:53:29.717929
1271,Robin,Wallace,1994-01-30,sha256_001270,user1270@example.com,555-900-3140,2023-02-04,A,WEALTH,472,2026-06-29 19:53:29.717929,2026-06-29 19:53:29.717929
1272,Vincent,Lee,1943-03-01,sha256_001271,user1271@example.com,555-699-2850,2018-09-10,I,WEALTH,226,2026-06-29 19:53:29.717929,2026-06-29 19:53:29.717929
1273,Alexandra,Rowe,2003-05-17,sha256_001272,user1272@example.com,555-247-2037,2022-06-02,A,MASS,336,2026-06-29 19:53:29.717929,2026-06-29 19:53:29.717929
1274,Lynn,Hurley,1951-02-03,sha256_001273,user1273@example.com,555-521-1202,2024-06-30,A,SMALL_BIZ,445,2026-06-29 19:53:29.717929,2026-06-29 19:53:29.717929
1275,Jenny,Stevens,1986-10-30,sha256_001274,user1274@example.com,555-894-9598,2013-06-21,A,SMALL_BIZ,296,2026-06-29 19:53:29.717929,2026-06-29 19:53:29.717929
1276,Adam,Randolph,1989-04-22,sha256_001275,user1275@example.com,555-941-4669,2019-04-14,A,SMALL_BIZ,448,2026-06-29 19:53:29.717929,2026-06-29 19:53:29.717929
1277,Christopher,Owens,1987-07-10,sha256_001276,user1276@example.com,555-546-9504,2020-05-10,A,STUDENT,353,2026-06-29 19:53:29.717929,2026-06-29 19:53:29.717929
1278,Donna,Edwards,1944-08-01,sha256_001277,user1277@example.com,555-917-2560,2019-04-04,C,WEALTH,339,2026-06-29 19:53:29.717929,2026-06-29 19:53:29.717929
1279,Patricia,Flores,1980-03-09,sha256_001278,user1278@example.com,555-944-5072,2016-02-23,A,WEALTH,178,2026-06-29 19:53:29.717929,2026-06-29 19:53:29.717929
1280,Luis,Alexander,1954-05-23,sha256_001279,user1279@example.com,555-879-7305,2015-08-14,A,DIGITAL,430,2026-06-29 19:53:29.717929,2026-06-29 19:53:29.717929
1281,Joshua,Smith,1949-05-17,sha256_001280,user1280@example.com,555-771-1894,2013-09-19,A,PREMIER,330,2026-06-29 19:53:29.717929,2026-06-29 19:53:29.717929
1282,Jamie,Bell,1983-03-25,sha256_001281,user1281@example.com,555-360-9283,2019-02-28,A,WEALTH,437,2026-06-29 19:53:29.717929,2026-06-29 19:53:29.717929
1283,Janet,Campbell,1962-10-30,sha256_001282,user1282@example.com,555-707-3709,2013-08-08,A,PREMIER,385,2026-06-29 19:53:29.717929,2026-06-29 19:53:29.717929
1284,Christina,Morgan,1957-11-23,sha256_001283,user1283@example.com,555-703-6253,2012-07-21,A,DIGITAL,170,2026-06-29 19:53:29.717929,2026-06-29 19:53:29.717929
1285,Thomas,Lowe,1971-03-20,sha256_001284,user1284@example.com,555-484-1824,2013-06-06,A,STUDENT,115,2026-06-29 19:53:29.717929,2026-06-29 19:53:29.717929
1286,Ronald,White,1948-08-03,sha256_001285,user1285@example.com,555-763-7203,2012-04-17,A,WEALTH,419,2026-06-29 19:53:29.717929,2026-06-29 19:53:29.717929
1287,Mary,Lyons,1981-06-06,sha256_001286,user1286@example.com,555-440-2291,2020-05-01,A,WEALTH,228,2026-06-29 19:53:29.717929,2026-06-29 19:53:29.717929
1288,Lisa,Marquez,1982-10-13,sha256_001287,user1287@example.com,555-786-8341,2016-02-25,A,PREMIER,439,2026-06-29 19:53:29.717929,2026-06-29 19:53:29.717929
1289,Terri,Campos,1986-06-09,sha256_001288,user1288@example.com,555-710-8324,2019-06-13,A,MASS,61,2026-06-29 19:53:29.717929,2026-06-29 19:53:29.717929
1290,Lisa,Gillespie,1972-09-10,sha256_001289,user1289@example.com,555-709-1291,2013-06-16,A,PREMIER,207,2026-06-29 19:53:29.717929,2026-06-29 19:53:29.717929
1291,Gabrielle,Mckinney,1972-11-12,sha256_001290,user1290@example.com,555-622-1587,2018-04-15,A,STUDENT,282,2026-06-29 19:53:29.717929,2026-06-29 19:53:29.717929
1292,Jeffrey,Callahan,1972-09-02,sha256_001291,user1291@example.com,555-200-2489,2014-12-12,A,STUDENT,494,2026-06-29 19:53:29.717929,2026-06-29 19:53:29.717929
1293,Philip,Lyons,1982-10-29,sha256_001292,user1292@example.com,555-833-5990,2025-02-09,A,STUDENT,288,2026-06-29 19:53:29.717929,2026-06-29 19:53:29.717929
1294,Nicole,Chavez,1986-01-21,sha256_001293,user1293@example.com,555-411-8474,2023-04-05,A,MASS,187,2026-06-29 19:53:29.717929,2026-06-29 19:53:29.717929
1295,Michael,Murray,1943-07-09,sha256_001294,user1294@example.com,555-255-4652,2018-08-01,A,WEALTH,170,2026-06-29 19:53:29.717929,2026-06-29 19:53:29.717929
1296,Cassandra,Anderson,1952-12-07,sha256_001295,user1295@example.com,555-773-8751,2022-12-12,A,SMALL_BIZ,337,2026-06-29 19:53:29.717929,2026-06-29 19:53:29.717929
1297,Laura,Nguyen,1948-05-21,sha256_001296,user1296@example.com,555-572-8414,2023-09-08,A,PREMIER,50,2026-06-29 19:53:29.717929,2026-06-29 19:53:29.717929
1298,Amanda,Morales,1985-01-01,sha256_001297,user1297@example.com,555-977-4633,2023-04-24,A,PREMIER,175,2026-06-29 19:53:29.717929,2026-06-29 19:53:29.717929
1299,Amy,Dickson,1969-03-11,sha256_001298,user1298@example.com,555-563-5783,2020-10-02,A,STUDENT,268,2026-06-29 19:53:29.717929,2026-06-29 19:53:29.717929
1300,Lisa,Garza,1967-03-17,sha256_001299,user1299@example.com,555-582-2741,2016-07-28,A,PREMIER,460,2026-06-29 19:53:29.717929,2026-06-29 19:53:29.717929
1301,Kristin,Stephens,1994-01-14,sha256_001300,user1300@example.com,555-368-9067,2017-12-26,A,DIGITAL,421,2026-06-29 19:53:29.717929,2026-06-29 19:53:29.717929
1302,Christian,Galvan,1957-04-24,sha256_001301,user1301@example.com,555-934-7704,2021-05-17,I,PREMIER,131,2026-06-29 19:53:29.717929,2026-06-29 19:53:29.717929
1303,Brittany,Ford,1979-12-17,sha256_001302,user1302@example.com,555-825-4209,2018-10-01,A,DIGITAL,62,2026-06-29 19:53:29.717929,2026-06-29 19:53:29.717929
1304,Gregory,Blanchard,1978-09-06,sha256_001303,user1303@example.com,555-602-4532,2023-10-03,A,WEALTH,423,2026-06-29 19:53:29.717929,2026-06-29 19:53:29.717929
1305,Lisa,Wise,1946-02-26,sha256_001304,user1304@example.com,555-395-6536,2013-02-10,A,PREMIER,388,2026-06-29 19:53:29.717929,2026-06-29 19:53:29.717929
1306,Donna,Davis,1966-11-17,sha256_001305,user1305@example.com,555-624-1761,2018-11-12,I,SMALL_BIZ,429,2026-06-29 19:53:29.717929,2026-06-29 19:53:29.717929
1307,Rebecca,Fields,1996-03-25,sha256_001306,user1306@example.com,555-888-3018,2024-09-22,A,WEALTH,235,2026-06-29 19:53:29.717929,2026-06-29 19:53:29.717929
1308,Edward,Schmidt,1941-07-03,sha256_001307,user1307@example.com,555-874-9260,2013-09-05,A,DIGITAL,494,2026-06-29 19:53:29.717929,2026-06-29 19:53:29.717929
1309,James,Maldonado,1967-08-15,sha256_001308,user1308@example.com,555-710-1071,2020-02-11,A,STUDENT,377,2026-06-29 19:53:29.717929,2026-06-29 19:53:29.717929
1310,Robin,Torres,1962-09-14,sha256_001309,user1309@example.com,555-249-8091,2019-12-31,A,STUDENT,248,2026-06-29 19:53:29.717929,2026-06-29 19:53:29.717929
1311,Toni,Cooper,2004-09-10,sha256_001310,user1310@example.com,555-720-3903,2017-12-22,A,SMALL_BIZ,297,2026-06-29 19:53:29.717929,2026-06-29 19:53:29.717929
1312,Valerie,Powell,1947-06-22,sha256_001311,user1311@example.com,555-377-3103,2011-08-12,I,PREMIER,199,2026-06-29 19:53:29.717929,2026-06-29 19:53:29.717929
1313,Mike,Dunn,1950-01-14,sha256_001312,user1312@example.com,555-873-6273,2015-11-18,A,STUDENT,452,2026-06-29 19:53:29.717929,2026-06-29 19:53:29.717929
1314,Lori,Howard,1945-01-19,sha256_001313,user1313@example.com,555-593-7859,2021-12-25,A,STUDENT,469,2026-06-29 19:53:29.717929,2026-06-29 19:53:29.717929
1315,Joe,Park,1999-03-12,sha256_001314,user1314@example.com,555-909-5067,2024-05-28,A,MASS,204,2026-06-29 19:53:29.717929,2026-06-29 19:53:29.717929
1316,Patrick,James,1967-11-28,sha256_001315,user1315@example.com,555-551-5819,2016-03-27,A,WEALTH,413,2026-06-29 19:53:29.717929,2026-06-29 19:53:29.717929
1317,Thomas,Lopez,1978-01-05,sha256_001316,user1316@example.com,555-336-3263,2021-05-16,A,WEALTH,309,2026-06-29 19:53:29.717929,2026-06-29 19:53:29.717929
1318,Mary,Moore,1967-04-05,sha256_001317,user1317@example.com,555-916-9393,2025-04-13,A,MASS,432,2026-06-29 19:53:29.717929,2026-06-29 19:53:29.717929
1319,Dennis,Jones,2008-04-26,sha256_001318,user1318@example.com,555-918-9975,2021-06-27,A,MASS,365,2026-06-29 19:53:29.717929,2026-06-29 19:53:29.717929
1320,Tommy,Kim,1942-07-18,sha256_001319,user1319@example.com,555-954-4560,2022-04-02,A,DIGITAL,108,2026-06-29 19:53:29.717929,2026-06-29 19:53:29.717929
1321,Dawn,Perry,2007-11-01,sha256_001320,user1320@example.com,555-839-5760,2012-10-02,A,SMALL_BIZ,177,2026-06-29 19:53:29.717929,2026-06-29 19:53:29.717929
1322,Cassandra,Simmons,1972-01-17,sha256_001321,user1321@example.com,555-888-3173,2023-04-05,A,SMALL_BIZ,333,2026-06-29 19:53:29.717929,2026-06-29 19:53:29.717929
1323,Andrea,Cole,1953-07-15,sha256_001322,user1322@example.com,555-382-9255,2019-02-02,I,STUDENT,356,2026-06-29 19:53:29.717929,2026-06-29 19:53:29.717929
1324,Cassandra,Lane,1965-04-18,sha256_001323,user1323@example.com,555-852-6281,2014-04-06,A,SMALL_BIZ,60,2026-06-29 19:53:29.717929,2026-06-29 19:53:29.717929
1325,Walter,Jenkins,1998-03-24,sha256_001324,user1324@example.com,555-979-6771,2015-01-09,C,STUDENT,246,2026-06-29 19:53:29.717929,2026-06-29 19:53:29.717929
1326,Tiffany,Carroll,1978-01-31,sha256_001325,user1325@example.com,555-796-7839,2016-12-18,A,SMALL_BIZ,383,2026-06-29 19:53:29.717929,2026-06-29 19:53:29.717929
1327,Timothy,Vaughn,1988-09-19,sha256_001326,user1326@example.com,555-746-5684,2013-03-06,A,WEALTH,414,2026-06-29 19:53:29.717929,2026-06-29 19:53:29.717929
1328,Tonya,Terrell,1951-01-05,sha256_001327,user1327@example.com,555-213-9564,2022-05-26,A,PREMIER,13,2026-06-29 19:53:29.717929,2026-06-29 19:53:29.717929
1329,Christian,Wu,1993-09-03,sha256_001328,user1328@example.com,555-590-3381,2018-06-05,A,PREMIER,344,2026-06-29 19:53:29.717929,2026-06-29 19:53:29.717929
1330,Judith,Horne,1947-06-02,sha256_001329,user1329@example.com,555-257-4275,2018-07-16,A,MASS,385,2026-06-29 19:53:29.717929,2026-06-29 19:53:29.717929
1331,Lauren,Edwards,1946-09-21,sha256_001330,user1330@example.com,555-364-5695,2020-12-10,A,SMALL_BIZ,129,2026-06-29 19:53:29.717929,2026-06-29 19:53:29.717929
1332,Kimberly,Harrison,1945-01-10,sha256_001331,user1331@example.com,555-349-2016,2016-08-12,A,SMALL_BIZ,402,2026-06-29 19:53:29.717929,2026-06-29 19:53:29.717929
1333,Jessica,Fisher,1975-11-03,sha256_001332,user1332@example.com,555-502-4342,2018-06-28,A,STUDENT,17,2026-06-29 19:53:29.717929,2026-06-29 19:53:29.717929
1334,Keith,Johnson,2005-11-06,sha256_001333,user1333@example.com,555-567-8415,2023-05-26,C,PREMIER,316,2026-06-29 19:53:29.717929,2026-06-29 19:53:29.717929
1335,Jessica,Elliott,2003-04-28,sha256_001334,user1334@example.com,555-891-4675,2022-09-02,C,SMALL_BIZ,332,2026-06-29 19:53:29.717929,2026-06-29 19:53:29.717929
1336,Gary,Williams,1945-08-09,sha256_001335,user1335@example.com,555-774-7371,2018-07-20,A,DIGITAL,262,2026-06-29 19:53:29.717929,2026-06-29 19:53:29.717929
1337,Claudia,Mitchell,2007-11-05,sha256_001336,user1336@example.com,555-912-5712,2023-07-23,A,SMALL_BIZ,341,2026-06-29 19:53:29.717929,2026-06-29 19:53:29.717929
1338,Melissa,Ramirez,1947-01-08,sha256_001337,user1337@example.com,555-248-7251,2019-01-12,A,WEALTH,214,2026-06-29 19:53:29.717929,2026-06-29 19:53:29.717929
1339,Michaela,Smith,1950-05-16,sha256_001338,user1338@example.com,555-901-6122,2015-09-07,A,STUDENT,28,2026-06-29 19:53:29.717929,2026-06-29 19:53:29.717929
1340,Brittany,Hernandez,1948-12-18,sha256_001339,user1339@example.com,555-213-5117,2014-02-04,A,DIGITAL,318,2026-06-29 19:53:29.717929,2026-06-29 19:53:29.717929
1341,Jose,Haynes,1971-06-02,sha256_001340,user1340@example.com,555-999-8259,2023-07-17,A,DIGITAL,467,2026-06-29 19:53:29.717929,2026-06-29 19:53:29.717929
1342,Michelle,Cooper,1973-12-24,sha256_001341,user1341@example.com,555-848-7025,2023-06-01,A,STUDENT,280,2026-06-29 19:53:29.717929,2026-06-29 19:53:29.717929
1343,Sarah,Moore,1947-02-23,sha256_001342,user1342@example.com,555-956-4218,2013-08-27,I,SMALL_BIZ,494,2026-06-29 19:53:29.717929,2026-06-29 19:53:29.717929
1344,Kaylee,Young,1974-09-20,sha256_001343,user1343@example.com,555-398-5819,2026-04-25,A,WEALTH,91,2026-06-29 19:53:29.717929,2026-06-29 19:53:29.717929
1345,Jason,Navarro,1970-12-25,sha256_001344,user1344@example.com,555-899-2220,2021-01-01,A,DIGITAL,493,2026-06-29 19:53:29.717929,2026-06-29 19:53:29.717929
1346,Karla,Wilson,1964-08-11,sha256_001345,user1345@example.com,555-377-9418,2021-01-26,A,PREMIER,194,2026-06-29 19:53:29.717929,2026-06-29 19:53:29.717929
1347,Kevin,Reese,1952-09-20,sha256_001346,user1346@example.com,555-241-8020,2017-06-09,A,MASS,285,2026-06-29 19:53:29.717929,2026-06-29 19:53:29.717929
1348,Noah,Thornton,1991-11-26,sha256_001347,user1347@example.com,555-470-3131,2019-06-08,A,DIGITAL,300,2026-06-29 19:53:29.717929,2026-06-29 19:53:29.717929
1349,Monica,Smith,1973-04-15,sha256_001348,user1348@example.com,555-461-1092,2013-08-27,C,MASS,239,2026-06-29 19:53:29.717929,2026-06-29 19:53:29.717929
1350,Erika,Nixon,2003-08-13,sha256_001349,user1349@example.com,555-926-3536,2018-03-09,A,PREMIER,79,2026-06-29 19:53:29.717929,2026-06-29 19:53:29.717929
1351,Samantha,Walsh,1987-03-30,sha256_001350,user1350@example.com,555-530-1833,2012-02-07,I,SMALL_BIZ,316,2026-06-29 19:53:29.717929,2026-06-29 19:53:29.717929
1352,Samantha,Garrison,2005-07-21,sha256_001351,user1351@example.com,555-877-5934,2017-12-06,A,WEALTH,405,2026-06-29 19:53:29.717929,2026-06-29 19:53:29.717929
1353,Corey,Pena,1963-12-07,sha256_001352,user1352@example.com,555-786-6866,2015-06-23,A,PREMIER,402,2026-06-29 19:53:29.717929,2026-06-29 19:53:29.717929
1354,Kaitlyn,Navarro,1967-09-12,sha256_001353,user1353@example.com,555-924-6207,2023-01-09,A,STUDENT,113,2026-06-29 19:53:29.717929,2026-06-29 19:53:29.717929
1355,Matthew,Vaughn,1980-12-07,sha256_001354,user1354@example.com,555-388-9529,2014-05-26,A,PREMIER,403,2026-06-29 19:53:29.717929,2026-06-29 19:53:29.717929
1356,Emily,Decker,1953-07-18,sha256_001355,user1355@example.com,555-717-3611,2019-08-29,I,WEALTH,279,2026-06-29 19:53:29.717929,2026-06-29 19:53:29.717929
1357,Dalton,Griffin,1942-04-17,sha256_001356,user1356@example.com,555-749-7609,2012-12-12,I,PREMIER,179,2026-06-29 19:53:29.717929,2026-06-29 19:53:29.717929
1358,James,Johnson,1956-03-11,sha256_001357,user1357@example.com,555-426-4495,2015-09-19,A,SMALL_BIZ,170,2026-06-29 19:53:29.717929,2026-06-29 19:53:29.717929
1359,Diane,Houston,1947-08-26,sha256_001358,user1358@example.com,555-539-6911,2025-06-28,A,MASS,112,2026-06-29 19:53:29.717929,2026-06-29 19:53:29.717929
1360,Jean,Wilson,2005-03-04,sha256_001359,user1359@example.com,555-970-9691,2021-01-03,A,WEALTH,288,2026-06-29 19:53:29.717929,2026-06-29 19:53:29.717929
1361,Diana,Yoder,1998-11-14,sha256_001360,user1360@example.com,555-970-1144,2013-06-05,I,PREMIER,343,2026-06-29 19:53:29.717929,2026-06-29 19:53:29.717929
1362,Paula,Dominguez,1979-06-02,sha256_001361,user1361@example.com,555-554-8301,2025-12-02,A,DIGITAL,464,2026-06-29 19:53:29.717929,2026-06-29 19:53:29.717929
1363,Sharon,Fowler,1958-06-19,sha256_001362,user1362@example.com,555-857-4994,2018-06-16,A,PREMIER,350,2026-06-29 19:53:29.717929,2026-06-29 19:53:29.717929
1364,Ronald,Berger,2003-04-24,sha256_001363,user1363@example.com,555-528-7248,2015-08-13,A,PREMIER,198,2026-06-29 19:53:29.717929,2026-06-29 19:53:29.717929
1365,Fernando,Jones,1993-01-26,sha256_001364,user1364@example.com,555-462-9851,2016-04-25,A,SMALL_BIZ,145,2026-06-29 19:53:29.717929,2026-06-29 19:53:29.717929
1366,Marvin,Brown,1993-07-22,sha256_001365,user1365@example.com,555-225-9468,2017-03-14,A,MASS,264,2026-06-29 19:53:29.717929,2026-06-29 19:53:29.717929
1367,Scott,Vasquez,2005-07-07,sha256_001366,user1366@example.com,555-720-8300,2015-06-10,A,WEALTH,23,2026-06-29 19:53:29.717929,2026-06-29 19:53:29.717929
1368,Gregory,Vasquez,2003-09-15,sha256_001367,user1367@example.com,555-503-4154,2020-08-05,I,MASS,264,2026-06-29 19:53:29.717929,2026-06-29 19:53:29.717929
1369,Jeffery,Schneider,1951-02-17,sha256_001368,user1368@example.com,555-284-2572,2022-12-16,A,DIGITAL,498,2026-06-29 19:53:29.717929,2026-06-29 19:53:29.717929
1370,Dakota,Jones,2002-08-20,sha256_001369,user1369@example.com,555-991-9814,2022-03-01,A,STUDENT,4,2026-06-29 19:53:29.717929,2026-06-29 19:53:29.717929
1371,Sean,Mosley,1979-10-09,sha256_001370,user1370@example.com,555-841-2072,2015-03-25,C,DIGITAL,344,2026-06-29 19:53:29.717929,2026-06-29 19:53:29.717929
1372,Sarah,Ortega,1951-06-19,sha256_001371,user1371@example.com,555-844-4492,2021-01-16,A,SMALL_BIZ,218,2026-06-29 19:53:29.717929,2026-06-29 19:53:29.717929
1373,Rebecca,Andrews,1959-05-05,sha256_001372,user1372@example.com,555-306-4368,2021-12-07,I,STUDENT,425,2026-06-29 19:53:29.717929,2026-06-29 19:53:29.717929
1374,Tracy,Graham,1976-01-08,sha256_001373,user1373@example.com,555-919-8130,2025-07-06,A,SMALL_BIZ,419,2026-06-29 19:53:29.717929,2026-06-29 19:53:29.717929
1375,Kristen,Fernandez,1998-01-15,sha256_001374,user1374@example.com,555-273-3519,2023-02-21,A,PREMIER,236,2026-06-29 19:53:29.717929,2026-06-29 19:53:29.717929
1376,Lisa,Olson,1941-09-17,sha256_001375,user1375@example.com,555-934-6434,2025-09-22,I,PREMIER,45,2026-06-29 19:53:29.717929,2026-06-29 19:53:29.717929
1377,Michael,Maldonado,1979-07-01,sha256_001376,user1376@example.com,555-275-1889,2025-06-10,A,DIGITAL,407,2026-06-29 19:53:29.717929,2026-06-29 19:53:29.717929
1378,Susan,Davis,1968-05-01,sha256_001377,user1377@example.com,555-457-2154,2020-12-03,A,STUDENT,421,2026-06-29 19:53:29.717929,2026-06-29 19:53:29.717929
1379,Christopher,Stevens,1977-04-23,sha256_001378,user1378@example.com,555-433-5237,2025-10-29,A,WEALTH,199,2026-06-29 19:53:29.717929,2026-06-29 19:53:29.717929
1380,Gregory,Williams,1992-11-05,sha256_001379,user1379@example.com,555-661-7626,2021-02-25,A,WEALTH,162,2026-06-29 19:53:29.717929,2026-06-29 19:53:29.717929
1381,Heather,Mosley,1967-03-25,sha256_001380,user1380@example.com,555-217-7381,2014-05-04,A,SMALL_BIZ,61,2026-06-29 19:53:29.717929,2026-06-29 19:53:29.717929
1382,Christopher,Chen,1983-09-28,sha256_001381,user1381@example.com,555-747-1096,2016-11-06,A,SMALL_BIZ,369,2026-06-29 19:53:29.717929,2026-06-29 19:53:29.717929
1383,James,Cortez,1990-10-04,sha256_001382,user1382@example.com,555-833-2036,2013-07-30,C,SMALL_BIZ,300,2026-06-29 19:53:29.717929,2026-06-29 19:53:29.717929
1384,Bryan,Fernandez,1981-03-20,sha256_001383,user1383@example.com,555-246-2189,2018-10-15,A,MASS,476,2026-06-29 19:53:29.717929,2026-06-29 19:53:29.717929
1385,Mary,Cole,1962-02-09,sha256_001384,user1384@example.com,555-714-2738,2019-06-16,A,MASS,403,2026-06-29 19:53:29.717929,2026-06-29 19:53:29.717929
1386,Brian,French,2008-03-18,sha256_001385,user1385@example.com,555-902-5937,2012-01-16,A,STUDENT,45,2026-06-29 19:53:29.717929,2026-06-29 19:53:29.717929
1387,Lindsay,Contreras,1944-05-11,sha256_001386,user1386@example.com,555-488-8170,2013-04-03,A,WEALTH,203,2026-06-29 19:53:29.717929,2026-06-29 19:53:29.717929
1388,Morgan,Hernandez,1972-03-14,sha256_001387,user1387@example.com,555-876-1504,2021-08-09,A,WEALTH,81,2026-06-29 19:53:29.717929,2026-06-29 19:53:29.717929
1389,Benjamin,Thomas,1980-04-22,sha256_001388,user1388@example.com,555-746-4602,2025-04-15,C,DIGITAL,383,2026-06-29 19:53:29.717929,2026-06-29 19:53:29.717929
1390,Samantha,Williams,1985-04-18,sha256_001389,user1389@example.com,555-600-9941,2018-07-09,A,MASS,492,2026-06-29 19:53:29.717929,2026-06-29 19:53:29.717929
1391,Gerald,Williams,1988-06-23,sha256_001390,user1390@example.com,555-849-3360,2013-06-09,A,MASS,347,2026-06-29 19:53:29.717929,2026-06-29 19:53:29.717929
1392,Stephen,Jackson,1962-01-30,sha256_001391,user1391@example.com,555-946-7113,2023-05-01,A,PREMIER,284,2026-06-29 19:53:29.717929,2026-06-29 19:53:29.717929
1393,Daniel,Crawford,1981-02-02,sha256_001392,user1392@example.com,555-768-3316,2023-09-10,A,PREMIER,22,2026-06-29 19:53:29.717929,2026-06-29 19:53:29.717929
1394,Linda,Simmons,1995-01-13,sha256_001393,user1393@example.com,555-205-7456,2014-10-12,A,STUDENT,281,2026-06-29 19:53:29.717929,2026-06-29 19:53:29.717929
1395,Erika,Nguyen,1995-11-11,sha256_001394,user1394@example.com,555-287-5992,2026-02-21,A,DIGITAL,384,2026-06-29 19:53:29.717929,2026-06-29 19:53:29.717929
1396,Derrick,Copeland,2006-11-15,sha256_001395,user1395@example.com,555-959-6633,2020-01-31,I,DIGITAL,212,2026-06-29 19:53:29.717929,2026-06-29 19:53:29.717929
1397,Brittany,Rogers,1994-08-17,sha256_001396,user1396@example.com,555-861-9397,2022-11-22,A,DIGITAL,83,2026-06-29 19:53:29.717929,2026-06-29 19:53:29.717929
1398,Robert,Horton,1949-07-31,sha256_001397,user1397@example.com,555-388-4617,2013-08-06,A,STUDENT,428,2026-06-29 19:53:29.717929,2026-06-29 19:53:29.717929
1399,Sara,Williams,1978-07-27,sha256_001398,user1398@example.com,555-458-4183,2018-01-13,A,PREMIER,93,2026-06-29 19:53:29.717929,2026-06-29 19:53:29.717929
1400,Cheyenne,Strickland,1948-03-10,sha256_001399,user1399@example.com,555-887-1891,2024-02-18,A,STUDENT,237,2026-06-29 19:53:29.717929,2026-06-29 19:53:29.717929
1401,Adam,White,1942-07-16,sha256_001400,user1400@example.com,555-860-2198,2018-10-03,A,MASS,344,2026-06-29 19:53:29.717929,2026-06-29 19:53:29.717929
1402,Olivia,Butler,1947-06-19,sha256_001401,user1401@example.com,555-268-5107,2021-03-19,A,PREMIER,102,2026-06-29 19:53:29.717929,2026-06-29 19:53:29.717929
1403,Heather,Harris,1995-08-03,sha256_001402,user1402@example.com,555-943-8982,2023-01-06,A,MASS,183,2026-06-29 19:53:29.717929,2026-06-29 19:53:29.717929
1404,Robert,Hurley,1984-05-11,sha256_001403,user1403@example.com,555-331-4842,2019-04-18,A,PREMIER,146,2026-06-29 19:53:29.717929,2026-06-29 19:53:29.717929
1405,Hector,Porter,1982-05-25,sha256_001404,user1404@example.com,555-834-2143,2012-01-19,A,DIGITAL,163,2026-06-29 19:53:29.717929,2026-06-29 19:53:29.717929
1406,Kimberly,Bailey,2005-02-27,sha256_001405,user1405@example.com,555-697-8383,2020-11-05,A,MASS,316,2026-06-29 19:53:29.717929,2026-06-29 19:53:29.717929
1407,David,Moreno,1941-10-18,sha256_001406,user1406@example.com,555-875-6008,2015-01-02,I,SMALL_BIZ,300,2026-06-29 19:53:29.717929,2026-06-29 19:53:29.717929
1408,Kathleen,Fernandez,1947-11-26,sha256_001407,user1407@example.com,555-356-6971,2016-11-21,A,MASS,491,2026-06-29 19:53:29.717929,2026-06-29 19:53:29.717929
1409,Donna,Hill,1956-03-07,sha256_001408,user1408@example.com,555-638-3762,2022-12-25,A,PREMIER,161,2026-06-29 19:53:29.717929,2026-06-29 19:53:29.717929
1410,Gina,Schmitt,1954-06-21,sha256_001409,user1409@example.com,555-452-4629,2023-05-17,I,SMALL_BIZ,379,2026-06-29 19:53:29.717929,2026-06-29 19:53:29.717929
1411,Elizabeth,Williams,1973-04-11,sha256_001410,user1410@example.com,555-856-8145,2014-02-13,A,MASS,431,2026-06-29 19:53:29.717929,2026-06-29 19:53:29.717929
1412,Ryan,Cook,1984-09-11,sha256_001411,user1411@example.com,555-568-3200,2015-09-29,A,SMALL_BIZ,376,2026-06-29 19:53:29.717929,2026-06-29 19:53:29.717929
1413,Bradley,Yang,1995-06-08,sha256_001412,user1412@example.com,555-539-8863,2022-10-21,A,WEALTH,229,2026-06-29 19:53:29.717929,2026-06-29 19:53:29.717929
1414,Kristen,Washington,2003-06-16,sha256_001413,user1413@example.com,555-567-6004,2014-02-11,A,WEALTH,283,2026-06-29 19:53:29.717929,2026-06-29 19:53:29.717929
1415,Jennifer,Watkins,1949-04-08,sha256_001414,user1414@example.com,555-311-3879,2024-11-04,A,SMALL_BIZ,311,2026-06-29 19:53:29.717929,2026-06-29 19:53:29.717929
1416,Erica,Nguyen,1963-05-01,sha256_001415,user1415@example.com,555-283-5597,2014-06-15,I,DIGITAL,457,2026-06-29 19:53:29.717929,2026-06-29 19:53:29.717929
1417,Corey,Rojas,1993-09-06,sha256_001416,user1416@example.com,555-751-4218,2016-05-10,A,MASS,376,2026-06-29 19:53:29.717929,2026-06-29 19:53:29.717929
1418,Jeffrey,Ruiz,1999-10-09,sha256_001417,user1417@example.com,555-841-2252,2017-02-03,A,SMALL_BIZ,39,2026-06-29 19:53:29.717929,2026-06-29 19:53:29.717929
1419,Dustin,Reilly,1973-12-11,sha256_001418,user1418@example.com,555-219-9309,2024-10-10,A,SMALL_BIZ,16,2026-06-29 19:53:29.717929,2026-06-29 19:53:29.717929
1420,Derek,Cortez,1971-12-23,sha256_001419,user1419@example.com,555-795-7637,2017-04-08,I,STUDENT,109,2026-06-29 19:53:29.717929,2026-06-29 19:53:29.717929
1421,James,Martinez,1983-11-02,sha256_001420,user1420@example.com,555-237-5269,2026-01-16,A,STUDENT,458,2026-06-29 19:53:29.717929,2026-06-29 19:53:29.717929
1422,Derek,York,1987-11-14,sha256_001421,user1421@example.com,555-752-8734,2012-05-19,A,SMALL_BIZ,397,2026-06-29 19:53:29.717929,2026-06-29 19:53:29.717929
1423,Matthew,Tanner,1972-03-19,sha256_001422,user1422@example.com,555-352-6993,2014-01-16,A,WEALTH,115,2026-06-29 19:53:29.717929,2026-06-29 19:53:29.717929
1424,Dana,Carr,1981-12-07,sha256_001423,user1423@example.com,555-990-5767,2023-04-09,A,DIGITAL,238,2026-06-29 19:53:29.717929,2026-06-29 19:53:29.717929
1425,Melissa,Miller,1952-11-16,sha256_001424,user1424@example.com,555-713-9362,2025-12-18,C,PREMIER,204,2026-06-29 19:53:29.717929,2026-06-29 19:53:29.717929
1426,Wendy,Vargas,1998-11-28,sha256_001425,user1425@example.com,555-572-9227,2018-10-15,C,PREMIER,340,2026-06-29 19:53:29.717929,2026-06-29 19:53:29.717929
1427,Jessica,Fitzgerald,1997-07-26,sha256_001426,user1426@example.com,555-444-3717,2015-08-28,A,STUDENT,72,2026-06-29 19:53:29.717929,2026-06-29 19:53:29.717929
1428,Bethany,Snow,1958-01-06,sha256_001427,user1427@example.com,555-656-3608,2016-05-16,C,DIGITAL,290,2026-06-29 19:53:29.717929,2026-06-29 19:53:29.717929
1429,Ashley,Smith,1981-02-20,sha256_001428,user1428@example.com,555-779-3395,2013-09-17,A,SMALL_BIZ,375,2026-06-29 19:53:29.717929,2026-06-29 19:53:29.717929
1430,Thomas,Mack,2007-03-01,sha256_001429,user1429@example.com,555-695-6878,2012-02-02,I,PREMIER,113,2026-06-29 19:53:29.717929,2026-06-29 19:53:29.717929
1431,Timothy,Yates,1943-09-29,sha256_001430,user1430@example.com,555-979-8989,2019-06-01,A,DIGITAL,33,2026-06-29 19:53:29.717929,2026-06-29 19:53:29.717929
1432,John,Hansen,1996-07-07,sha256_001431,user1431@example.com,555-470-7052,2018-03-29,A,DIGITAL,22,2026-06-29 19:53:29.717929,2026-06-29 19:53:29.717929
1433,Stephanie,Anderson,1942-04-29,sha256_001432,user1432@example.com,555-884-4387,2022-05-29,A,STUDENT,465,2026-06-29 19:53:29.717929,2026-06-29 19:53:29.717929
1434,Christopher,Castillo,1961-04-23,sha256_001433,user1433@example.com,555-569-7358,2021-02-24,A,WEALTH,470,2026-06-29 19:53:29.717929,2026-06-29 19:53:29.717929
1435,Michaela,Burgess,1961-11-30,sha256_001434,user1434@example.com,555-665-1760,2021-12-25,A,PREMIER,333,2026-06-29 19:53:29.717929,2026-06-29 19:53:29.717929
1436,Kelsey,Sawyer,1943-02-16,sha256_001435,user1435@example.com,555-531-2691,2018-04-11,A,SMALL_BIZ,496,2026-06-29 19:53:29.717929,2026-06-29 19:53:29.717929
1437,Mitchell,Marshall,1968-08-25,sha256_001436,user1436@example.com,555-733-5480,2023-04-10,A,SMALL_BIZ,135,2026-06-29 19:53:29.717929,2026-06-29 19:53:29.717929
1438,Chad,Barry,1983-12-05,sha256_001437,user1437@example.com,555-792-9918,2024-04-29,A,STUDENT,90,2026-06-29 19:53:29.717929,2026-06-29 19:53:29.717929
1439,Ronald,Nelson,1963-10-18,sha256_001438,user1438@example.com,555-585-7201,2011-12-24,A,MASS,301,2026-06-29 19:53:29.717929,2026-06-29 19:53:29.717929
1440,Laura,French,2004-11-16,sha256_001439,user1439@example.com,555-869-2275,2019-08-01,A,STUDENT,129,2026-06-29 19:53:29.717929,2026-06-29 19:53:29.717929
1441,Jill,Brown,1946-12-01,sha256_001440,user1440@example.com,555-585-4651,2024-08-18,C,STUDENT,208,2026-06-29 19:53:29.717929,2026-06-29 19:53:29.717929
1442,Pamela,Rodriguez,2004-10-28,sha256_001441,user1441@example.com,555-561-6653,2021-07-22,A,WEALTH,406,2026-06-29 19:53:29.717929,2026-06-29 19:53:29.717929
1443,Michael,Thompson,1965-12-26,sha256_001442,user1442@example.com,555-693-1108,2020-09-22,A,STUDENT,452,2026-06-29 19:53:29.717929,2026-06-29 19:53:29.717929
1444,Jenna,Harris,1978-12-06,sha256_001443,user1443@example.com,555-342-8207,2012-06-28,A,DIGITAL,118,2026-06-29 19:53:29.717929,2026-06-29 19:53:29.717929
1445,Daniel,Mendoza,2007-03-27,sha256_001444,user1444@example.com,555-278-9430,2015-01-19,I,SMALL_BIZ,144,2026-06-29 19:53:29.717929,2026-06-29 19:53:29.717929
1446,Susan,Clark,2004-05-30,sha256_001445,user1445@example.com,555-416-3461,2020-02-23,A,DIGITAL,81,2026-06-29 19:53:29.717929,2026-06-29 19:53:29.717929
1447,Michael,Adams,1991-05-29,sha256_001446,user1446@example.com,555-570-2938,2014-11-08,A,SMALL_BIZ,118,2026-06-29 19:53:29.717929,2026-06-29 19:53:29.717929
1448,Bryan,Reed,1987-01-24,sha256_001447,user1447@example.com,555-624-6410,2015-08-17,I,SMALL_BIZ,59,2026-06-29 19:53:29.717929,2026-06-29 19:53:29.717929
1449,David,Mckinney,1974-01-25,sha256_001448,user1448@example.com,555-693-8844,2019-05-07,I,WEALTH,108,2026-06-29 19:53:29.717929,2026-06-29 19:53:29.717929
1450,Kelly,Oliver,1986-12-08,sha256_001449,user1449@example.com,555-804-3641,2019-06-10,A,SMALL_BIZ,427,2026-06-29 19:53:29.717929,2026-06-29 19:53:29.717929
1451,Lisa,Everett,1995-01-31,sha256_001450,user1450@example.com,555-620-1367,2025-08-05,A,DIGITAL,23,2026-06-29 19:53:29.717929,2026-06-29 19:53:29.717929
1452,Stephen,Miller,1945-11-20,sha256_001451,user1451@example.com,555-330-3639,2024-10-17,A,DIGITAL,323,2026-06-29 19:53:29.717929,2026-06-29 19:53:29.717929
1453,Sue,Rodriguez,2001-08-26,sha256_001452,user1452@example.com,555-724-1642,2015-10-17,I,STUDENT,76,2026-06-29 19:53:29.717929,2026-06-29 19:53:29.717929
1454,Tyler,Golden,1959-12-24,sha256_001453,user1453@example.com,555-257-3725,2021-11-21,A,MASS,473,2026-06-29 19:53:29.717929,2026-06-29 19:53:29.717929
1455,Kelly,Montes,1976-05-17,sha256_001454,user1454@example.com,555-384-9464,2020-11-06,A,WEALTH,307,2026-06-29 19:53:29.717929,2026-06-29 19:53:29.717929
1456,Michael,Wallace,1977-10-07,sha256_001455,user1455@example.com,555-777-1305,2013-06-17,I,SMALL_BIZ,373,2026-06-29 19:53:29.717929,2026-06-29 19:53:29.717929
1457,Bryan,Wiggins,1984-09-07,sha256_001456,user1456@example.com,555-877-5644,2015-11-03,A,PREMIER,111,2026-06-29 19:53:29.717929,2026-06-29 19:53:29.717929
1458,Deanna,Jenkins,1957-01-21,sha256_001457,user1457@example.com,555-659-8723,2025-08-16,A,WEALTH,88,2026-06-29 19:53:29.717929,2026-06-29 19:53:29.717929
1459,Mark,Watkins,1964-06-16,sha256_001458,user1458@example.com,555-424-7730,2021-02-16,A,STUDENT,74,2026-06-29 19:53:29.717929,2026-06-29 19:53:29.717929
1460,Sean,Torres,1988-03-06,sha256_001459,user1459@example.com,555-796-3979,2024-01-19,A,STUDENT,338,2026-06-29 19:53:29.717929,2026-06-29 19:53:29.717929
1461,George,Green,1950-05-02,sha256_001460,user1460@example.com,555-723-5333,2023-04-08,A,DIGITAL,371,2026-06-29 19:53:29.717929,2026-06-29 19:53:29.717929
1462,Kayla,Williams,1973-12-07,sha256_001461,user1461@example.com,555-902-6614,2025-12-21,A,WEALTH,306,2026-06-29 19:53:29.717929,2026-06-29 19:53:29.717929
1463,Garrett,Glass,1965-02-24,sha256_001462,user1462@example.com,555-804-2127,2018-04-17,A,DIGITAL,194,2026-06-29 19:53:29.717929,2026-06-29 19:53:29.717929
1464,Teresa,Franco,1989-03-07,sha256_001463,user1463@example.com,555-594-3166,2015-09-30,A,PREMIER,9,2026-06-29 19:53:29.717929,2026-06-29 19:53:29.717929
1465,Eric,Young,1987-11-29,sha256_001464,user1464@example.com,555-407-9564,2021-06-06,C,STUDENT,351,2026-06-29 19:53:29.717929,2026-06-29 19:53:29.717929
1466,David,Green,1944-04-01,sha256_001465,user1465@example.com,555-629-3450,2016-03-19,A,STUDENT,50,2026-06-29 19:53:29.717929,2026-06-29 19:53:29.717929
1467,Austin,Stewart,1953-11-07,sha256_001466,user1466@example.com,555-381-8796,2019-11-18,C,STUDENT,308,2026-06-29 19:53:29.717929,2026-06-29 19:53:29.717929
1468,Amber,Martin,1964-07-12,sha256_001467,user1467@example.com,555-239-9706,2017-01-20,A,STUDENT,386,2026-06-29 19:53:29.717929,2026-06-29 19:53:29.717929
1469,Richard,Porter,1961-09-11,sha256_001468,user1468@example.com,555-320-2526,2025-03-22,I,WEALTH,338,2026-06-29 19:53:29.717929,2026-06-29 19:53:29.717929
1470,Luke,Smith,1951-03-26,sha256_001469,user1469@example.com,555-333-9835,2018-04-28,A,PREMIER,460,2026-06-29 19:53:29.717929,2026-06-29 19:53:29.717929
1471,Mark,Thornton,1990-12-20,sha256_001470,user1470@example.com,555-993-8069,2026-01-17,A,STUDENT,216,2026-06-29 19:53:29.717929,2026-06-29 19:53:29.717929
1472,Sherry,Hooper,1973-03-30,sha256_001471,user1471@example.com,555-579-1711,2015-10-25,A,SMALL_BIZ,272,2026-06-29 19:53:29.717929,2026-06-29 19:53:29.717929
1473,Annette,Meadows,1979-12-06,sha256_001472,user1472@example.com,555-639-4759,2013-09-07,I,WEALTH,405,2026-06-29 19:53:29.717929,2026-06-29 19:53:29.717929
1474,Jessica,Mccullough,1971-02-10,sha256_001473,user1473@example.com,555-987-7246,2021-10-09,A,MASS,302,2026-06-29 19:53:29.717929,2026-06-29 19:53:29.717929
1475,Kyle,Morales,1950-10-31,sha256_001474,user1474@example.com,555-959-2600,2019-09-17,A,WEALTH,69,2026-06-29 19:53:29.717929,2026-06-29 19:53:29.717929
1476,Christopher,Brown,1997-10-30,sha256_001475,user1475@example.com,555-460-8817,2018-02-22,A,DIGITAL,466,2026-06-29 19:53:29.717929,2026-06-29 19:53:29.717929
1477,Jeffrey,Walls,1984-06-16,sha256_001476,user1476@example.com,555-285-5641,2020-03-12,A,STUDENT,449,2026-06-29 19:53:29.717929,2026-06-29 19:53:29.717929
1478,Amanda,Griffin,1960-02-11,sha256_001477,user1477@example.com,555-756-7695,2011-10-29,A,MASS,97,2026-06-29 19:53:29.717929,2026-06-29 19:53:29.717929
1479,William,Lee,1986-06-26,sha256_001478,user1478@example.com,555-205-1116,2012-10-17,A,STUDENT,268,2026-06-29 19:53:29.717929,2026-06-29 19:53:29.717929
1480,Sherry,Kerr,1962-10-12,sha256_001479,user1479@example.com,555-320-9515,2020-07-08,A,PREMIER,193,2026-06-29 19:53:29.717929,2026-06-29 19:53:29.717929
1481,Melissa,Wood,1965-09-06,sha256_001480,user1480@example.com,555-870-4365,2013-09-12,A,SMALL_BIZ,412,2026-06-29 19:53:29.717929,2026-06-29 19:53:29.717929
1482,Michael,Madden,1966-06-21,sha256_001481,user1481@example.com,555-523-7698,2015-09-27,A,MASS,55,2026-06-29 19:53:29.717929,2026-06-29 19:53:29.717929
1483,Jessica,Wallace,2000-01-26,sha256_001482,user1482@example.com,555-358-7980,2012-10-18,A,SMALL_BIZ,300,2026-06-29 19:53:29.717929,2026-06-29 19:53:29.717929
1484,Keith,Shaffer,2007-12-29,sha256_001483,user1483@example.com,555-459-5281,2023-06-25,A,STUDENT,217,2026-06-29 19:53:29.717929,2026-06-29 19:53:29.717929
1485,Peggy,Taylor,2006-07-03,sha256_001484,user1484@example.com,555-778-6990,2017-10-24,A,STUDENT,142,2026-06-29 19:53:29.717929,2026-06-29 19:53:29.717929
1486,Jared,Wells,1980-10-30,sha256_001485,user1485@example.com,555-896-7511,2012-10-10,A,DIGITAL,212,2026-06-29 19:53:29.717929,2026-06-29 19:53:29.717929
1487,Carl,Choi,1999-08-13,sha256_001486,user1486@example.com,555-765-8904,2026-03-18,A,DIGITAL,190,2026-06-29 19:53:29.717929,2026-06-29 19:53:29.717929
1488,Robert,Rocha,1992-02-24,sha256_001487,user1487@example.com,555-772-8925,2012-10-22,A,MASS,158,2026-06-29 19:53:29.717929,2026-06-29 19:53:29.717929
1489,Jennifer,Fischer,1969-04-06,sha256_001488,user1488@example.com,555-791-6641,2019-10-13,A,SMALL_BIZ,204,2026-06-29 19:53:29.717929,2026-06-29 19:53:29.717929
1490,Patrick,Spencer,1950-08-31,sha256_001489,user1489@example.com,555-953-3262,2014-04-07,A,SMALL_BIZ,61,2026-06-29 19:53:29.717929,2026-06-29 19:53:29.717929
1491,Mary,Torres,1944-04-27,sha256_001490,user1490@example.com,555-965-4764,2023-10-26,A,WEALTH,401,2026-06-29 19:53:29.717929,2026-06-29 19:53:29.717929
1492,Anthony,Smith,1978-12-18,sha256_001491,user1491@example.com,555-916-3650,2018-05-28,A,PREMIER,110,2026-06-29 19:53:29.717929,2026-06-29 19:53:29.717929
1493,Mary,Kennedy,1959-02-02,sha256_001492,user1492@example.com,555-720-7562,2025-10-02,A,MASS,411,2026-06-29 19:53:29.717929,2026-06-29 19:53:29.717929
1494,Robert,Vasquez,1985-04-18,sha256_001493,user1493@example.com,555-763-1852,2024-10-22,A,DIGITAL,200,2026-06-29 19:53:29.717929,2026-06-29 19:53:29.717929
1495,David,Ramirez,1987-07-30,sha256_001494,user1494@example.com,555-851-1086,2015-02-21,A,PREMIER,422,2026-06-29 19:53:29.717929,2026-06-29 19:53:29.717929
1496,Julie,Perkins,2008-02-10,sha256_001495,user1495@example.com,555-348-8727,2012-06-26,A,STUDENT,223,2026-06-29 19:53:29.717929,2026-06-29 19:53:29.717929
1497,Courtney,Alvarez,1979-05-21,sha256_001496,user1496@example.com,555-290-2049,2024-06-11,A,MASS,114,2026-06-29 19:53:29.717929,2026-06-29 19:53:29.717929
1498,William,Johnston,1988-01-02,sha256_001497,user1497@example.com,555-579-2311,2013-04-10,A,STUDENT,20,2026-06-29 19:53:29.717929,2026-06-29 19:53:29.717929
1499,Brian,Flores,1998-02-14,sha256_001498,user1498@example.com,555-941-7296,2013-12-02,A,WEALTH,315,2026-06-29 19:53:29.717929,2026-06-29 19:53:29.717929
1500,Frank,Nelson,2000-05-03,sha256_001499,user1499@example.com,555-871-9536,2013-07-06,I,MASS,365,2026-06-29 19:53:29.717929,2026-06-29 19:53:29.717929
1501,Michael,Roberts,1969-08-06,sha256_001500,user1500@example.com,555-811-1941,2025-02-05,A,DIGITAL,328,2026-06-29 19:53:29.717929,2026-06-29 19:53:29.717929
1502,Willie,Miranda,1976-12-22,sha256_001501,user1501@example.com,555-706-8192,2025-06-16,A,PREMIER,104,2026-06-29 19:53:29.717929,2026-06-29 19:53:29.717929
1503,Karen,Stephens,1953-10-08,sha256_001502,user1502@example.com,555-872-9489,2012-11-24,A,MASS,100,2026-06-29 19:53:29.717929,2026-06-29 19:53:29.717929
1504,Gail,Turner,1999-12-11,sha256_001503,user1503@example.com,555-234-9364,2023-10-29,A,STUDENT,358,2026-06-29 19:53:29.717929,2026-06-29 19:53:29.717929
1505,Cody,Carpenter,1987-06-01,sha256_001504,user1504@example.com,555-437-3776,2021-10-04,A,SMALL_BIZ,19,2026-06-29 19:53:29.717929,2026-06-29 19:53:29.717929
1506,April,Watson,1996-08-26,sha256_001505,user1505@example.com,555-568-4919,2011-09-07,A,SMALL_BIZ,1,2026-06-29 19:53:29.717929,2026-06-29 19:53:29.717929
1507,Renee,Garcia,1973-12-23,sha256_001506,user1506@example.com,555-361-2422,2016-07-26,A,MASS,400,2026-06-29 19:53:29.717929,2026-06-29 19:53:29.717929
1508,Jacob,Prince,1951-11-06,sha256_001507,user1507@example.com,555-609-6785,2014-10-15,A,SMALL_BIZ,203,2026-06-29 19:53:29.717929,2026-06-29 19:53:29.717929
1509,Alicia,Patel,1982-08-04,sha256_001508,user1508@example.com,555-615-4281,2023-11-23,A,STUDENT,8,2026-06-29 19:53:29.717929,2026-06-29 19:53:29.717929
1510,Daniel,Stevens,1978-06-01,sha256_001509,user1509@example.com,555-954-2124,2022-10-10,A,PREMIER,282,2026-06-29 19:53:29.717929,2026-06-29 19:53:29.717929
1511,Sandra,Mendoza,1946-08-11,sha256_001510,user1510@example.com,555-491-6703,2023-09-15,A,MASS,494,2026-06-29 19:53:29.717929,2026-06-29 19:53:29.717929
1512,Lisa,Preston,1962-05-14,sha256_001511,user1511@example.com,555-483-4707,2016-11-24,A,STUDENT,494,2026-06-29 19:53:29.717929,2026-06-29 19:53:29.717929
1513,Matthew,Mckinney,1981-07-14,sha256_001512,user1512@example.com,555-399-8450,2022-11-18,C,WEALTH,295,2026-06-29 19:53:29.717929,2026-06-29 19:53:29.717929
1514,Jeffrey,Vincent,1943-06-02,sha256_001513,user1513@example.com,555-204-5277,2023-08-23,A,DIGITAL,209,2026-06-29 19:53:29.717929,2026-06-29 19:53:29.717929
1515,David,Anderson,1951-01-11,sha256_001514,user1514@example.com,555-718-2744,2014-11-14,A,STUDENT,38,2026-06-29 19:53:29.717929,2026-06-29 19:53:29.717929
1516,Kristen,Jones,1946-10-04,sha256_001515,user1515@example.com,555-715-5821,2021-10-18,A,MASS,485,2026-06-29 19:53:29.717929,2026-06-29 19:53:29.717929
1517,Brad,Rodriguez,1993-05-24,sha256_001516,user1516@example.com,555-319-9409,2022-10-15,A,MASS,449,2026-06-29 19:53:29.717929,2026-06-29 19:53:29.717929
1518,Brian,Wilson,1994-08-16,sha256_001517,user1517@example.com,555-750-5098,2019-02-24,I,SMALL_BIZ,227,2026-06-29 19:53:29.717929,2026-06-29 19:53:29.717929
1519,Elizabeth,Webster,1958-06-11,sha256_001518,user1518@example.com,555-586-8923,2012-06-23,A,DIGITAL,388,2026-06-29 19:53:29.717929,2026-06-29 19:53:29.717929
1520,Jamie,Santana,1993-11-28,sha256_001519,user1519@example.com,555-547-8517,2025-03-20,I,SMALL_BIZ,236,2026-06-29 19:53:29.717929,2026-06-29 19:53:29.717929
1521,Christopher,Singleton,1953-11-14,sha256_001520,user1520@example.com,555-800-1448,2016-09-25,A,WEALTH,60,2026-06-29 19:53:29.717929,2026-06-29 19:53:29.717929
1522,Michael,Martin,2004-08-04,sha256_001521,user1521@example.com,555-464-2106,2025-08-23,I,WEALTH,325,2026-06-29 19:53:29.717929,2026-06-29 19:53:29.717929
1523,John,Hudson,1975-01-13,sha256_001522,user1522@example.com,555-425-4767,2022-05-11,A,MASS,212,2026-06-29 19:53:29.717929,2026-06-29 19:53:29.717929
1524,Alexis,Robinson,1948-02-18,sha256_001523,user1523@example.com,555-561-9462,2020-02-12,A,STUDENT,5,2026-06-29 19:53:29.717929,2026-06-29 19:53:29.717929
1525,Rachel,Medina,1954-04-29,sha256_001524,user1524@example.com,555-917-5314,2015-09-11,A,DIGITAL,148,2026-06-29 19:53:29.717929,2026-06-29 19:53:29.717929
1526,Jason,Gordon,2006-09-20,sha256_001525,user1525@example.com,555-295-7536,2012-12-17,A,SMALL_BIZ,384,2026-06-29 19:53:29.717929,2026-06-29 19:53:29.717929
1527,Bridget,Gonzales,1988-11-28,sha256_001526,user1526@example.com,555-550-2245,2016-12-15,A,STUDENT,477,2026-06-29 19:53:29.717929,2026-06-29 19:53:29.717929
1528,Michael,Gray,2005-08-29,sha256_001527,user1527@example.com,555-382-8807,2014-03-10,A,MASS,182,2026-06-29 19:53:29.717929,2026-06-29 19:53:29.717929
1529,Daniel,Rollins,1955-11-06,sha256_001528,user1528@example.com,555-423-5408,2014-11-19,A,DIGITAL,485,2026-06-29 19:53:29.717929,2026-06-29 19:53:29.717929
1530,Derek,Farmer,1949-10-09,sha256_001529,user1529@example.com,555-964-4115,2013-02-19,A,WEALTH,378,2026-06-29 19:53:29.717929,2026-06-29 19:53:29.717929
1531,Billy,Murphy,1988-09-15,sha256_001530,user1530@example.com,555-404-4847,2019-10-20,A,SMALL_BIZ,124,2026-06-29 19:53:29.717929,2026-06-29 19:53:29.717929
1532,Caroline,Collins,1949-03-30,sha256_001531,user1531@example.com,555-471-4387,2015-09-21,A,DIGITAL,104,2026-06-29 19:53:29.717929,2026-06-29 19:53:29.717929
1533,Angela,Roberts,2006-11-23,sha256_001532,user1532@example.com,555-455-6833,2018-02-11,A,DIGITAL,399,2026-06-29 19:53:29.717929,2026-06-29 19:53:29.717929
1534,Chad,Randall,1998-10-19,sha256_001533,user1533@example.com,555-309-2964,2014-04-22,A,PREMIER,347,2026-06-29 19:53:29.717929,2026-06-29 19:53:29.717929
1535,Harry,Lutz,1973-05-12,sha256_001534,user1534@example.com,555-879-9071,2021-08-15,A,STUDENT,4,2026-06-29 19:53:29.717929,2026-06-29 19:53:29.717929
1536,Samuel,Barrett,1974-06-07,sha256_001535,user1535@example.com,555-982-9871,2013-01-22,A,PREMIER,435,2026-06-29 19:53:29.717929,2026-06-29 19:53:29.717929
1537,Richard,Garza,1947-03-10,sha256_001536,user1536@example.com,555-693-7081,2013-08-18,A,STUDENT,162,2026-06-29 19:53:29.717929,2026-06-29 19:53:29.717929
1538,Tiffany,Brown,1948-04-22,sha256_001537,user1537@example.com,555-704-5501,2025-04-17,A,WEALTH,94,2026-06-29 19:53:29.717929,2026-06-29 19:53:29.717929
1539,Brooke,Ewing,2006-10-30,sha256_001538,user1538@example.com,555-982-9374,2016-07-17,A,MASS,204,2026-06-29 19:53:29.717929,2026-06-29 19:53:29.717929
1540,Jessica,Ramirez,1949-09-19,sha256_001539,user1539@example.com,555-427-3101,2023-12-29,A,PREMIER,270,2026-06-29 19:53:29.717929,2026-06-29 19:53:29.717929
1541,Joshua,Clarke,1989-04-17,sha256_001540,user1540@example.com,555-633-8836,2020-03-03,A,STUDENT,17,2026-06-29 19:53:29.717929,2026-06-29 19:53:29.717929
1542,Thomas,Morrison,1984-08-17,sha256_001541,user1541@example.com,555-714-6689,2017-06-17,A,WEALTH,441,2026-06-29 19:53:29.717929,2026-06-29 19:53:29.717929
1543,Joshua,Tate,1968-08-03,sha256_001542,user1542@example.com,555-902-3863,2018-09-20,A,WEALTH,500,2026-06-29 19:53:29.717929,2026-06-29 19:53:29.717929
1544,Tyler,Fuller,1948-09-23,sha256_001543,user1543@example.com,555-323-9490,2015-03-26,A,WEALTH,162,2026-06-29 19:53:29.717929,2026-06-29 19:53:29.717929
1545,Brian,Jones,1950-07-06,sha256_001544,user1544@example.com,555-905-1137,2012-12-22,C,PREMIER,346,2026-06-29 19:53:29.717929,2026-06-29 19:53:29.717929
1546,Patrick,Shelton,1986-12-03,sha256_001545,user1545@example.com,555-415-7216,2025-12-28,A,STUDENT,52,2026-06-29 19:53:29.717929,2026-06-29 19:53:29.717929
1547,Cole,Jones,1951-09-22,sha256_001546,user1546@example.com,555-533-6924,2020-10-08,A,STUDENT,442,2026-06-29 19:53:29.717929,2026-06-29 19:53:29.717929
1548,Laura,Harris,1991-11-06,sha256_001547,user1547@example.com,555-465-4066,2022-12-10,A,STUDENT,135,2026-06-29 19:53:29.717929,2026-06-29 19:53:29.717929
1549,Jose,Cooper,1985-11-07,sha256_001548,user1548@example.com,555-442-5413,2018-10-21,A,WEALTH,491,2026-06-29 19:53:29.717929,2026-06-29 19:53:29.717929
1550,Stephanie,Johnson,1999-02-02,sha256_001549,user1549@example.com,555-827-6621,2019-08-24,A,MASS,95,2026-06-29 19:53:29.717929,2026-06-29 19:53:29.717929
1551,Patrick,Edwards,1970-04-30,sha256_001550,user1550@example.com,555-710-7945,2025-02-20,C,DIGITAL,215,2026-06-29 19:53:29.717929,2026-06-29 19:53:29.717929
1552,Antonio,Hawkins,1966-09-15,sha256_001551,user1551@example.com,555-917-7099,2018-05-07,A,MASS,438,2026-06-29 19:53:29.717929,2026-06-29 19:53:29.717929
1553,Janice,Henry,1999-02-18,sha256_001552,user1552@example.com,555-610-5581,2016-01-05,A,WEALTH,93,2026-06-29 19:53:29.717929,2026-06-29 19:53:29.717929
1554,Tony,Rodriguez,1950-07-03,sha256_001553,user1553@example.com,555-785-3148,2022-03-02,I,STUDENT,352,2026-06-29 19:53:29.717929,2026-06-29 19:53:29.717929
1555,Gina,Armstrong,1986-09-19,sha256_001554,user1554@example.com,555-434-2636,2021-05-03,A,SMALL_BIZ,139,2026-06-29 19:53:29.717929,2026-06-29 19:53:29.717929
1556,William,Myers,1973-05-18,sha256_001555,user1555@example.com,555-441-8081,2024-03-27,A,WEALTH,101,2026-06-29 19:53:29.717929,2026-06-29 19:53:29.717929
1557,Christina,Gomez,1974-08-20,sha256_001556,user1556@example.com,555-349-3450,2025-12-22,A,WEALTH,413,2026-06-29 19:53:29.717929,2026-06-29 19:53:29.717929
1558,Anthony,Williams,2007-01-01,sha256_001557,user1557@example.com,555-209-3893,2016-04-09,A,WEALTH,256,2026-06-29 19:53:29.717929,2026-06-29 19:53:29.717929
1559,Judy,Johnson,1997-07-25,sha256_001558,user1558@example.com,555-337-9470,2016-09-11,I,STUDENT,369,2026-06-29 19:53:29.717929,2026-06-29 19:53:29.717929
1560,Connor,Reed,2001-03-18,sha256_001559,user1559@example.com,555-523-8972,2016-07-31,I,MASS,129,2026-06-29 19:53:29.717929,2026-06-29 19:53:29.717929
1561,Donna,Wright,1965-06-08,sha256_001560,user1560@example.com,555-775-1781,2016-09-24,A,WEALTH,51,2026-06-29 19:53:29.717929,2026-06-29 19:53:29.717929
1562,Renee,Jones,1984-11-29,sha256_001561,user1561@example.com,555-907-3676,2020-04-30,A,PREMIER,111,2026-06-29 19:53:29.717929,2026-06-29 19:53:29.717929
1563,Andrew,Nguyen,1961-12-02,sha256_001562,user1562@example.com,555-460-8807,2016-07-11,A,SMALL_BIZ,50,2026-06-29 19:53:29.717929,2026-06-29 19:53:29.717929
1564,Ashley,Valenzuela,1972-05-15,sha256_001563,user1563@example.com,555-660-6483,2024-05-15,A,MASS,185,2026-06-29 19:53:29.717929,2026-06-29 19:53:29.717929
1565,Brianna,Odom,1959-05-10,sha256_001564,user1564@example.com,555-568-5222,2021-11-15,I,MASS,11,2026-06-29 19:53:29.717929,2026-06-29 19:53:29.717929
1566,Ashley,Stokes,1966-10-19,sha256_001565,user1565@example.com,555-621-2986,2017-04-24,A,MASS,445,2026-06-29 19:53:29.717929,2026-06-29 19:53:29.717929
1567,Matthew,Shaw,1948-03-12,sha256_001566,user1566@example.com,555-895-4259,2021-07-24,A,STUDENT,295,2026-06-29 19:53:29.717929,2026-06-29 19:53:29.717929
1568,Christina,Cox,1992-09-26,sha256_001567,user1567@example.com,555-865-9821,2016-07-22,A,DIGITAL,400,2026-06-29 19:53:29.717929,2026-06-29 19:53:29.717929
1569,Melanie,Cobb,1970-09-14,sha256_001568,user1568@example.com,555-491-6818,2018-11-26,A,MASS,345,2026-06-29 19:53:29.717929,2026-06-29 19:53:29.717929
1570,Karl,Williams,1997-10-17,sha256_001569,user1569@example.com,555-722-8987,2019-06-26,A,SMALL_BIZ,229,2026-06-29 19:53:29.717929,2026-06-29 19:53:29.717929
1571,Jeremiah,Newton,2008-03-27,sha256_001570,user1570@example.com,555-280-7243,2017-06-27,A,STUDENT,147,2026-06-29 19:53:29.717929,2026-06-29 19:53:29.717929
1572,Cody,Rogers,1947-08-27,sha256_001571,user1571@example.com,555-674-3373,2024-01-31,A,DIGITAL,328,2026-06-29 19:53:29.717929,2026-06-29 19:53:29.717929
1573,Thomas,Clark,1945-12-31,sha256_001572,user1572@example.com,555-545-7911,2023-06-11,A,SMALL_BIZ,314,2026-06-29 19:53:29.717929,2026-06-29 19:53:29.717929
1574,Kevin,Brock,1994-10-19,sha256_001573,user1573@example.com,555-785-7631,2021-03-18,I,PREMIER,41,2026-06-29 19:53:29.717929,2026-06-29 19:53:29.717929
1575,James,Morales,1970-06-30,sha256_001574,user1574@example.com,555-365-6629,2019-07-19,A,DIGITAL,161,2026-06-29 19:53:29.717929,2026-06-29 19:53:29.717929
1576,Kathryn,White,1983-05-13,sha256_001575,user1575@example.com,555-524-5773,2018-04-02,A,SMALL_BIZ,137,2026-06-29 19:53:29.717929,2026-06-29 19:53:29.717929
1577,Michelle,Ray,1942-09-27,sha256_001576,user1576@example.com,555-819-7479,2021-12-25,A,MASS,455,2026-06-29 19:53:29.717929,2026-06-29 19:53:29.717929
1578,Judy,Mcdonald,1955-10-05,sha256_001577,user1577@example.com,555-655-6950,2025-11-04,A,SMALL_BIZ,301,2026-06-29 19:53:29.717929,2026-06-29 19:53:29.717929
1579,Christina,Hammond,2004-04-12,sha256_001578,user1578@example.com,555-733-8377,2019-06-09,A,WEALTH,86,2026-06-29 19:53:29.717929,2026-06-29 19:53:29.717929
1580,Courtney,Boyd,1970-07-20,sha256_001579,user1579@example.com,555-388-1378,2019-12-08,A,DIGITAL,373,2026-06-29 19:53:29.717929,2026-06-29 19:53:29.717929
1581,Edward,Jennings,1965-11-24,sha256_001580,user1580@example.com,555-440-5122,2013-09-11,A,SMALL_BIZ,359,2026-06-29 19:53:29.717929,2026-06-29 19:53:29.717929
1582,Lucas,Greer,1961-08-11,sha256_001581,user1581@example.com,555-967-2311,2017-12-26,A,DIGITAL,86,2026-06-29 19:53:29.717929,2026-06-29 19:53:29.717929
1583,Robert,Colon,1945-10-22,sha256_001582,user1582@example.com,555-606-2687,2014-07-12,A,PREMIER,33,2026-06-29 19:53:29.717929,2026-06-29 19:53:29.717929
1584,Carolyn,Sullivan,1984-10-10,sha256_001583,user1583@example.com,555-684-9985,2015-04-26,A,PREMIER,14,2026-06-29 19:53:29.717929,2026-06-29 19:53:29.717929
1585,John,Wilcox,1949-02-05,sha256_001584,user1584@example.com,555-989-7504,2014-05-09,C,STUDENT,392,2026-06-29 19:53:29.717929,2026-06-29 19:53:29.717929
1586,Ryan,Lucas,1972-08-03,sha256_001585,user1585@example.com,555-285-2702,2019-11-04,A,MASS,317,2026-06-29 19:53:29.717929,2026-06-29 19:53:29.717929
1587,Derek,Green,1943-12-21,sha256_001586,user1586@example.com,555-359-2381,2013-11-13,A,SMALL_BIZ,477,2026-06-29 19:53:29.717929,2026-06-29 19:53:29.717929
1588,Gregory,Phelps,1995-04-30,sha256_001587,user1587@example.com,555-599-6068,2021-04-26,A,DIGITAL,127,2026-06-29 19:53:29.717929,2026-06-29 19:53:29.717929
1589,Andrew,Heath,2006-01-23,sha256_001588,user1588@example.com,555-955-5655,2018-09-27,A,WEALTH,321,2026-06-29 19:53:29.717929,2026-06-29 19:53:29.717929
1590,Michelle,Lester,1947-02-11,sha256_001589,user1589@example.com,555-329-3150,2020-06-19,A,STUDENT,430,2026-06-29 19:53:29.717929,2026-06-29 19:53:29.717929
1591,Diane,Davis,1968-10-04,sha256_001590,user1590@example.com,555-374-1468,2016-11-29,A,PREMIER,340,2026-06-29 19:53:29.717929,2026-06-29 19:53:29.717929
1592,Donald,Rodriguez,2004-09-06,sha256_001591,user1591@example.com,555-565-6328,2022-04-18,C,WEALTH,240,2026-06-29 19:53:29.717929,2026-06-29 19:53:29.717929
1593,Alejandra,Calderon,1990-09-13,sha256_001592,user1592@example.com,555-753-5463,2025-05-29,A,STUDENT,228,2026-06-29 19:53:29.717929,2026-06-29 19:53:29.717929
1594,Johnathan,Wilkerson,2005-02-12,sha256_001593,user1593@example.com,555-338-9835,2025-05-22,A,DIGITAL,303,2026-06-29 19:53:29.717929,2026-06-29 19:53:29.717929
1595,Lindsay,Murphy,1957-06-10,sha256_001594,user1594@example.com,555-811-8480,2013-04-25,A,SMALL_BIZ,384,2026-06-29 19:53:29.717929,2026-06-29 19:53:29.717929
1596,Kaitlin,Young,1980-08-22,sha256_001595,user1595@example.com,555-851-8126,2017-04-22,A,STUDENT,328,2026-06-29 19:53:29.717929,2026-06-29 19:53:29.717929
1597,Gregory,Booker,1969-10-28,sha256_001596,user1596@example.com,555-854-9745,2013-08-23,A,MASS,466,2026-06-29 19:53:29.717929,2026-06-29 19:53:29.717929
1598,Bridget,Henry,1970-12-08,sha256_001597,user1597@example.com,555-555-8891,2015-04-14,A,STUDENT,117,2026-06-29 19:53:29.717929,2026-06-29 19:53:29.717929
1599,Leslie,Coleman,1966-08-06,sha256_001598,user1598@example.com,555-291-8239,2025-08-23,A,MASS,188,2026-06-29 19:53:29.717929,2026-06-29 19:53:29.717929
1600,Natasha,Giles,1987-03-27,sha256_001599,user1599@example.com,555-622-5256,2025-11-11,I,DIGITAL,156,2026-06-29 19:53:29.717929,2026-06-29 19:53:29.717929
1601,Lori,Smith,1965-10-23,sha256_001600,user1600@example.com,555-210-1001,2022-03-02,A,STUDENT,418,2026-06-29 19:53:29.717929,2026-06-29 19:53:29.717929
1602,Mckenzie,Bates,2006-04-07,sha256_001601,user1601@example.com,555-976-3233,2020-07-12,A,MASS,147,2026-06-29 19:53:29.717929,2026-06-29 19:53:29.717929
1603,Kristina,Allen,2004-07-11,sha256_001602,user1602@example.com,555-680-9767,2021-10-17,A,PREMIER,353,2026-06-29 19:53:29.717929,2026-06-29 19:53:29.717929
1604,Susan,Cox,1978-07-10,sha256_001603,user1603@example.com,555-703-8816,2016-02-08,A,MASS,5,2026-06-29 19:53:29.717929,2026-06-29 19:53:29.717929
1605,Michelle,Mathews,1995-11-29,sha256_001604,user1604@example.com,555-984-8052,2013-04-24,A,MASS,306,2026-06-29 19:53:29.717929,2026-06-29 19:53:29.717929
1606,Phillip,Spence,1967-07-09,sha256_001605,user1605@example.com,555-436-1118,2025-01-23,A,STUDENT,192,2026-06-29 19:53:29.717929,2026-06-29 19:53:29.717929
1607,Mackenzie,Young,1958-08-12,sha256_001606,user1606@example.com,555-393-7745,2012-11-01,A,STUDENT,224,2026-06-29 19:53:29.717929,2026-06-29 19:53:29.717929
1608,Ruth,Welch,1955-08-03,sha256_001607,user1607@example.com,555-604-5094,2024-10-08,A,DIGITAL,367,2026-06-29 19:53:29.717929,2026-06-29 19:53:29.717929
1609,Richard,Johnson,2000-05-31,sha256_001608,user1608@example.com,555-954-7385,2022-12-05,A,WEALTH,113,2026-06-29 19:53:29.717929,2026-06-29 19:53:29.717929
1610,Shelby,Ruiz,1999-07-17,sha256_001609,user1609@example.com,555-469-2297,2023-10-09,A,WEALTH,321,2026-06-29 19:53:29.717929,2026-06-29 19:53:29.717929
1611,Jennifer,Mcdowell,1969-02-27,sha256_001610,user1610@example.com,555-445-9464,2024-01-15,I,STUDENT,414,2026-06-29 19:53:29.717929,2026-06-29 19:53:29.717929
1612,Holly,Hunter,1996-06-12,sha256_001611,user1611@example.com,555-910-5454,2023-10-16,A,MASS,333,2026-06-29 19:53:29.717929,2026-06-29 19:53:29.717929
1613,Lisa,Rojas,1965-01-24,sha256_001612,user1612@example.com,555-960-9715,2020-06-21,A,MASS,212,2026-06-29 19:53:29.717929,2026-06-29 19:53:29.717929
1614,Brett,May,1971-11-10,sha256_001613,user1613@example.com,555-392-2121,2011-11-25,A,DIGITAL,70,2026-06-29 19:53:29.717929,2026-06-29 19:53:29.717929
1615,Derek,Morales,1983-09-17,sha256_001614,user1614@example.com,555-496-2808,2023-04-17,A,SMALL_BIZ,234,2026-06-29 19:53:29.717929,2026-06-29 19:53:29.717929
1616,Christopher,Moore,1983-08-03,sha256_001615,user1615@example.com,555-832-8418,2016-03-03,A,MASS,359,2026-06-29 19:53:29.717929,2026-06-29 19:53:29.717929
1617,Maria,Hines,1976-02-01,sha256_001616,user1616@example.com,555-837-9060,2025-12-15,C,DIGITAL,165,2026-06-29 19:53:29.717929,2026-06-29 19:53:29.717929
1618,Laura,Flores,1998-03-27,sha256_001617,user1617@example.com,555-219-3492,2021-09-20,A,PREMIER,497,2026-06-29 19:53:29.717929,2026-06-29 19:53:29.717929
1619,Jorge,Mcdaniel,1973-07-17,sha256_001618,user1618@example.com,555-747-1362,2022-06-16,A,DIGITAL,498,2026-06-29 19:53:29.717929,2026-06-29 19:53:29.717929
1620,James,Perry,1996-11-18,sha256_001619,user1619@example.com,555-304-5622,2023-06-02,A,MASS,65,2026-06-29 19:53:29.717929,2026-06-29 19:53:29.717929
1621,Shirley,Wilkerson,1953-09-05,sha256_001620,user1620@example.com,555-932-8183,2024-07-25,A,SMALL_BIZ,5,2026-06-29 19:53:29.717929,2026-06-29 19:53:29.717929
1622,Sandra,Holland,1956-07-13,sha256_001621,user1621@example.com,555-438-2477,2025-08-20,A,DIGITAL,8,2026-06-29 19:53:29.717929,2026-06-29 19:53:29.717929
1623,Terri,Gonzalez,1983-06-23,sha256_001622,user1622@example.com,555-705-4558,2025-01-07,A,MASS,216,2026-06-29 19:53:29.717929,2026-06-29 19:53:29.717929
1624,Richard,Patterson,1988-06-22,sha256_001623,user1623@example.com,555-519-9165,2014-01-03,C,MASS,238,2026-06-29 19:53:29.717929,2026-06-29 19:53:29.717929
1625,Micheal,Valentine,1958-12-03,sha256_001624,user1624@example.com,555-913-1519,2012-10-26,A,MASS,42,2026-06-29 19:53:29.717929,2026-06-29 19:53:29.717929
1626,Ryan,Mora,1949-05-09,sha256_001625,user1625@example.com,555-968-3393,2022-03-18,A,PREMIER,137,2026-06-29 19:53:29.717929,2026-06-29 19:53:29.717929
1627,David,Reeves,1971-11-21,sha256_001626,user1626@example.com,555-994-7429,2021-07-16,A,PREMIER,279,2026-06-29 19:53:29.717929,2026-06-29 19:53:29.717929
1628,Kimberly,Roberts,1954-04-04,sha256_001627,user1627@example.com,555-681-3975,2024-05-07,A,DIGITAL,459,2026-06-29 19:53:29.717929,2026-06-29 19:53:29.717929
1629,Melissa,Greene,1974-08-07,sha256_001628,user1628@example.com,555-456-7251,2013-06-07,A,PREMIER,63,2026-06-29 19:53:29.717929,2026-06-29 19:53:29.717929
1630,Erica,Barnes,2008-03-02,sha256_001629,user1629@example.com,555-986-5078,2015-09-17,A,WEALTH,395,2026-06-29 19:53:29.717929,2026-06-29 19:53:29.717929
1631,Kelly,Green,1968-11-10,sha256_001630,user1630@example.com,555-653-5049,2013-09-01,A,SMALL_BIZ,18,2026-06-29 19:53:29.717929,2026-06-29 19:53:29.717929
1632,Mike,Sutton,1982-11-16,sha256_001631,user1631@example.com,555-403-8550,2025-01-10,A,SMALL_BIZ,395,2026-06-29 19:53:29.717929,2026-06-29 19:53:29.717929
1633,Dean,Morris,1972-03-09,sha256_001632,user1632@example.com,555-296-9538,2011-08-24,A,SMALL_BIZ,107,2026-06-29 19:53:29.717929,2026-06-29 19:53:29.717929
1634,Jennifer,Erickson,1987-12-03,sha256_001633,user1633@example.com,555-684-7375,2021-09-26,A,SMALL_BIZ,493,2026-06-29 19:53:29.717929,2026-06-29 19:53:29.717929
1635,Cody,Brown,1990-10-23,sha256_001634,user1634@example.com,555-519-6293,2015-04-25,I,DIGITAL,323,2026-06-29 19:53:29.717929,2026-06-29 19:53:29.717929
1636,Rebekah,Barajas,1963-10-17,sha256_001635,user1635@example.com,555-945-1691,2014-12-29,A,SMALL_BIZ,480,2026-06-29 19:53:29.717929,2026-06-29 19:53:29.717929
1637,Carmen,Goodman,2004-06-04,sha256_001636,user1636@example.com,555-762-9534,2025-12-02,A,PREMIER,130,2026-06-29 19:53:29.717929,2026-06-29 19:53:29.717929
1638,Christine,Turner,1944-07-16,sha256_001637,user1637@example.com,555-692-5895,2015-04-11,A,DIGITAL,185,2026-06-29 19:53:29.717929,2026-06-29 19:53:29.717929
1639,Tammy,Hansen,1967-12-08,sha256_001638,user1638@example.com,555-253-4568,2017-01-09,C,PREMIER,121,2026-06-29 19:53:29.717929,2026-06-29 19:53:29.717929
1640,William,Conrad,1980-05-20,sha256_001639,user1639@example.com,555-848-8113,2015-05-17,I,MASS,8,2026-06-29 19:53:29.717929,2026-06-29 19:53:29.717929
1641,Logan,Moreno,2000-04-23,sha256_001640,user1640@example.com,555-371-5523,2013-06-16,A,STUDENT,62,2026-06-29 19:53:29.717929,2026-06-29 19:53:29.717929
1642,Bradley,Anderson,1950-12-28,sha256_001641,user1641@example.com,555-605-4982,2013-03-26,I,PREMIER,497,2026-06-29 19:53:29.717929,2026-06-29 19:53:29.717929
1643,Julie,Howe,1999-11-22,sha256_001642,user1642@example.com,555-243-8786,2023-12-11,A,SMALL_BIZ,306,2026-06-29 19:53:29.717929,2026-06-29 19:53:29.717929
1644,Chloe,Juarez,1960-06-12,sha256_001643,user1643@example.com,555-358-7084,2024-07-28,A,PREMIER,128,2026-06-29 19:53:29.717929,2026-06-29 19:53:29.717929
1645,Patricia,Stewart,1959-03-01,sha256_001644,user1644@example.com,555-361-9190,2016-02-28,A,PREMIER,352,2026-06-29 19:53:29.717929,2026-06-29 19:53:29.717929
1646,Edward,Farrell,2008-02-16,sha256_001645,user1645@example.com,555-833-6544,2022-11-19,A,SMALL_BIZ,31,2026-06-29 19:53:29.717929,2026-06-29 19:53:29.717929
1647,Brian,Hernandez,1985-07-15,sha256_001646,user1646@example.com,555-261-6824,2023-05-26,A,SMALL_BIZ,79,2026-06-29 19:53:29.717929,2026-06-29 19:53:29.717929
1648,Jorge,Mccarthy,1956-11-21,sha256_001647,user1647@example.com,555-918-9787,2012-01-10,I,PREMIER,65,2026-06-29 19:53:29.717929,2026-06-29 19:53:29.717929
1649,Sara,Williams,1970-09-24,sha256_001648,user1648@example.com,555-699-4812,2026-05-03,A,MASS,286,2026-06-29 19:53:29.717929,2026-06-29 19:53:29.717929
1650,Todd,Vasquez,1965-05-18,sha256_001649,user1649@example.com,555-860-6690,2022-01-25,A,WEALTH,376,2026-06-29 19:53:29.717929,2026-06-29 19:53:29.717929
1651,David,Davis,1998-02-28,sha256_001650,user1650@example.com,555-397-1349,2024-06-03,A,SMALL_BIZ,194,2026-06-29 19:53:29.717929,2026-06-29 19:53:29.717929
1652,Gary,Hicks,1999-08-29,sha256_001651,user1651@example.com,555-566-3207,2014-03-09,A,MASS,461,2026-06-29 19:53:29.717929,2026-06-29 19:53:29.717929
1653,Brenda,Silva,1959-10-08,sha256_001652,user1652@example.com,555-240-8951,2024-10-12,A,SMALL_BIZ,225,2026-06-29 19:53:29.717929,2026-06-29 19:53:29.717929
1654,Ashley,Butler,2006-08-03,sha256_001653,user1653@example.com,555-772-5828,2019-05-04,A,STUDENT,357,2026-06-29 19:53:29.717929,2026-06-29 19:53:29.717929
1655,Erica,Clay,1946-08-22,sha256_001654,user1654@example.com,555-701-4109,2022-12-14,A,STUDENT,96,2026-06-29 19:53:29.717929,2026-06-29 19:53:29.717929
1656,Erin,Long,1943-03-26,sha256_001655,user1655@example.com,555-756-6696,2021-08-27,I,MASS,375,2026-06-29 19:53:29.717929,2026-06-29 19:53:29.717929
1657,Mary,Hernandez,1981-01-16,sha256_001656,user1656@example.com,555-679-5510,2025-09-06,A,STUDENT,469,2026-06-29 19:53:29.717929,2026-06-29 19:53:29.717929
1658,Donna,Gibson,1946-12-03,sha256_001657,user1657@example.com,555-767-3627,2023-11-19,A,PREMIER,272,2026-06-29 19:53:29.717929,2026-06-29 19:53:29.717929
1659,Adam,Booker,2005-06-27,sha256_001658,user1658@example.com,555-358-8362,2020-05-09,A,MASS,420,2026-06-29 19:53:29.717929,2026-06-29 19:53:29.717929
1660,Mark,Dennis,1985-06-15,sha256_001659,user1659@example.com,555-469-9873,2025-09-04,A,MASS,233,2026-06-29 19:53:29.717929,2026-06-29 19:53:29.717929
1661,Ashley,Lewis,1990-09-09,sha256_001660,user1660@example.com,555-200-9289,2025-10-09,A,WEALTH,376,2026-06-29 19:53:29.717929,2026-06-29 19:53:29.717929
1662,Marcus,Brown,1944-10-02,sha256_001661,user1661@example.com,555-389-1306,2021-02-03,A,STUDENT,439,2026-06-29 19:53:29.717929,2026-06-29 19:53:29.717929
1663,Patrick,Ross,1946-03-25,sha256_001662,user1662@example.com,555-572-4912,2025-09-09,I,MASS,370,2026-06-29 19:53:29.717929,2026-06-29 19:53:29.717929
1664,Michelle,Davis,1953-06-02,sha256_001663,user1663@example.com,555-264-9830,2025-11-20,A,WEALTH,98,2026-06-29 19:53:29.717929,2026-06-29 19:53:29.717929
1665,Kimberly,Mitchell,1998-08-06,sha256_001664,user1664@example.com,555-736-9151,2013-12-02,C,STUDENT,79,2026-06-29 19:53:29.717929,2026-06-29 19:53:29.717929
1666,David,Henry,1991-11-29,sha256_001665,user1665@example.com,555-827-5638,2021-03-31,I,MASS,210,2026-06-29 19:53:29.717929,2026-06-29 19:53:29.717929
1667,Kyle,Cohen,1970-06-17,sha256_001666,user1666@example.com,555-856-6276,2023-07-09,A,PREMIER,50,2026-06-29 19:53:29.717929,2026-06-29 19:53:29.717929
1668,Marilyn,Hunt,1950-04-15,sha256_001667,user1667@example.com,555-735-2092,2021-06-02,I,PREMIER,428,2026-06-29 19:53:29.717929,2026-06-29 19:53:29.717929
1669,Thomas,Hart,1974-04-18,sha256_001668,user1668@example.com,555-332-3926,2024-09-12,A,PREMIER,104,2026-06-29 19:53:29.717929,2026-06-29 19:53:29.717929
1670,Lisa,Austin,1969-11-01,sha256_001669,user1669@example.com,555-309-8952,2022-10-11,A,DIGITAL,51,2026-06-29 19:53:29.717929,2026-06-29 19:53:29.717929
1671,Billy,Peterson,1970-07-30,sha256_001670,user1670@example.com,555-232-7366,2017-11-05,A,SMALL_BIZ,251,2026-06-29 19:53:29.717929,2026-06-29 19:53:29.717929
1672,Gina,Moore,1972-07-18,sha256_001671,user1671@example.com,555-738-5193,2014-11-01,I,PREMIER,188,2026-06-29 19:53:29.717929,2026-06-29 19:53:29.717929
1673,Alicia,Roberts,1974-09-05,sha256_001672,user1672@example.com,555-426-2161,2020-11-18,I,PREMIER,477,2026-06-29 19:53:29.717929,2026-06-29 19:53:29.717929
1674,Tim,Hernandez,1970-10-17,sha256_001673,user1673@example.com,555-413-9051,2025-01-09,A,PREMIER,240,2026-06-29 19:53:29.717929,2026-06-29 19:53:29.717929
1675,Mckenzie,Mills,1950-01-20,sha256_001674,user1674@example.com,555-854-1994,2024-12-16,A,MASS,286,2026-06-29 19:53:29.717929,2026-06-29 19:53:29.717929
1676,Charles,Williams,1961-04-15,sha256_001675,user1675@example.com,555-961-7814,2012-03-15,A,MASS,407,2026-06-29 19:53:29.717929,2026-06-29 19:53:29.717929
1677,Cody,Guerrero,1948-09-13,sha256_001676,user1676@example.com,555-925-1955,2017-10-30,A,STUDENT,137,2026-06-29 19:53:29.717929,2026-06-29 19:53:29.717929
1678,Jonathan,Miller,1979-07-31,sha256_001677,user1677@example.com,555-741-1666,2015-04-09,A,SMALL_BIZ,37,2026-06-29 19:53:29.717929,2026-06-29 19:53:29.717929
1679,Dorothy,White,1975-03-22,sha256_001678,user1678@example.com,555-511-2276,2013-03-10,A,DIGITAL,492,2026-06-29 19:53:29.717929,2026-06-29 19:53:29.717929
1680,Christopher,Mcdowell,1953-09-12,sha256_001679,user1679@example.com,555-731-2591,2017-05-09,A,PREMIER,372,2026-06-29 19:53:29.717929,2026-06-29 19:53:29.717929
1681,Spencer,Santiago,1961-06-07,sha256_001680,user1680@example.com,555-436-9710,2020-04-01,A,WEALTH,98,2026-06-29 19:53:29.717929,2026-06-29 19:53:29.717929
1682,Tammy,Savage,1983-04-15,sha256_001681,user1681@example.com,555-397-9621,2015-06-12,C,SMALL_BIZ,128,2026-06-29 19:53:29.717929,2026-06-29 19:53:29.717929
1683,Julie,Munoz,1954-01-12,sha256_001682,user1682@example.com,555-783-3931,2014-04-02,A,STUDENT,384,2026-06-29 19:53:29.717929,2026-06-29 19:53:29.717929
1684,Amanda,Smith,1999-11-21,sha256_001683,user1683@example.com,555-771-7802,2013-01-28,I,SMALL_BIZ,55,2026-06-29 19:53:29.717929,2026-06-29 19:53:29.717929
1685,Thomas,Holt,1949-04-23,sha256_001684,user1684@example.com,555-984-6864,2014-01-19,A,SMALL_BIZ,235,2026-06-29 19:53:29.717929,2026-06-29 19:53:29.717929
1686,Carolyn,Tucker,1999-09-12,sha256_001685,user1685@example.com,555-919-7997,2025-11-24,I,PREMIER,86,2026-06-29 19:53:29.717929,2026-06-29 19:53:29.717929
1687,Michael,Nunez,1982-12-06,sha256_001686,user1686@example.com,555-384-7579,2026-01-07,I,STUDENT,173,2026-06-29 19:53:29.717929,2026-06-29 19:53:29.717929
1688,Kevin,Martinez,1987-09-28,sha256_001687,user1687@example.com,555-873-3591,2017-05-20,A,STUDENT,308,2026-06-29 19:53:29.717929,2026-06-29 19:53:29.717929
1689,Allen,Waller,1942-06-03,sha256_001688,user1688@example.com,555-653-6772,2013-02-27,A,MASS,282,2026-06-29 19:53:29.717929,2026-06-29 19:53:29.717929
1690,Deborah,Santos,1999-01-16,sha256_001689,user1689@example.com,555-532-7090,2014-08-12,A,WEALTH,392,2026-06-29 19:53:29.717929,2026-06-29 19:53:29.717929
1691,Kristy,Lee,1970-09-09,sha256_001690,user1690@example.com,555-848-8054,2020-10-30,A,SMALL_BIZ,166,2026-06-29 19:53:29.717929,2026-06-29 19:53:29.717929
1692,Thomas,Johnson,1961-08-26,sha256_001691,user1691@example.com,555-823-4943,2018-05-28,A,STUDENT,280,2026-06-29 19:53:29.717929,2026-06-29 19:53:29.717929
1693,Jacqueline,Maynard,1952-08-14,sha256_001692,user1692@example.com,555-419-7145,2013-10-06,A,STUDENT,475,2026-06-29 19:53:29.717929,2026-06-29 19:53:29.717929
1694,Brenda,Harris,1973-01-29,sha256_001693,user1693@example.com,555-962-5162,2024-04-26,A,MASS,493,2026-06-29 19:53:29.717929,2026-06-29 19:53:29.717929
1695,Brent,Smith,1979-08-23,sha256_001694,user1694@example.com,555-663-8331,2023-12-06,A,WEALTH,1,2026-06-29 19:53:29.717929,2026-06-29 19:53:29.717929
1696,Tiffany,Allison,1983-09-23,sha256_001695,user1695@example.com,555-943-1567,2022-02-16,A,MASS,306,2026-06-29 19:53:29.717929,2026-06-29 19:53:29.717929
1697,Angela,Roberts,1990-11-16,sha256_001696,user1696@example.com,555-216-9480,2020-05-18,A,DIGITAL,456,2026-06-29 19:53:29.717929,2026-06-29 19:53:29.717929
1698,Brittany,Carr,1974-02-25,sha256_001697,user1697@example.com,555-509-1107,2018-09-28,A,MASS,114,2026-06-29 19:53:29.717929,2026-06-29 19:53:29.717929
1699,Tony,Klein,1986-12-17,sha256_001698,user1698@example.com,555-419-6159,2023-09-04,C,PREMIER,396,2026-06-29 19:53:29.717929,2026-06-29 19:53:29.717929
1700,Leslie,Brown,1976-11-20,sha256_001699,user1699@example.com,555-906-5521,2017-10-14,A,STUDENT,262,2026-06-29 19:53:29.717929,2026-06-29 19:53:29.717929
1701,Thomas,Simpson,2001-04-24,sha256_001700,user1700@example.com,555-769-3534,2017-09-17,C,PREMIER,20,2026-06-29 19:53:29.717929,2026-06-29 19:53:29.717929
1702,Heidi,Smith,2004-05-26,sha256_001701,user1701@example.com,555-671-6827,2016-08-30,A,DIGITAL,71,2026-06-29 19:53:29.717929,2026-06-29 19:53:29.717929
1703,Maurice,Hall,1960-10-14,sha256_001702,user1702@example.com,555-471-7014,2014-05-11,A,STUDENT,128,2026-06-29 19:53:29.717929,2026-06-29 19:53:29.717929
1704,Matthew,Guzman,1956-03-18,sha256_001703,user1703@example.com,555-438-5198,2025-01-19,A,MASS,48,2026-06-29 19:53:29.717929,2026-06-29 19:53:29.717929
1705,David,Carter,1997-12-08,sha256_001704,user1704@example.com,555-784-7550,2021-04-16,A,STUDENT,470,2026-06-29 19:53:29.717929,2026-06-29 19:53:29.717929
1706,Marissa,Nunez,1989-02-25,sha256_001705,user1705@example.com,555-422-2264,2025-10-22,A,SMALL_BIZ,167,2026-06-29 19:53:29.717929,2026-06-29 19:53:29.717929
1707,Lauren,Richard,1990-09-16,sha256_001706,user1706@example.com,555-694-3832,2023-05-14,A,WEALTH,423,2026-06-29 19:53:29.717929,2026-06-29 19:53:29.717929
1708,Kara,Estrada,1983-02-26,sha256_001707,user1707@example.com,555-906-2562,2015-09-15,A,STUDENT,329,2026-06-29 19:53:29.717929,2026-06-29 19:53:29.717929
1709,Catherine,Garcia,1950-02-21,sha256_001708,user1708@example.com,555-507-1612,2014-06-19,A,SMALL_BIZ,414,2026-06-29 19:53:29.717929,2026-06-29 19:53:29.717929
1710,Kevin,Clark,1969-05-12,sha256_001709,user1709@example.com,555-790-7251,2026-04-26,A,PREMIER,400,2026-06-29 19:53:29.717929,2026-06-29 19:53:29.717929
1711,Nicole,Kelly,1944-08-23,sha256_001710,user1710@example.com,555-257-6478,2011-10-05,A,MASS,451,2026-06-29 19:53:29.717929,2026-06-29 19:53:29.717929
1712,Patricia,Johnson,1952-02-13,sha256_001711,user1711@example.com,555-644-7824,2023-11-04,A,PREMIER,446,2026-06-29 19:53:29.717929,2026-06-29 19:53:29.717929
1713,Christina,Martinez,1945-10-03,sha256_001712,user1712@example.com,555-988-4714,2017-11-30,A,SMALL_BIZ,335,2026-06-29 19:53:29.717929,2026-06-29 19:53:29.717929
1714,Matthew,Kelly,1956-07-03,sha256_001713,user1713@example.com,555-816-1187,2015-05-03,A,SMALL_BIZ,399,2026-06-29 19:53:29.717929,2026-06-29 19:53:29.717929
1715,Joseph,Hernandez,1944-08-14,sha256_001714,user1714@example.com,555-847-7266,2024-08-01,A,PREMIER,157,2026-06-29 19:53:29.717929,2026-06-29 19:53:29.717929
1716,Elizabeth,Mccarthy,1987-09-24,sha256_001715,user1715@example.com,555-736-1674,2019-03-07,C,MASS,277,2026-06-29 19:53:29.717929,2026-06-29 19:53:29.717929
1717,Stephen,Skinner,2003-07-29,sha256_001716,user1716@example.com,555-778-3450,2018-01-08,A,MASS,258,2026-06-29 19:53:29.717929,2026-06-29 19:53:29.717929
1718,Cheryl,Casey,1948-12-03,sha256_001717,user1717@example.com,555-914-4617,2013-01-26,A,DIGITAL,26,2026-06-29 19:53:29.717929,2026-06-29 19:53:29.717929
1719,Bobby,Garcia,2004-12-18,sha256_001718,user1718@example.com,555-889-7436,2023-10-11,C,WEALTH,386,2026-06-29 19:53:29.717929,2026-06-29 19:53:29.717929
1720,Rhonda,Moore,1983-09-11,sha256_001719,user1719@example.com,555-809-9269,2024-06-25,A,PREMIER,114,2026-06-29 19:53:29.717929,2026-06-29 19:53:29.717929
1721,William,Oconnor,1961-01-23,sha256_001720,user1720@example.com,555-642-5747,2018-01-28,A,WEALTH,76,2026-06-29 19:53:29.717929,2026-06-29 19:53:29.717929
1722,Matthew,Taylor,1948-02-22,sha256_001721,user1721@example.com,555-335-6507,2021-02-22,A,PREMIER,244,2026-06-29 19:53:29.717929,2026-06-29 19:53:29.717929
1723,Robert,Mack,1998-05-06,sha256_001722,user1722@example.com,555-785-1807,2018-01-15,A,STUDENT,205,2026-06-29 19:53:29.717929,2026-06-29 19:53:29.717929
1724,Matthew,Wagner,1957-12-05,sha256_001723,user1723@example.com,555-468-2393,2023-07-25,A,WEALTH,257,2026-06-29 19:53:29.717929,2026-06-29 19:53:29.717929
1725,Kari,Ward,1947-03-15,sha256_001724,user1724@example.com,555-644-3136,2017-01-17,A,DIGITAL,247,2026-06-29 19:53:29.717929,2026-06-29 19:53:29.717929
1726,Karen,Fisher,1986-01-17,sha256_001725,user1725@example.com,555-772-4245,2013-10-02,A,WEALTH,203,2026-06-29 19:53:29.717929,2026-06-29 19:53:29.717929
1727,Robert,Ortiz,1956-10-11,sha256_001726,user1726@example.com,555-867-4212,2023-06-14,A,STUDENT,316,2026-06-29 19:53:29.717929,2026-06-29 19:53:29.717929
1728,Laura,Cox,1972-03-24,sha256_001727,user1727@example.com,555-953-9589,2024-03-16,C,DIGITAL,125,2026-06-29 19:53:29.717929,2026-06-29 19:53:29.717929
1729,Alejandro,Drake,1943-06-27,sha256_001728,user1728@example.com,555-273-5362,2013-08-30,A,WEALTH,166,2026-06-29 19:53:29.717929,2026-06-29 19:53:29.717929
1730,Leroy,Holden,2004-09-17,sha256_001729,user1729@example.com,555-901-2467,2012-10-02,A,PREMIER,344,2026-06-29 19:53:29.717929,2026-06-29 19:53:29.717929
1731,Katherine,Keller,1952-07-02,sha256_001730,user1730@example.com,555-623-7939,2012-05-28,A,MASS,179,2026-06-29 19:53:29.717929,2026-06-29 19:53:29.717929
1732,Brian,Welch,1984-06-20,sha256_001731,user1731@example.com,555-395-6254,2024-12-14,A,MASS,305,2026-06-29 19:53:29.717929,2026-06-29 19:53:29.717929
1733,April,Phillips,1989-04-14,sha256_001732,user1732@example.com,555-871-1396,2021-05-05,A,MASS,87,2026-06-29 19:53:29.717929,2026-06-29 19:53:29.717929
1734,Angela,Torres,1968-06-04,sha256_001733,user1733@example.com,555-558-8245,2021-08-25,A,STUDENT,75,2026-06-29 19:53:29.717929,2026-06-29 19:53:29.717929
1735,Alan,Ramirez,1991-04-02,sha256_001734,user1734@example.com,555-651-1735,2025-01-20,A,DIGITAL,103,2026-06-29 19:53:29.717929,2026-06-29 19:53:29.717929
1736,Isabella,Griffin,1976-11-07,sha256_001735,user1735@example.com,555-901-7124,2025-03-22,I,DIGITAL,388,2026-06-29 19:53:29.717929,2026-06-29 19:53:29.717929
1737,Kristina,Pearson,1955-03-27,sha256_001736,user1736@example.com,555-945-2405,2019-08-12,A,PREMIER,379,2026-06-29 19:53:29.717929,2026-06-29 19:53:29.717929
1738,Kimberly,Sullivan,1988-03-21,sha256_001737,user1737@example.com,555-255-4982,2024-09-24,A,STUDENT,475,2026-06-29 19:53:29.717929,2026-06-29 19:53:29.717929
1739,Benjamin,Cook,1954-09-17,sha256_001738,user1738@example.com,555-351-5713,2015-12-28,A,PREMIER,176,2026-06-29 19:53:29.717929,2026-06-29 19:53:29.717929
1740,David,Braun,1990-01-26,sha256_001739,user1739@example.com,555-910-2823,2022-07-13,A,MASS,231,2026-06-29 19:53:29.717929,2026-06-29 19:53:29.717929
1741,Andrea,Boyd,1960-07-06,sha256_001740,user1740@example.com,555-682-1372,2012-11-15,I,MASS,108,2026-06-29 19:53:29.717929,2026-06-29 19:53:29.717929
1742,Anthony,Hogan,1992-03-18,sha256_001741,user1741@example.com,555-957-9814,2013-11-16,A,DIGITAL,105,2026-06-29 19:53:29.717929,2026-06-29 19:53:29.717929
1743,Kim,Barber,1981-03-10,sha256_001742,user1742@example.com,555-759-9573,2015-02-03,A,MASS,281,2026-06-29 19:53:29.717929,2026-06-29 19:53:29.717929
1744,Brian,Watson,2007-08-13,sha256_001743,user1743@example.com,555-694-3315,2013-02-19,A,SMALL_BIZ,358,2026-06-29 19:53:29.717929,2026-06-29 19:53:29.717929
1745,Brandon,Curtis,1983-07-02,sha256_001744,user1744@example.com,555-884-1301,2016-10-11,A,WEALTH,299,2026-06-29 19:53:29.717929,2026-06-29 19:53:29.717929
1746,Jillian,Chavez,1949-11-06,sha256_001745,user1745@example.com,555-879-9631,2015-12-08,A,PREMIER,131,2026-06-29 19:53:29.717929,2026-06-29 19:53:29.717929
1747,Vanessa,Cunningham,2007-05-07,sha256_001746,user1746@example.com,555-374-1984,2023-07-04,A,MASS,103,2026-06-29 19:53:29.717929,2026-06-29 19:53:29.717929
1748,Amanda,Larson,2001-05-30,sha256_001747,user1747@example.com,555-913-5444,2020-11-08,A,PREMIER,239,2026-06-29 19:53:29.717929,2026-06-29 19:53:29.717929
1749,Kristen,Espinoza,1964-12-18,sha256_001748,user1748@example.com,555-870-1136,2015-09-26,A,PREMIER,199,2026-06-29 19:53:29.717929,2026-06-29 19:53:29.717929
1750,April,Wright,1986-07-18,sha256_001749,user1749@example.com,555-876-5445,2022-02-23,A,SMALL_BIZ,437,2026-06-29 19:53:29.717929,2026-06-29 19:53:29.717929
1751,Mackenzie,Ward,1963-06-16,sha256_001750,user1750@example.com,555-875-6901,2020-03-06,A,PREMIER,10,2026-06-29 19:53:29.717929,2026-06-29 19:53:29.717929
1752,Maria,Miller,1948-01-21,sha256_001751,user1751@example.com,555-499-7332,2022-02-08,A,DIGITAL,195,2026-06-29 19:53:29.717929,2026-06-29 19:53:29.717929
1753,Thomas,Griffin,1945-08-28,sha256_001752,user1752@example.com,555-720-2631,2024-09-29,A,MASS,249,2026-06-29 19:53:29.717929,2026-06-29 19:53:29.717929
1754,Brianna,Stone,1966-03-26,sha256_001753,user1753@example.com,555-811-9709,2019-05-05,A,PREMIER,96,2026-06-29 19:53:29.717929,2026-06-29 19:53:29.717929
1755,Victor,Henderson,1967-12-10,sha256_001754,user1754@example.com,555-403-9202,2015-06-04,C,WEALTH,288,2026-06-29 19:53:29.717929,2026-06-29 19:53:29.717929
1756,Tracy,Mcpherson,1970-12-23,sha256_001755,user1755@example.com,555-929-1352,2025-05-19,A,PREMIER,127,2026-06-29 19:53:29.717929,2026-06-29 19:53:29.717929
1757,David,Dawson,1996-09-07,sha256_001756,user1756@example.com,555-742-5995,2013-08-23,C,MASS,251,2026-06-29 19:53:29.717929,2026-06-29 19:53:29.717929
1758,Michelle,Wilson,1950-02-28,sha256_001757,user1757@example.com,555-602-3572,2021-12-31,A,PREMIER,178,2026-06-29 19:53:29.717929,2026-06-29 19:53:29.717929
1759,Julie,Raymond,1955-09-27,sha256_001758,user1758@example.com,555-900-6765,2018-07-21,A,MASS,321,2026-06-29 19:53:29.717929,2026-06-29 19:53:29.717929
1760,Carolyn,Ortiz,1966-03-27,sha256_001759,user1759@example.com,555-509-4869,2025-09-09,A,STUDENT,142,2026-06-29 19:53:29.717929,2026-06-29 19:53:29.717929
1761,Billy,Hernandez,1949-08-03,sha256_001760,user1760@example.com,555-263-5221,2020-01-08,A,WEALTH,456,2026-06-29 19:53:29.717929,2026-06-29 19:53:29.717929
1762,Kevin,Tucker,1966-05-19,sha256_001761,user1761@example.com,555-230-5590,2026-04-11,I,DIGITAL,78,2026-06-29 19:53:29.717929,2026-06-29 19:53:29.717929
1763,Brittany,Williams,1994-07-02,sha256_001762,user1762@example.com,555-549-7436,2013-08-11,A,SMALL_BIZ,71,2026-06-29 19:53:29.717929,2026-06-29 19:53:29.717929
1764,Jason,Fuentes,2001-05-28,sha256_001763,user1763@example.com,555-289-7262,2024-10-02,A,STUDENT,492,2026-06-29 19:53:29.717929,2026-06-29 19:53:29.717929
1765,Michael,Harrell,1974-03-29,sha256_001764,user1764@example.com,555-894-4726,2013-04-25,A,WEALTH,124,2026-06-29 19:53:29.717929,2026-06-29 19:53:29.717929
1766,Ariel,Mccullough,1969-06-20,sha256_001765,user1765@example.com,555-786-3502,2020-01-15,A,WEALTH,497,2026-06-29 19:53:29.717929,2026-06-29 19:53:29.717929
1767,Jennifer,Obrien,1993-11-03,sha256_001766,user1766@example.com,555-519-6395,2018-07-31,A,WEALTH,278,2026-06-29 19:53:29.717929,2026-06-29 19:53:29.717929
1768,Steven,Cole,1992-07-16,sha256_001767,user1767@example.com,555-334-4387,2019-01-08,A,SMALL_BIZ,71,2026-06-29 19:53:29.717929,2026-06-29 19:53:29.717929
1769,Mark,Marsh,1971-07-31,sha256_001768,user1768@example.com,555-794-9869,2024-05-31,A,SMALL_BIZ,410,2026-06-29 19:53:29.717929,2026-06-29 19:53:29.717929
1770,Jesse,Foster,1986-01-05,sha256_001769,user1769@example.com,555-407-3262,2017-08-08,A,MASS,353,2026-06-29 19:53:29.717929,2026-06-29 19:53:29.717929
1771,Pamela,Fitzgerald,1977-09-26,sha256_001770,user1770@example.com,555-922-9582,2025-10-13,A,DIGITAL,221,2026-06-29 19:53:29.717929,2026-06-29 19:53:29.717929
1772,Jasmine,Armstrong,1984-10-07,sha256_001771,user1771@example.com,555-988-3378,2024-05-29,A,SMALL_BIZ,478,2026-06-29 19:53:29.717929,2026-06-29 19:53:29.717929
1773,Ann,Martinez,1994-10-31,sha256_001772,user1772@example.com,555-778-3589,2022-01-16,I,MASS,35,2026-06-29 19:53:29.717929,2026-06-29 19:53:29.717929
1774,Christine,Ray,1978-12-19,sha256_001773,user1773@example.com,555-770-9732,2014-05-12,C,SMALL_BIZ,61,2026-06-29 19:53:29.717929,2026-06-29 19:53:29.717929
1775,Jaime,Alvarez,1945-01-12,sha256_001774,user1774@example.com,555-388-6203,2019-12-31,A,DIGITAL,373,2026-06-29 19:53:29.717929,2026-06-29 19:53:29.717929
1776,Sharon,White,2001-07-31,sha256_001775,user1775@example.com,555-230-6221,2013-04-14,A,WEALTH,493,2026-06-29 19:53:29.717929,2026-06-29 19:53:29.717929
1777,John,Thornton,1942-10-06,sha256_001776,user1776@example.com,555-621-5970,2023-03-25,A,WEALTH,382,2026-06-29 19:53:29.717929,2026-06-29 19:53:29.717929
1778,Lindsay,Lawson,2000-12-17,sha256_001777,user1777@example.com,555-852-5485,2018-02-12,A,DIGITAL,399,2026-06-29 19:53:29.717929,2026-06-29 19:53:29.717929
1779,Michelle,Johnson,1968-05-30,sha256_001778,user1778@example.com,555-392-2749,2012-02-29,A,DIGITAL,95,2026-06-29 19:53:29.717929,2026-06-29 19:53:29.717929
1780,Michele,Stewart,1970-10-09,sha256_001779,user1779@example.com,555-226-5372,2017-09-05,I,STUDENT,291,2026-06-29 19:53:29.717929,2026-06-29 19:53:29.717929
1781,Cory,Jackson,1958-09-21,sha256_001780,user1780@example.com,555-827-4783,2013-03-14,A,STUDENT,119,2026-06-29 19:53:29.717929,2026-06-29 19:53:29.717929
1782,Christopher,Parker,1951-02-21,sha256_001781,user1781@example.com,555-436-1427,2015-04-21,I,MASS,41,2026-06-29 19:53:29.717929,2026-06-29 19:53:29.717929
1783,Christina,Nguyen,1968-10-11,sha256_001782,user1782@example.com,555-904-8808,2014-01-05,A,DIGITAL,258,2026-06-29 19:53:29.717929,2026-06-29 19:53:29.717929
1784,Peter,Flores,1943-04-24,sha256_001783,user1783@example.com,555-819-8680,2012-05-12,A,SMALL_BIZ,333,2026-06-29 19:53:29.717929,2026-06-29 19:53:29.717929
1785,Nicholas,Carey,1969-02-24,sha256_001784,user1784@example.com,555-582-4014,2016-04-29,A,WEALTH,252,2026-06-29 19:53:29.717929,2026-06-29 19:53:29.717929
1786,Karen,Willis,1949-08-06,sha256_001785,user1785@example.com,555-685-3253,2014-07-06,I,DIGITAL,99,2026-06-29 19:53:29.717929,2026-06-29 19:53:29.717929
1787,Paul,Wilson,1974-07-09,sha256_001786,user1786@example.com,555-431-1528,2022-09-18,A,WEALTH,392,2026-06-29 19:53:29.717929,2026-06-29 19:53:29.717929
1788,Richard,Washington,1945-07-21,sha256_001787,user1787@example.com,555-215-5421,2018-06-04,A,WEALTH,114,2026-06-29 19:53:29.717929,2026-06-29 19:53:29.717929
1789,Olivia,Adams,1968-10-16,sha256_001788,user1788@example.com,555-960-4323,2014-12-23,A,DIGITAL,34,2026-06-29 19:53:29.717929,2026-06-29 19:53:29.717929
1790,John,Peters,2006-01-16,sha256_001789,user1789@example.com,555-381-8197,2021-07-24,A,STUDENT,251,2026-06-29 19:53:29.717929,2026-06-29 19:53:29.717929
1791,Richard,Miller,1994-02-05,sha256_001790,user1790@example.com,555-904-6323,2016-01-13,A,WEALTH,455,2026-06-29 19:53:29.717929,2026-06-29 19:53:29.717929
1792,Tammy,Brooks,1984-02-02,sha256_001791,user1791@example.com,555-452-8005,2014-07-11,A,WEALTH,398,2026-06-29 19:53:29.717929,2026-06-29 19:53:29.717929
1793,Amanda,Henderson,2007-07-04,sha256_001792,user1792@example.com,555-242-7232,2023-02-27,A,SMALL_BIZ,161,2026-06-29 19:53:29.717929,2026-06-29 19:53:29.717929
1794,Aaron,Marshall,2002-07-24,sha256_001793,user1793@example.com,555-603-9784,2018-03-25,A,STUDENT,329,2026-06-29 19:53:29.717929,2026-06-29 19:53:29.717929
1795,Teresa,Smith,1997-01-21,sha256_001794,user1794@example.com,555-921-1630,2015-10-22,A,STUDENT,56,2026-06-29 19:53:29.717929,2026-06-29 19:53:29.717929
1796,Carla,Franco,2004-01-13,sha256_001795,user1795@example.com,555-662-8485,2018-09-07,A,PREMIER,450,2026-06-29 19:53:29.717929,2026-06-29 19:53:29.717929
1797,Crystal,Richards,1966-12-17,sha256_001796,user1796@example.com,555-451-9498,2016-09-24,A,STUDENT,203,2026-06-29 19:53:29.717929,2026-06-29 19:53:29.717929
1798,Jocelyn,Hart,1975-09-07,sha256_001797,user1797@example.com,555-952-1643,2012-03-02,A,STUDENT,199,2026-06-29 19:53:29.717929,2026-06-29 19:53:29.717929
1799,David,Taylor,1961-08-19,sha256_001798,user1798@example.com,555-728-1807,2017-05-22,A,DIGITAL,150,2026-06-29 19:53:29.717929,2026-06-29 19:53:29.717929
1800,Ryan,Bishop,1978-10-10,sha256_001799,user1799@example.com,555-650-7521,2015-08-29,A,MASS,397,2026-06-29 19:53:29.717929,2026-06-29 19:53:29.717929
1801,Evelyn,Cooper,2005-08-20,sha256_001800,user1800@example.com,555-492-8558,2016-03-28,C,DIGITAL,217,2026-06-29 19:53:29.717929,2026-06-29 19:53:29.717929
1802,Shawn,Sanchez,1959-01-01,sha256_001801,user1801@example.com,555-501-1893,2022-09-20,A,SMALL_BIZ,265,2026-06-29 19:53:29.717929,2026-06-29 19:53:29.717929
1803,Steve,Greene,2007-05-09,sha256_001802,user1802@example.com,555-345-8595,2016-08-02,A,SMALL_BIZ,232,2026-06-29 19:53:29.717929,2026-06-29 19:53:29.717929
1804,Deborah,Smith,1942-07-22,sha256_001803,user1803@example.com,555-292-9202,2021-10-23,A,PREMIER,93,2026-06-29 19:53:29.717929,2026-06-29 19:53:29.717929
1805,Emily,Gutierrez,1973-06-02,sha256_001804,user1804@example.com,555-997-9952,2024-12-08,A,DIGITAL,202,2026-06-29 19:53:29.717929,2026-06-29 19:53:29.717929
1806,Kathryn,Medina,2001-06-22,sha256_001805,user1805@example.com,555-623-6299,2021-12-25,A,WEALTH,13,2026-06-29 19:53:29.717929,2026-06-29 19:53:29.717929
1807,Chris,Johnson,1994-03-29,sha256_001806,user1806@example.com,555-383-8433,2021-03-04,A,STUDENT,460,2026-06-29 19:53:29.717929,2026-06-29 19:53:29.717929
1808,Emily,Gomez,1997-03-28,sha256_001807,user1807@example.com,555-929-4308,2021-07-05,A,WEALTH,47,2026-06-29 19:53:29.717929,2026-06-29 19:53:29.717929
1809,Michael,Thompson,1995-12-12,sha256_001808,user1808@example.com,555-456-6309,2023-11-01,A,SMALL_BIZ,333,2026-06-29 19:53:29.717929,2026-06-29 19:53:29.717929
1810,Alan,Ford,1992-12-10,sha256_001809,user1809@example.com,555-928-3686,2021-11-21,A,SMALL_BIZ,376,2026-06-29 19:53:29.717929,2026-06-29 19:53:29.717929
1811,Jeffrey,Smith,2004-03-20,sha256_001810,user1810@example.com,555-326-2494,2018-02-14,A,PREMIER,362,2026-06-29 19:53:29.717929,2026-06-29 19:53:29.717929
1812,Michael,Davis,1960-04-29,sha256_001811,user1811@example.com,555-660-6946,2025-03-27,A,PREMIER,269,2026-06-29 19:53:29.717929,2026-06-29 19:53:29.717929
1813,Jennifer,Young,1982-08-04,sha256_001812,user1812@example.com,555-924-7292,2016-01-06,A,SMALL_BIZ,406,2026-06-29 19:53:29.717929,2026-06-29 19:53:29.717929
1814,Juan,Conway,1974-07-29,sha256_001813,user1813@example.com,555-723-3619,2016-11-26,A,WEALTH,282,2026-06-29 19:53:29.717929,2026-06-29 19:53:29.717929
1815,James,Nicholson,1988-11-09,sha256_001814,user1814@example.com,555-589-1719,2014-08-11,A,DIGITAL,468,2026-06-29 19:53:29.717929,2026-06-29 19:53:29.717929
1816,Ashley,Snyder,1968-01-11,sha256_001815,user1815@example.com,555-543-3459,2024-06-20,C,DIGITAL,445,2026-06-29 19:53:29.717929,2026-06-29 19:53:29.717929
1817,Ariel,Fleming,1978-06-17,sha256_001816,user1816@example.com,555-348-3930,2021-05-02,A,SMALL_BIZ,27,2026-06-29 19:53:29.717929,2026-06-29 19:53:29.717929
1818,David,Brown,1979-05-10,sha256_001817,user1817@example.com,555-629-6047,2012-06-19,A,MASS,374,2026-06-29 19:53:29.717929,2026-06-29 19:53:29.717929
1819,Jeremy,Mills,1958-11-20,sha256_001818,user1818@example.com,555-987-8311,2019-12-29,A,MASS,321,2026-06-29 19:53:29.717929,2026-06-29 19:53:29.717929
1820,Erica,Braun,1993-11-25,sha256_001819,user1819@example.com,555-385-2926,2014-05-09,A,DIGITAL,492,2026-06-29 19:53:29.717929,2026-06-29 19:53:29.717929
1821,Johnny,Castro,1987-12-03,sha256_001820,user1820@example.com,555-407-1057,2019-06-10,A,STUDENT,392,2026-06-29 19:53:29.717929,2026-06-29 19:53:29.717929
1822,Danielle,Hahn,1971-11-27,sha256_001821,user1821@example.com,555-459-1200,2025-06-25,A,WEALTH,255,2026-06-29 19:53:29.717929,2026-06-29 19:53:29.717929
1823,Ryan,Carney,1944-12-19,sha256_001822,user1822@example.com,555-710-9904,2025-06-30,A,PREMIER,312,2026-06-29 19:53:29.717929,2026-06-29 19:53:29.717929
1824,Steven,Ward,1959-11-07,sha256_001823,user1823@example.com,555-705-4897,2021-08-21,A,DIGITAL,302,2026-06-29 19:53:29.717929,2026-06-29 19:53:29.717929
1825,Jeffrey,Ramirez,1992-05-06,sha256_001824,user1824@example.com,555-875-8794,2024-09-03,A,WEALTH,210,2026-06-29 19:53:29.717929,2026-06-29 19:53:29.717929
1826,Adam,Lee,1969-08-20,sha256_001825,user1825@example.com,555-652-2300,2018-03-09,A,STUDENT,308,2026-06-29 19:53:29.717929,2026-06-29 19:53:29.717929
1827,Anthony,Mclaughlin,1946-12-21,sha256_001826,user1826@example.com,555-206-5009,2020-01-08,A,STUDENT,143,2026-06-29 19:53:29.717929,2026-06-29 19:53:29.717929
1828,Charles,Wright,2007-01-08,sha256_001827,user1827@example.com,555-834-4401,2017-10-24,C,PREMIER,95,2026-06-29 19:53:29.717929,2026-06-29 19:53:29.717929
1829,Connie,Davis,1952-07-06,sha256_001828,user1828@example.com,555-351-1902,2016-02-16,A,SMALL_BIZ,179,2026-06-29 19:53:29.717929,2026-06-29 19:53:29.717929
1830,Brittany,Sims,1973-08-25,sha256_001829,user1829@example.com,555-237-3381,2023-07-19,A,PREMIER,342,2026-06-29 19:53:29.717929,2026-06-29 19:53:29.717929
1831,Daniel,Allen,1963-11-21,sha256_001830,user1830@example.com,555-791-5889,2015-03-24,C,MASS,472,2026-06-29 19:53:29.717929,2026-06-29 19:53:29.717929
1832,Matthew,Bauer,1964-04-28,sha256_001831,user1831@example.com,555-289-1803,2012-04-20,A,PREMIER,214,2026-06-29 19:53:29.717929,2026-06-29 19:53:29.717929
1833,Christine,Duran,2004-09-15,sha256_001832,user1832@example.com,555-382-3643,2023-01-24,A,SMALL_BIZ,146,2026-06-29 19:53:29.717929,2026-06-29 19:53:29.717929
1834,Christopher,Brown,1983-05-22,sha256_001833,user1833@example.com,555-825-3906,2020-02-16,A,WEALTH,384,2026-06-29 19:53:29.717929,2026-06-29 19:53:29.717929
1835,Melanie,Brown,1943-09-22,sha256_001834,user1834@example.com,555-792-6901,2016-03-01,A,PREMIER,48,2026-06-29 19:53:29.717929,2026-06-29 19:53:29.717929
1836,Scott,Turner,1950-01-13,sha256_001835,user1835@example.com,555-986-5903,2025-03-15,A,MASS,189,2026-06-29 19:53:29.717929,2026-06-29 19:53:29.717929
1837,Erica,Hansen,1983-06-12,sha256_001836,user1836@example.com,555-588-2108,2012-06-21,A,WEALTH,432,2026-06-29 19:53:29.717929,2026-06-29 19:53:29.717929
1838,Cody,Walton,1961-04-01,sha256_001837,user1837@example.com,555-763-2063,2017-03-07,A,MASS,242,2026-06-29 19:53:29.717929,2026-06-29 19:53:29.717929
1839,Donna,Smith,1957-02-09,sha256_001838,user1838@example.com,555-337-2999,2020-06-08,I,SMALL_BIZ,441,2026-06-29 19:53:29.717929,2026-06-29 19:53:29.717929
1840,Nichole,Harvey,1967-03-19,sha256_001839,user1839@example.com,555-481-6393,2023-05-09,A,STUDENT,212,2026-06-29 19:53:29.717929,2026-06-29 19:53:29.717929
1841,Krista,Gibson,1964-03-30,sha256_001840,user1840@example.com,555-737-4438,2025-06-23,A,SMALL_BIZ,108,2026-06-29 19:53:29.717929,2026-06-29 19:53:29.717929
1842,Curtis,Larson,1963-06-25,sha256_001841,user1841@example.com,555-826-1953,2014-05-12,A,PREMIER,293,2026-06-29 19:53:29.717929,2026-06-29 19:53:29.717929
1843,James,Berry,1946-01-06,sha256_001842,user1842@example.com,555-947-9666,2023-04-08,A,PREMIER,248,2026-06-29 19:53:29.717929,2026-06-29 19:53:29.717929
1844,Robert,Hardy,1984-03-11,sha256_001843,user1843@example.com,555-941-5705,2015-04-25,A,WEALTH,312,2026-06-29 19:53:29.717929,2026-06-29 19:53:29.717929
1845,Laura,Brown,1971-04-13,sha256_001844,user1844@example.com,555-524-5254,2015-02-12,I,STUDENT,295,2026-06-29 19:53:29.717929,2026-06-29 19:53:29.717929
1846,Susan,Webster,1962-05-16,sha256_001845,user1845@example.com,555-838-6797,2017-12-28,A,DIGITAL,315,2026-06-29 19:53:29.717929,2026-06-29 19:53:29.717929
1847,Kimberly,Hernandez,1962-05-05,sha256_001846,user1846@example.com,555-776-9132,2024-09-11,A,STUDENT,374,2026-06-29 19:53:29.717929,2026-06-29 19:53:29.717929
1848,Miguel,Smith,1962-03-04,sha256_001847,user1847@example.com,555-847-9154,2016-08-09,A,WEALTH,414,2026-06-29 19:53:29.717929,2026-06-29 19:53:29.717929
1849,Brian,Hunter,1980-10-12,sha256_001848,user1848@example.com,555-384-4812,2021-08-11,I,SMALL_BIZ,149,2026-06-29 19:53:29.717929,2026-06-29 19:53:29.717929
1850,Robert,Gonzalez,1997-06-12,sha256_001849,user1849@example.com,555-398-1025,2024-04-20,A,PREMIER,13,2026-06-29 19:53:29.717929,2026-06-29 19:53:29.717929
1851,Kristen,Peterson,1954-12-01,sha256_001850,user1850@example.com,555-676-2932,2025-01-16,A,SMALL_BIZ,435,2026-06-29 19:53:29.717929,2026-06-29 19:53:29.717929
1852,Tina,Greene,1986-03-28,sha256_001851,user1851@example.com,555-412-7793,2021-11-08,A,WEALTH,24,2026-06-29 19:53:29.717929,2026-06-29 19:53:29.717929
1853,Sylvia,Jensen,1963-09-05,sha256_001852,user1852@example.com,555-541-6728,2020-02-13,I,STUDENT,413,2026-06-29 19:53:29.717929,2026-06-29 19:53:29.717929
1854,Shawn,Mccormick,1969-07-17,sha256_001853,user1853@example.com,555-852-4478,2013-11-29,I,PREMIER,328,2026-06-29 19:53:29.717929,2026-06-29 19:53:29.717929
1855,Adam,Walker,1944-04-26,sha256_001854,user1854@example.com,555-406-5614,2014-10-06,I,MASS,405,2026-06-29 19:53:29.717929,2026-06-29 19:53:29.717929
1856,John,Navarro,1956-12-02,sha256_001855,user1855@example.com,555-269-6042,2020-10-18,A,MASS,260,2026-06-29 19:53:29.717929,2026-06-29 19:53:29.717929
1857,Jody,Harris,2005-04-24,sha256_001856,user1856@example.com,555-763-6307,2016-06-08,A,PREMIER,59,2026-06-29 19:53:29.717929,2026-06-29 19:53:29.717929
1858,Michael,Jones,1953-11-01,sha256_001857,user1857@example.com,555-902-6460,2026-04-04,A,MASS,203,2026-06-29 19:53:29.717929,2026-06-29 19:53:29.717929
1859,Kelly,Lee,1943-07-03,sha256_001858,user1858@example.com,555-941-1477,2013-03-17,I,DIGITAL,100,2026-06-29 19:53:29.717929,2026-06-29 19:53:29.717929
1860,Bradley,Johnson,1980-09-24,sha256_001859,user1859@example.com,555-538-6536,2022-11-29,A,SMALL_BIZ,246,2026-06-29 19:53:29.717929,2026-06-29 19:53:29.717929
1861,Nicole,Higgins,1954-09-29,sha256_001860,user1860@example.com,555-685-1582,2014-02-01,A,SMALL_BIZ,70,2026-06-29 19:53:29.717929,2026-06-29 19:53:29.717929
1862,Gregory,Smith,1964-04-04,sha256_001861,user1861@example.com,555-693-3545,2019-10-06,A,SMALL_BIZ,236,2026-06-29 19:53:29.717929,2026-06-29 19:53:29.717929
1863,Andrew,Byrd,1997-12-18,sha256_001862,user1862@example.com,555-749-6490,2025-01-28,A,WEALTH,402,2026-06-29 19:53:29.717929,2026-06-29 19:53:29.717929
1864,Daniel,Boyle,1966-11-17,sha256_001863,user1863@example.com,555-623-1917,2023-03-28,A,STUDENT,154,2026-06-29 19:53:29.717929,2026-06-29 19:53:29.717929
1865,Lisa,Guerrero,1961-12-06,sha256_001864,user1864@example.com,555-778-6169,2015-01-27,C,STUDENT,275,2026-06-29 19:53:29.717929,2026-06-29 19:53:29.717929
1866,Whitney,Keith,2004-07-19,sha256_001865,user1865@example.com,555-219-4412,2026-01-25,I,STUDENT,351,2026-06-29 19:53:29.717929,2026-06-29 19:53:29.717929
1867,Drew,Glass,2000-05-05,sha256_001866,user1866@example.com,555-539-6793,2012-06-19,A,PREMIER,497,2026-06-29 19:53:29.717929,2026-06-29 19:53:29.717929
1868,Nicholas,Brooks,1994-09-30,sha256_001867,user1867@example.com,555-352-5595,2014-05-08,A,PREMIER,174,2026-06-29 19:53:29.717929,2026-06-29 19:53:29.717929
1869,John,Williams,1981-08-29,sha256_001868,user1868@example.com,555-584-9753,2026-01-24,A,DIGITAL,293,2026-06-29 19:53:29.717929,2026-06-29 19:53:29.717929
1870,Amanda,Clarke,1982-10-06,sha256_001869,user1869@example.com,555-820-7382,2014-04-24,A,DIGITAL,305,2026-06-29 19:53:29.717929,2026-06-29 19:53:29.717929
1871,Laura,Salas,1963-06-12,sha256_001870,user1870@example.com,555-319-6050,2012-04-14,A,SMALL_BIZ,440,2026-06-29 19:53:29.717929,2026-06-29 19:53:29.717929
1872,Norma,Clark,1998-07-17,sha256_001871,user1871@example.com,555-522-1518,2025-12-08,A,MASS,212,2026-06-29 19:53:29.717929,2026-06-29 19:53:29.717929
1873,Elizabeth,Brown,1946-12-12,sha256_001872,user1872@example.com,555-288-9143,2018-07-06,A,DIGITAL,191,2026-06-29 19:53:29.717929,2026-06-29 19:53:29.717929
1874,Deanna,Hicks,1975-07-27,sha256_001873,user1873@example.com,555-662-5958,2022-09-12,I,DIGITAL,269,2026-06-29 19:53:29.717929,2026-06-29 19:53:29.717929
1875,Marc,Brooks,1974-11-23,sha256_001874,user1874@example.com,555-509-3867,2018-06-01,A,PREMIER,192,2026-06-29 19:53:29.717929,2026-06-29 19:53:29.717929
1876,Troy,Adams,1988-01-09,sha256_001875,user1875@example.com,555-238-4311,2022-03-02,A,PREMIER,228,2026-06-29 19:53:29.717929,2026-06-29 19:53:29.717929
1877,Brandy,Johnson,1968-05-09,sha256_001876,user1876@example.com,555-718-1408,2025-03-26,A,WEALTH,464,2026-06-29 19:53:29.717929,2026-06-29 19:53:29.717929
1878,Michelle,Foster,1956-03-14,sha256_001877,user1877@example.com,555-712-3524,2014-07-09,A,DIGITAL,175,2026-06-29 19:53:29.717929,2026-06-29 19:53:29.717929
1879,Ashley,Walls,1961-12-29,sha256_001878,user1878@example.com,555-695-9579,2024-09-30,A,MASS,398,2026-06-29 19:53:29.717929,2026-06-29 19:53:29.717929
1880,Dennis,Miller,1966-07-22,sha256_001879,user1879@example.com,555-535-3347,2019-09-14,A,PREMIER,421,2026-06-29 19:53:29.717929,2026-06-29 19:53:29.717929
1881,Brandy,Marshall,1971-04-10,sha256_001880,user1880@example.com,555-728-3174,2016-09-25,A,DIGITAL,371,2026-06-29 19:53:29.717929,2026-06-29 19:53:29.717929
1882,Taylor,Ortiz,1983-02-08,sha256_001881,user1881@example.com,555-237-8526,2017-11-05,I,WEALTH,366,2026-06-29 19:53:29.717929,2026-06-29 19:53:29.717929
1883,Patrick,White,1995-05-24,sha256_001882,user1882@example.com,555-734-2897,2016-03-21,A,PREMIER,160,2026-06-29 19:53:29.717929,2026-06-29 19:53:29.717929
1884,Michael,Miller,1957-02-26,sha256_001883,user1883@example.com,555-245-2426,2021-02-12,A,MASS,240,2026-06-29 19:53:29.717929,2026-06-29 19:53:29.717929
1885,Dawn,Hartman,1997-12-11,sha256_001884,user1884@example.com,555-247-2689,2019-02-21,A,STUDENT,393,2026-06-29 19:53:29.717929,2026-06-29 19:53:29.717929
1886,Charles,Johnson,2003-07-28,sha256_001885,user1885@example.com,555-874-6119,2012-12-16,A,PREMIER,296,2026-06-29 19:53:29.717929,2026-06-29 19:53:29.717929
1887,Mark,Turner,1954-11-29,sha256_001886,user1886@example.com,555-976-6114,2014-06-04,A,SMALL_BIZ,457,2026-06-29 19:53:29.717929,2026-06-29 19:53:29.717929
1888,Joshua,Thornton,1996-02-18,sha256_001887,user1887@example.com,555-414-6257,2021-09-08,A,DIGITAL,99,2026-06-29 19:53:29.717929,2026-06-29 19:53:29.717929
1889,Karen,Singh,2008-05-09,sha256_001888,user1888@example.com,555-493-5532,2026-05-21,A,STUDENT,164,2026-06-29 19:53:29.717929,2026-06-29 19:53:29.717929
1890,Kevin,Short,2002-08-14,sha256_001889,user1889@example.com,555-991-8227,2011-08-14,C,SMALL_BIZ,61,2026-06-29 19:53:29.717929,2026-06-29 19:53:29.717929
1891,Richard,Carpenter,1993-12-16,sha256_001890,user1890@example.com,555-479-3446,2017-07-07,A,DIGITAL,141,2026-06-29 19:53:29.717929,2026-06-29 19:53:29.717929
1892,William,Juarez,1985-05-25,sha256_001891,user1891@example.com,555-317-1249,2018-07-13,A,STUDENT,287,2026-06-29 19:53:29.717929,2026-06-29 19:53:29.717929
1893,Jeremy,Curry,1951-06-30,sha256_001892,user1892@example.com,555-726-2677,2017-06-03,A,DIGITAL,278,2026-06-29 19:53:29.717929,2026-06-29 19:53:29.717929
1894,Kristi,Todd,1973-04-11,sha256_001893,user1893@example.com,555-558-6218,2019-03-09,A,MASS,73,2026-06-29 19:53:29.717929,2026-06-29 19:53:29.717929
1895,Latoya,Edwards,1989-11-24,sha256_001894,user1894@example.com,555-921-5641,2018-05-17,A,STUDENT,126,2026-06-29 19:53:29.717929,2026-06-29 19:53:29.717929
1896,Heidi,Clark,1954-01-28,sha256_001895,user1895@example.com,555-375-2167,2022-12-24,A,MASS,314,2026-06-29 19:53:29.717929,2026-06-29 19:53:29.717929
1897,Nicholas,Ray,1971-08-22,sha256_001896,user1896@example.com,555-546-9856,2019-10-27,A,WEALTH,26,2026-06-29 19:53:29.717929,2026-06-29 19:53:29.717929
1898,Alec,Cochran,1950-02-02,sha256_001897,user1897@example.com,555-333-1475,2025-07-25,A,WEALTH,463,2026-06-29 19:53:29.717929,2026-06-29 19:53:29.717929
1899,Robert,Jennings,1997-05-22,sha256_001898,user1898@example.com,555-891-1826,2016-07-23,A,PREMIER,197,2026-06-29 19:53:29.717929,2026-06-29 19:53:29.717929
1900,Amanda,Nguyen,1968-07-07,sha256_001899,user1899@example.com,555-255-2410,2023-02-08,A,WEALTH,201,2026-06-29 19:53:29.717929,2026-06-29 19:53:29.717929
1901,Sandra,Hernandez,1943-01-18,sha256_001900,user1900@example.com,555-383-8304,2023-03-17,A,STUDENT,183,2026-06-29 19:53:29.717929,2026-06-29 19:53:29.717929
1902,Crystal,Morrison,2005-04-25,sha256_001901,user1901@example.com,555-519-6444,2016-06-01,A,DIGITAL,366,2026-06-29 19:53:29.717929,2026-06-29 19:53:29.717929
1903,Tina,Harris,1982-03-20,sha256_001902,user1902@example.com,555-976-9740,2024-06-03,A,PREMIER,499,2026-06-29 19:53:29.717929,2026-06-29 19:53:29.717929
1904,Jacob,Rodriguez,1967-08-31,sha256_001903,user1903@example.com,555-973-8629,2019-06-19,A,STUDENT,68,2026-06-29 19:53:29.717929,2026-06-29 19:53:29.717929
1905,Patricia,Davis,1979-08-25,sha256_001904,user1904@example.com,555-295-8672,2018-03-24,A,PREMIER,234,2026-06-29 19:53:29.717929,2026-06-29 19:53:29.717929
1906,Antonio,Barker,1948-06-24,sha256_001905,user1905@example.com,555-517-8625,2019-09-27,A,WEALTH,119,2026-06-29 19:53:29.717929,2026-06-29 19:53:29.717929
1907,Chad,Mccarty,1974-03-24,sha256_001906,user1906@example.com,555-429-3354,2014-04-11,C,STUDENT,133,2026-06-29 19:53:29.717929,2026-06-29 19:53:29.717929
1908,Donna,Jones,1960-07-04,sha256_001907,user1907@example.com,555-572-7423,2014-12-19,A,DIGITAL,359,2026-06-29 19:53:29.717929,2026-06-29 19:53:29.717929
1909,George,Heath,1945-05-04,sha256_001908,user1908@example.com,555-881-6412,2019-03-24,A,MASS,233,2026-06-29 19:53:29.717929,2026-06-29 19:53:29.717929
1910,Daniel,Herrera,1969-01-07,sha256_001909,user1909@example.com,555-699-1495,2013-10-31,A,PREMIER,244,2026-06-29 19:53:29.717929,2026-06-29 19:53:29.717929
1911,Stephanie,Glenn,1973-07-14,sha256_001910,user1910@example.com,555-315-6758,2012-07-07,A,WEALTH,237,2026-06-29 19:53:29.717929,2026-06-29 19:53:29.717929
1912,Ryan,Mckinney,1950-03-13,sha256_001911,user1911@example.com,555-374-5624,2014-07-23,I,MASS,310,2026-06-29 19:53:29.717929,2026-06-29 19:53:29.717929
1913,Sheila,Matthews,1973-04-20,sha256_001912,user1912@example.com,555-788-3087,2020-06-30,C,STUDENT,53,2026-06-29 19:53:29.717929,2026-06-29 19:53:29.717929
1914,Joshua,Smith,1975-02-27,sha256_001913,user1913@example.com,555-615-2752,2021-09-15,A,MASS,285,2026-06-29 19:53:29.717929,2026-06-29 19:53:29.717929
1915,Reginald,Aguirre,1951-01-19,sha256_001914,user1914@example.com,555-865-2162,2012-06-11,A,MASS,273,2026-06-29 19:53:29.717929,2026-06-29 19:53:29.717929
1916,Natasha,Stevens,1976-09-21,sha256_001915,user1915@example.com,555-672-7566,2025-01-26,A,STUDENT,212,2026-06-29 19:53:29.717929,2026-06-29 19:53:29.717929
1917,Keith,Ibarra,1980-02-03,sha256_001916,user1916@example.com,555-444-4992,2022-06-28,I,STUDENT,82,2026-06-29 19:53:29.717929,2026-06-29 19:53:29.717929
1918,Jennifer,Evans,1972-01-24,sha256_001917,user1917@example.com,555-693-7288,2021-12-09,A,PREMIER,175,2026-06-29 19:53:29.717929,2026-06-29 19:53:29.717929
1919,Gregory,Wright,1982-07-25,sha256_001918,user1918@example.com,555-413-8063,2023-07-29,A,WEALTH,291,2026-06-29 19:53:29.717929,2026-06-29 19:53:29.717929
1920,Stephen,Bartlett,2001-10-15,sha256_001919,user1919@example.com,555-550-9921,2022-06-06,A,SMALL_BIZ,121,2026-06-29 19:53:29.717929,2026-06-29 19:53:29.717929
1921,Phillip,Bautista,1953-10-13,sha256_001920,user1920@example.com,555-377-2276,2019-12-22,A,SMALL_BIZ,477,2026-06-29 19:53:29.717929,2026-06-29 19:53:29.717929
1922,Joshua,Fuller,1957-07-20,sha256_001921,user1921@example.com,555-928-8972,2024-06-23,A,PREMIER,304,2026-06-29 19:53:29.717929,2026-06-29 19:53:29.717929
1923,Helen,Bowen,1961-01-17,sha256_001922,user1922@example.com,555-810-8584,2025-02-27,A,MASS,285,2026-06-29 19:53:29.717929,2026-06-29 19:53:29.717929
1924,Victoria,Tran,1956-01-18,sha256_001923,user1923@example.com,555-299-8294,2018-11-08,A,DIGITAL,158,2026-06-29 19:53:29.717929,2026-06-29 19:53:29.717929
1925,Daniel,Miranda,2008-03-05,sha256_001924,user1924@example.com,555-615-2140,2012-08-19,A,STUDENT,56,2026-06-29 19:53:29.717929,2026-06-29 19:53:29.717929
1926,Johnny,Hunter,1963-05-02,sha256_001925,user1925@example.com,555-901-7208,2018-03-21,A,MASS,254,2026-06-29 19:53:29.717929,2026-06-29 19:53:29.717929
1927,Heather,Brady,1972-06-15,sha256_001926,user1926@example.com,555-860-2007,2012-07-31,A,PREMIER,112,2026-06-29 19:53:29.717929,2026-06-29 19:53:29.717929
1928,Melissa,Sanders,1967-01-11,sha256_001927,user1927@example.com,555-342-1003,2022-08-14,A,DIGITAL,339,2026-06-29 19:53:29.717929,2026-06-29 19:53:29.717929
1929,Sally,Murphy,1942-03-18,sha256_001928,user1928@example.com,555-352-8421,2013-03-14,A,STUDENT,150,2026-06-29 19:53:29.717929,2026-06-29 19:53:29.717929
1930,Carlos,Kelley,1991-08-26,sha256_001929,user1929@example.com,555-599-8326,2018-09-21,A,DIGITAL,106,2026-06-29 19:53:29.717929,2026-06-29 19:53:29.717929
1931,Donald,Hoover,1957-09-22,sha256_001930,user1930@example.com,555-897-6187,2025-08-30,A,MASS,292,2026-06-29 19:53:29.717929,2026-06-29 19:53:29.717929
1932,Andrew,Garcia,1997-11-15,sha256_001931,user1931@example.com,555-895-5989,2014-01-13,A,WEALTH,368,2026-06-29 19:53:29.717929,2026-06-29 19:53:29.717929
1933,Peter,Jones,1961-03-14,sha256_001932,user1932@example.com,555-552-2462,2019-06-20,A,STUDENT,5,2026-06-29 19:53:29.717929,2026-06-29 19:53:29.717929
1934,Eric,Howard,1992-08-25,sha256_001933,user1933@example.com,555-826-9362,2021-08-06,A,WEALTH,434,2026-06-29 19:53:29.717929,2026-06-29 19:53:29.717929
1935,Emily,Robinson,1956-01-04,sha256_001934,user1934@example.com,555-330-5819,2012-01-02,A,PREMIER,190,2026-06-29 19:53:29.717929,2026-06-29 19:53:29.717929
1936,Lisa,Davidson,1988-03-03,sha256_001935,user1935@example.com,555-762-1870,2023-12-21,A,PREMIER,361,2026-06-29 19:53:29.717929,2026-06-29 19:53:29.717929
1937,Peter,Parker,1989-06-28,sha256_001936,user1936@example.com,555-773-6885,2024-11-14,A,PREMIER,441,2026-06-29 19:53:29.717929,2026-06-29 19:53:29.717929
1938,Kelsey,Wang,1945-01-01,sha256_001937,user1937@example.com,555-488-1510,2011-07-24,I,DIGITAL,222,2026-06-29 19:53:29.717929,2026-06-29 19:53:29.717929
1939,John,Davis,2003-09-21,sha256_001938,user1938@example.com,555-919-7459,2017-01-29,A,SMALL_BIZ,163,2026-06-29 19:53:29.717929,2026-06-29 19:53:29.717929
1940,Matthew,Lee,1969-09-28,sha256_001939,user1939@example.com,555-928-7271,2026-04-01,A,WEALTH,196,2026-06-29 19:53:29.717929,2026-06-29 19:53:29.717929
1941,Nicole,Robles,1986-04-23,sha256_001940,user1940@example.com,555-645-9931,2014-10-12,A,DIGITAL,340,2026-06-29 19:53:29.717929,2026-06-29 19:53:29.717929
1942,Gary,Perry,1997-02-16,sha256_001941,user1941@example.com,555-377-8780,2013-12-29,A,DIGITAL,97,2026-06-29 19:53:29.717929,2026-06-29 19:53:29.717929
1943,Anna,Lopez,1948-09-15,sha256_001942,user1942@example.com,555-768-7301,2016-05-15,A,MASS,431,2026-06-29 19:53:29.717929,2026-06-29 19:53:29.717929
1944,Sheila,Martinez,1955-05-15,sha256_001943,user1943@example.com,555-627-3527,2019-07-28,A,MASS,447,2026-06-29 19:53:29.717929,2026-06-29 19:53:29.717929
1945,Glenn,Morales,1955-10-25,sha256_001944,user1944@example.com,555-886-3056,2016-10-22,A,DIGITAL,6,2026-06-29 19:53:29.717929,2026-06-29 19:53:29.717929
1946,Stephen,Jones,1962-09-05,sha256_001945,user1945@example.com,555-273-1257,2017-04-18,A,DIGITAL,370,2026-06-29 19:53:29.717929,2026-06-29 19:53:29.717929
1947,Miguel,Jones,1996-02-06,sha256_001946,user1946@example.com,555-698-8155,2021-03-09,A,DIGITAL,44,2026-06-29 19:53:29.717929,2026-06-29 19:53:29.717929
1948,Carol,Bird,1956-02-19,sha256_001947,user1947@example.com,555-340-7813,2015-12-28,A,WEALTH,458,2026-06-29 19:53:29.717929,2026-06-29 19:53:29.717929
1949,Veronica,Jefferson,1948-04-24,sha256_001948,user1948@example.com,555-912-7974,2019-06-28,A,STUDENT,93,2026-06-29 19:53:29.717929,2026-06-29 19:53:29.717929
1950,Carol,Jarvis,1952-12-23,sha256_001949,user1949@example.com,555-665-9346,2025-10-18,A,WEALTH,283,2026-06-29 19:53:29.717929,2026-06-29 19:53:29.717929
1951,Teresa,Benson,1988-02-22,sha256_001950,user1950@example.com,555-660-7303,2021-08-08,A,MASS,116,2026-06-29 19:53:29.717929,2026-06-29 19:53:29.717929
1952,Nicole,Stewart,1963-09-27,sha256_001951,user1951@example.com,555-390-7959,2020-12-20,A,STUDENT,4,2026-06-29 19:53:29.717929,2026-06-29 19:53:29.717929
1953,Matthew,Franklin,1998-07-18,sha256_001952,user1952@example.com,555-791-9161,2018-09-07,A,SMALL_BIZ,122,2026-06-29 19:53:29.717929,2026-06-29 19:53:29.717929
1954,Danielle,Hall,1980-09-08,sha256_001953,user1953@example.com,555-929-9220,2017-03-12,A,MASS,211,2026-06-29 19:53:29.717929,2026-06-29 19:53:29.717929
1955,Jesse,Jensen,1980-11-06,sha256_001954,user1954@example.com,555-759-7012,2026-03-27,C,PREMIER,20,2026-06-29 19:53:29.717929,2026-06-29 19:53:29.717929
1956,Joann,Todd,2001-07-29,sha256_001955,user1955@example.com,555-781-8917,2016-02-05,I,SMALL_BIZ,189,2026-06-29 19:53:29.717929,2026-06-29 19:53:29.717929
1957,Nicholas,Phillips,1983-01-06,sha256_001956,user1956@example.com,555-315-8889,2012-05-20,A,SMALL_BIZ,41,2026-06-29 19:53:29.717929,2026-06-29 19:53:29.717929
1958,Benjamin,Mclean,1951-08-27,sha256_001957,user1957@example.com,555-345-9624,2014-07-16,A,MASS,239,2026-06-29 19:53:29.717929,2026-06-29 19:53:29.717929
1959,Jocelyn,Murphy,1981-07-24,sha256_001958,user1958@example.com,555-729-2281,2025-08-08,A,STUDENT,456,2026-06-29 19:53:29.717929,2026-06-29 19:53:29.717929
1960,Kathleen,Meyer,1960-02-16,sha256_001959,user1959@example.com,555-824-2449,2021-02-02,A,DIGITAL,242,2026-06-29 19:53:29.717929,2026-06-29 19:53:29.717929
1961,Keith,Johnson,2006-12-27,sha256_001960,user1960@example.com,555-845-2279,2021-02-27,A,SMALL_BIZ,325,2026-06-29 19:53:29.717929,2026-06-29 19:53:29.717929
1962,John,Ryan,1998-03-27,sha256_001961,user1961@example.com,555-752-6119,2016-06-07,A,STUDENT,28,2026-06-29 19:53:29.717929,2026-06-29 19:53:29.717929
1963,John,Mcdaniel,2002-03-27,sha256_001962,user1962@example.com,555-551-9765,2021-05-30,I,PREMIER,241,2026-06-29 19:53:29.717929,2026-06-29 19:53:29.717929
1964,Patrick,Morris,1989-09-11,sha256_001963,user1963@example.com,555-664-9399,2020-07-24,A,WEALTH,294,2026-06-29 19:53:29.717929,2026-06-29 19:53:29.717929
1965,Molly,Jones,1971-02-17,sha256_001964,user1964@example.com,555-951-6431,2011-07-31,A,WEALTH,181,2026-06-29 19:53:29.717929,2026-06-29 19:53:29.717929
1966,Donald,Harris,1954-05-21,sha256_001965,user1965@example.com,555-501-5738,2020-12-14,A,DIGITAL,19,2026-06-29 19:53:29.717929,2026-06-29 19:53:29.717929
1967,Marie,Frederick,1947-08-22,sha256_001966,user1966@example.com,555-911-5981,2020-05-01,A,SMALL_BIZ,402,2026-06-29 19:53:29.717929,2026-06-29 19:53:29.717929
1968,Jessica,Collins,1957-04-28,sha256_001967,user1967@example.com,555-777-5267,2012-08-27,A,PREMIER,323,2026-06-29 19:53:29.717929,2026-06-29 19:53:29.717929
1969,Gregory,Wright,1989-11-04,sha256_001968,user1968@example.com,555-684-3770,2015-02-22,A,STUDENT,27,2026-06-29 19:53:29.717929,2026-06-29 19:53:29.717929
1970,Cynthia,Nelson,1960-08-10,sha256_001969,user1969@example.com,555-872-5780,2018-03-06,A,SMALL_BIZ,320,2026-06-29 19:53:29.717929,2026-06-29 19:53:29.717929
1971,Teresa,Sanders,1993-11-01,sha256_001970,user1970@example.com,555-227-5699,2012-09-07,A,WEALTH,43,2026-06-29 19:53:29.717929,2026-06-29 19:53:29.717929
1972,William,Moss,1952-09-24,sha256_001971,user1971@example.com,555-329-9283,2018-01-28,I,PREMIER,436,2026-06-29 19:53:29.717929,2026-06-29 19:53:29.717929
1973,Laura,Smith,1992-06-06,sha256_001972,user1972@example.com,555-484-5129,2023-09-20,A,DIGITAL,316,2026-06-29 19:53:29.717929,2026-06-29 19:53:29.717929
1974,Katherine,Dorsey,1967-01-17,sha256_001973,user1973@example.com,555-487-5509,2024-03-25,A,MASS,8,2026-06-29 19:53:29.717929,2026-06-29 19:53:29.717929
1975,Jessica,Scott,1981-05-14,sha256_001974,user1974@example.com,555-959-2827,2013-10-08,A,STUDENT,90,2026-06-29 19:53:29.717929,2026-06-29 19:53:29.717929
1976,Nicholas,Obrien,1972-07-22,sha256_001975,user1975@example.com,555-805-3476,2018-04-04,I,SMALL_BIZ,229,2026-06-29 19:53:29.717929,2026-06-29 19:53:29.717929
1977,Taylor,Moore,1946-04-24,sha256_001976,user1976@example.com,555-578-3873,2013-07-12,A,MASS,401,2026-06-29 19:53:29.717929,2026-06-29 19:53:29.717929
1978,Vincent,Swanson,1954-03-13,sha256_001977,user1977@example.com,555-917-4869,2011-09-06,A,WEALTH,93,2026-06-29 19:53:29.717929,2026-06-29 19:53:29.717929
1979,Shelby,Waller,1974-06-02,sha256_001978,user1978@example.com,555-740-1542,2025-04-20,I,MASS,44,2026-06-29 19:53:29.717929,2026-06-29 19:53:29.717929
1980,Danielle,Chapman,1966-06-29,sha256_001979,user1979@example.com,555-348-3525,2018-10-17,I,WEALTH,386,2026-06-29 19:53:29.717929,2026-06-29 19:53:29.717929
1981,Sandra,Cruz,1968-11-17,sha256_001980,user1980@example.com,555-622-7277,2012-01-26,A,DIGITAL,339,2026-06-29 19:53:29.717929,2026-06-29 19:53:29.717929
1982,Samuel,Scott,1979-05-22,sha256_001981,user1981@example.com,555-650-3740,2014-05-22,A,DIGITAL,296,2026-06-29 19:53:29.717929,2026-06-29 19:53:29.717929
1983,William,Burns,2002-09-01,sha256_001982,user1982@example.com,555-951-6653,2022-04-07,A,PREMIER,329,2026-06-29 19:53:29.717929,2026-06-29 19:53:29.717929
1984,Debra,House,1987-08-15,sha256_001983,user1983@example.com,555-470-2900,2021-11-17,A,PREMIER,86,2026-06-29 19:53:29.717929,2026-06-29 19:53:29.717929
1985,Austin,Li,1990-10-12,sha256_001984,user1984@example.com,555-675-7533,2015-02-08,A,WEALTH,155,2026-06-29 19:53:29.717929,2026-06-29 19:53:29.717929
1986,Heidi,Brewer,1983-10-07,sha256_001985,user1985@example.com,555-687-9724,2021-07-31,A,DIGITAL,195,2026-06-29 19:53:29.717929,2026-06-29 19:53:29.717929
1987,Erin,King,1959-01-01,sha256_001986,user1986@example.com,555-899-7390,2018-04-14,A,WEALTH,135,2026-06-29 19:53:29.717929,2026-06-29 19:53:29.717929
1988,Mckenzie,Smith,1981-11-01,sha256_001987,user1987@example.com,555-348-9690,2025-09-09,A,WEALTH,7,2026-06-29 19:53:29.717929,2026-06-29 19:53:29.717929
1989,Sabrina,Sanders,1993-02-22,sha256_001988,user1988@example.com,555-495-8353,2021-02-07,A,WEALTH,348,2026-06-29 19:53:29.717929,2026-06-29 19:53:29.717929
1990,April,Lopez,1980-10-05,sha256_001989,user1989@example.com,555-523-9687,2024-12-06,A,SMALL_BIZ,490,2026-06-29 19:53:29.717929,2026-06-29 19:53:29.717929
1991,Johnny,Turner,1969-10-29,sha256_001990,user1990@example.com,555-242-2595,2023-11-14,A,STUDENT,327,2026-06-29 19:53:29.717929,2026-06-29 19:53:29.717929
1992,Patrick,Parker,2006-04-29,sha256_001991,user1991@example.com,555-562-8074,2021-04-25,A,STUDENT,471,2026-06-29 19:53:29.717929,2026-06-29 19:53:29.717929
1993,Jessica,Davis,1969-01-25,sha256_001992,user1992@example.com,555-867-5466,2024-07-25,A,MASS,139,2026-06-29 19:53:29.717929,2026-06-29 19:53:29.717929
1994,Maxwell,Thomas,1984-02-11,sha256_001993,user1993@example.com,555-473-2610,2023-01-29,A,MASS,336,2026-06-29 19:53:29.717929,2026-06-29 19:53:29.717929
1995,Raymond,Parker,1991-08-28,sha256_001994,user1994@example.com,555-798-7408,2025-05-13,A,WEALTH,396,2026-06-29 19:53:29.717929,2026-06-29 19:53:29.717929
1996,Aaron,Jones,2007-08-15,sha256_001995,user1995@example.com,555-891-4961,2023-09-02,A,SMALL_BIZ,345,2026-06-29 19:53:29.717929,2026-06-29 19:53:29.717929
1997,Diamond,Quinn,1988-02-22,sha256_001996,user1996@example.com,555-802-4193,2019-04-28,C,STUDENT,173,2026-06-29 19:53:29.717929,2026-06-29 19:53:29.717929
1998,Jane,Gonzalez,1952-12-03,sha256_001997,user1997@example.com,555-893-3947,2017-01-29,A,MASS,281,2026-06-29 19:53:29.717929,2026-06-29 19:53:29.717929
1999,Shannon,Olsen,1953-09-07,sha256_001998,user1998@example.com,555-210-1138,2025-08-22,A,PREMIER,7,2026-06-29 19:53:29.717929,2026-06-29 19:53:29.717929
2000,Ian,Malone,1953-12-05,sha256_001999,user1999@example.com,555-621-2600,2012-05-15,A,STUDENT,54,2026-06-29 19:53:29.717929,2026-06-29 19:53:29.717929
2001,Riley,Sims,1958-11-13,sha256_002000,user2000@example.com,555-901-8306,2024-12-13,A,MASS,113,2026-06-29 19:53:29.717929,2026-06-29 19:53:29.717929
2002,Gabriel,Carter,1983-04-30,sha256_002001,user2001@example.com,555-942-5641,2024-06-11,A,MASS,99,2026-06-29 19:53:29.717929,2026-06-29 19:53:29.717929
2003,Matthew,Richards,1966-10-19,sha256_002002,user2002@example.com,555-234-1388,2015-08-15,I,STUDENT,48,2026-06-29 19:53:29.717929,2026-06-29 19:53:29.717929
2004,Craig,Brown,1973-07-05,sha256_002003,user2003@example.com,555-258-4552,2021-07-12,A,STUDENT,327,2026-06-29 19:53:29.717929,2026-06-29 19:53:29.717929
2005,Brandi,Huerta,1991-11-11,sha256_002004,user2004@example.com,555-324-2965,2011-08-07,A,PREMIER,439,2026-06-29 19:53:29.717929,2026-06-29 19:53:29.717929
2006,Adrian,Morrison,1947-12-24,sha256_002005,user2005@example.com,555-819-3128,2019-04-14,A,WEALTH,337,2026-06-29 19:53:29.717929,2026-06-29 19:53:29.717929
2007,Sarah,Kennedy,2007-08-12,sha256_002006,user2006@example.com,555-982-4027,2022-11-06,A,PREMIER,357,2026-06-29 19:53:29.717929,2026-06-29 19:53:29.717929
2008,Nathan,Wu,1964-01-27,sha256_002007,user2007@example.com,555-388-5150,2017-11-24,A,MASS,240,2026-06-29 19:53:29.717929,2026-06-29 19:53:29.717929
2009,Shelley,Ortega,2008-06-14,sha256_002008,user2008@example.com,555-876-2240,2023-09-05,A,SMALL_BIZ,233,2026-06-29 19:53:29.717929,2026-06-29 19:53:29.717929
2010,Michael,Rivera,1966-11-05,sha256_002009,user2009@example.com,555-483-7995,2012-05-05,A,SMALL_BIZ,463,2026-06-29 19:53:29.717929,2026-06-29 19:53:29.717929
2011,Holly,Hardy,1948-03-15,sha256_002010,user2010@example.com,555-883-6298,2018-04-22,A,MASS,83,2026-06-29 19:53:29.717929,2026-06-29 19:53:29.717929
2012,Carolyn,Melton,2000-12-25,sha256_002011,user2011@example.com,555-999-2212,2013-07-24,A,MASS,398,2026-06-29 19:53:29.717929,2026-06-29 19:53:29.717929
2013,Lisa,Richardson,1960-03-19,sha256_002012,user2012@example.com,555-263-7271,2021-12-03,I,WEALTH,171,2026-06-29 19:53:29.717929,2026-06-29 19:53:29.717929
2014,Thomas,Gutierrez,1982-12-02,sha256_002013,user2013@example.com,555-261-5230,2021-04-27,A,MASS,92,2026-06-29 19:53:29.717929,2026-06-29 19:53:29.717929
2015,Susan,Hess,1954-01-30,sha256_002014,user2014@example.com,555-651-2137,2026-03-15,A,WEALTH,476,2026-06-29 19:53:29.717929,2026-06-29 19:53:29.717929
2016,Brandon,Aguirre,1942-08-09,sha256_002015,user2015@example.com,555-405-7432,2016-11-11,A,DIGITAL,331,2026-06-29 19:53:29.717929,2026-06-29 19:53:29.717929
2017,Catherine,Ross,1963-04-20,sha256_002016,user2016@example.com,555-703-2776,2018-02-13,A,DIGITAL,277,2026-06-29 19:53:29.717929,2026-06-29 19:53:29.717929
2018,Ronnie,Huynh,1982-07-14,sha256_002017,user2017@example.com,555-987-8065,2012-09-14,I,DIGITAL,315,2026-06-29 19:53:29.717929,2026-06-29 19:53:29.717929
2019,Mercedes,Stein,2003-11-09,sha256_002018,user2018@example.com,555-858-2740,2026-03-19,A,WEALTH,367,2026-06-29 19:53:29.717929,2026-06-29 19:53:29.717929
2020,James,Thomas,1990-09-08,sha256_002019,user2019@example.com,555-465-2692,2015-11-16,A,PREMIER,38,2026-06-29 19:53:29.717929,2026-06-29 19:53:29.717929
2021,Melissa,Wagner,1976-05-02,sha256_002020,user2020@example.com,555-272-5105,2020-01-09,C,WEALTH,10,2026-06-29 19:53:29.717929,2026-06-29 19:53:29.717929
2022,Kevin,Nunez,1950-01-21,sha256_002021,user2021@example.com,555-709-3438,2023-05-18,A,SMALL_BIZ,328,2026-06-29 19:53:29.717929,2026-06-29 19:53:29.717929
2023,Gary,Griffin,1978-04-04,sha256_002022,user2022@example.com,555-200-1619,2024-07-16,I,SMALL_BIZ,200,2026-06-29 19:53:29.717929,2026-06-29 19:53:29.717929
2024,John,Lewis,1949-03-29,sha256_002023,user2023@example.com,555-472-3483,2021-05-17,A,SMALL_BIZ,169,2026-06-29 19:53:29.717929,2026-06-29 19:53:29.717929
2025,Christopher,Graham,1991-12-16,sha256_002024,user2024@example.com,555-600-1060,2021-05-01,A,STUDENT,363,2026-06-29 19:53:29.717929,2026-06-29 19:53:29.717929
2026,Sarah,Orr,1989-06-12,sha256_002025,user2025@example.com,555-989-9039,2013-11-18,A,WEALTH,224,2026-06-29 19:53:29.717929,2026-06-29 19:53:29.717929
2027,Jonathan,Alvarez,1992-10-31,sha256_002026,user2026@example.com,555-613-2148,2014-10-11,A,STUDENT,116,2026-06-29 19:53:29.717929,2026-06-29 19:53:29.717929
2028,Derek,Nichols,2001-08-15,sha256_002027,user2027@example.com,555-203-7298,2013-04-29,C,SMALL_BIZ,419,2026-06-29 19:53:29.717929,2026-06-29 19:53:29.717929
2029,Heather,Wiggins,1990-02-03,sha256_002028,user2028@example.com,555-998-8898,2012-11-02,A,PREMIER,291,2026-06-29 19:53:29.717929,2026-06-29 19:53:29.717929
2030,Caroline,Schneider,2003-12-02,sha256_002029,user2029@example.com,555-748-6880,2022-12-03,A,MASS,350,2026-06-29 19:53:29.717929,2026-06-29 19:53:29.717929
2031,Jill,James,1966-10-01,sha256_002030,user2030@example.com,555-510-7563,2022-03-12,A,PREMIER,324,2026-06-29 19:53:29.717929,2026-06-29 19:53:29.717929
2032,Melissa,Stokes,1984-07-05,sha256_002031,user2031@example.com,555-862-2485,2019-11-15,A,MASS,274,2026-06-29 19:53:29.717929,2026-06-29 19:53:29.717929
2033,Christopher,Davis,1956-06-20,sha256_002032,user2032@example.com,555-548-2318,2013-03-20,A,WEALTH,390,2026-06-29 19:53:29.717929,2026-06-29 19:53:29.717929
2034,Julie,Wilson,1991-02-09,sha256_002033,user2033@example.com,555-984-5750,2025-06-21,C,SMALL_BIZ,104,2026-06-29 19:53:29.717929,2026-06-29 19:53:29.717929
2035,Stephanie,Ray,1966-02-16,sha256_002034,user2034@example.com,555-380-1644,2024-03-21,A,WEALTH,339,2026-06-29 19:53:29.717929,2026-06-29 19:53:29.717929
2036,Amanda,Boone,1941-08-09,sha256_002035,user2035@example.com,555-395-5896,2012-05-31,A,SMALL_BIZ,200,2026-06-29 19:53:29.717929,2026-06-29 19:53:29.717929
2037,Michael,Shelton,2007-02-20,sha256_002036,user2036@example.com,555-309-6886,2016-04-04,A,WEALTH,44,2026-06-29 19:53:29.717929,2026-06-29 19:53:29.717929
2038,Carolyn,Walker,1994-11-10,sha256_002037,user2037@example.com,555-847-8175,2019-03-31,A,SMALL_BIZ,98,2026-06-29 19:53:29.717929,2026-06-29 19:53:29.717929
2039,Steven,Thomas,1967-12-23,sha256_002038,user2038@example.com,555-343-1584,2019-07-10,A,DIGITAL,13,2026-06-29 19:53:29.717929,2026-06-29 19:53:29.717929
2040,Vincent,Bryant,2004-08-30,sha256_002039,user2039@example.com,555-937-4907,2023-12-24,A,WEALTH,200,2026-06-29 19:53:29.717929,2026-06-29 19:53:29.717929
2041,Elizabeth,Solis,1981-10-15,sha256_002040,user2040@example.com,555-264-9856,2013-08-31,I,SMALL_BIZ,158,2026-06-29 19:53:29.717929,2026-06-29 19:53:29.717929
2042,Kyle,Mooney,1988-08-03,sha256_002041,user2041@example.com,555-711-9748,2020-06-04,A,WEALTH,495,2026-06-29 19:53:29.717929,2026-06-29 19:53:29.717929
2043,Jasmine,Mendoza,1949-10-06,sha256_002042,user2042@example.com,555-216-1606,2026-05-12,A,MASS,29,2026-06-29 19:53:29.717929,2026-06-29 19:53:29.717929
2044,Janet,Bennett,1997-01-04,sha256_002043,user2043@example.com,555-545-1701,2018-11-16,A,WEALTH,61,2026-06-29 19:53:29.717929,2026-06-29 19:53:29.717929
2045,Maria,Clark,2007-03-24,sha256_002044,user2044@example.com,555-416-9570,2016-06-17,I,WEALTH,482,2026-06-29 19:53:29.717929,2026-06-29 19:53:29.717929
2046,Isabella,Williams,1990-07-30,sha256_002045,user2045@example.com,555-894-9791,2023-07-31,A,DIGITAL,380,2026-06-29 19:53:29.717929,2026-06-29 19:53:29.717929
2047,Tony,Myers,1999-06-22,sha256_002046,user2046@example.com,555-793-4817,2014-02-28,A,PREMIER,19,2026-06-29 19:53:29.717929,2026-06-29 19:53:29.717929
2048,Melinda,Ritter,2007-06-11,sha256_002047,user2047@example.com,555-953-3319,2021-04-29,A,WEALTH,335,2026-06-29 19:53:29.717929,2026-06-29 19:53:29.717929
2049,Erica,Mooney,1978-03-15,sha256_002048,user2048@example.com,555-219-8720,2016-07-10,A,STUDENT,24,2026-06-29 19:53:29.717929,2026-06-29 19:53:29.717929
2050,Allison,Campbell,1992-04-04,sha256_002049,user2049@example.com,555-448-3138,2017-04-28,A,PREMIER,89,2026-06-29 19:53:29.717929,2026-06-29 19:53:29.717929
2051,Melissa,Long,1988-02-24,sha256_002050,user2050@example.com,555-847-1818,2014-05-27,A,MASS,421,2026-06-29 19:53:29.717929,2026-06-29 19:53:29.717929
2052,Betty,Trujillo,1950-04-06,sha256_002051,user2051@example.com,555-299-8474,2022-09-18,A,STUDENT,88,2026-06-29 19:53:29.717929,2026-06-29 19:53:29.717929
2053,Stephen,Martin,1998-06-05,sha256_002052,user2052@example.com,555-805-2047,2022-01-28,A,PREMIER,59,2026-06-29 19:53:29.717929,2026-06-29 19:53:29.717929
2054,Kelly,Thomas,1950-09-16,sha256_002053,user2053@example.com,555-709-4613,2021-11-15,I,PREMIER,412,2026-06-29 19:53:29.717929,2026-06-29 19:53:29.717929
2055,Jill,Smith,1956-02-09,sha256_002054,user2054@example.com,555-407-7983,2022-08-27,I,MASS,416,2026-06-29 19:53:29.717929,2026-06-29 19:53:29.717929
2056,Erika,Hinton,1990-02-16,sha256_002055,user2055@example.com,555-955-7586,2020-01-29,A,MASS,62,2026-06-29 19:53:29.717929,2026-06-29 19:53:29.717929
2057,Ronald,Skinner,1951-05-20,sha256_002056,user2056@example.com,555-900-9943,2025-09-01,A,DIGITAL,165,2026-06-29 19:53:29.717929,2026-06-29 19:53:29.717929
2058,Terri,White,2003-07-13,sha256_002057,user2057@example.com,555-418-1746,2012-12-03,A,STUDENT,89,2026-06-29 19:53:29.717929,2026-06-29 19:53:29.717929
2059,Debra,Watkins,1945-01-03,sha256_002058,user2058@example.com,555-543-2035,2026-02-11,A,PREMIER,141,2026-06-29 19:53:29.717929,2026-06-29 19:53:29.717929
2060,Richard,Johnson,2006-06-18,sha256_002059,user2059@example.com,555-344-7801,2020-11-04,A,DIGITAL,357,2026-06-29 19:53:29.717929,2026-06-29 19:53:29.717929
2061,Hailey,Blevins,1957-08-17,sha256_002060,user2060@example.com,555-578-3703,2018-10-12,A,WEALTH,125,2026-06-29 19:53:29.717929,2026-06-29 19:53:29.717929
2062,Heather,Pope,1985-03-24,sha256_002061,user2061@example.com,555-795-1666,2017-02-02,A,DIGITAL,52,2026-06-29 19:53:29.717929,2026-06-29 19:53:29.717929
2063,Michelle,Santos,1985-08-11,sha256_002062,user2062@example.com,555-847-7162,2023-02-03,A,DIGITAL,9,2026-06-29 19:53:29.717929,2026-06-29 19:53:29.717929
2064,Michael,Wilson,1959-12-06,sha256_002063,user2063@example.com,555-698-2322,2021-03-27,A,PREMIER,4,2026-06-29 19:53:29.717929,2026-06-29 19:53:29.717929
2065,Elizabeth,Hicks,1947-01-11,sha256_002064,user2064@example.com,555-383-2460,2018-10-15,A,SMALL_BIZ,334,2026-06-29 19:53:29.717929,2026-06-29 19:53:29.717929
2066,Ashley,Hill,1943-01-13,sha256_002065,user2065@example.com,555-807-5648,2020-01-15,A,WEALTH,356,2026-06-29 19:53:29.717929,2026-06-29 19:53:29.717929
2067,Herbert,Washington,1991-06-06,sha256_002066,user2066@example.com,555-991-8798,2023-05-05,A,SMALL_BIZ,65,2026-06-29 19:53:29.717929,2026-06-29 19:53:29.717929
2068,Ashley,Garcia,1984-09-04,sha256_002067,user2067@example.com,555-411-3344,2017-12-16,A,SMALL_BIZ,139,2026-06-29 19:53:29.717929,2026-06-29 19:53:29.717929
2069,Laura,Lopez,1945-09-29,sha256_002068,user2068@example.com,555-735-8379,2025-01-18,A,WEALTH,123,2026-06-29 19:53:29.717929,2026-06-29 19:53:29.717929
2070,Angela,Herrera,1995-12-14,sha256_002069,user2069@example.com,555-378-1616,2011-10-14,A,STUDENT,93,2026-06-29 19:53:29.717929,2026-06-29 19:53:29.717929
2071,April,Richards,1995-11-28,sha256_002070,user2070@example.com,555-934-9190,2018-10-12,A,STUDENT,487,2026-06-29 19:53:29.717929,2026-06-29 19:53:29.717929
2072,David,Mullins,1989-04-24,sha256_002071,user2071@example.com,555-290-5934,2023-04-12,A,MASS,215,2026-06-29 19:53:29.717929,2026-06-29 19:53:29.717929
2073,Henry,George,2006-03-11,sha256_002072,user2072@example.com,555-204-4860,2024-11-18,A,DIGITAL,61,2026-06-29 19:53:29.717929,2026-06-29 19:53:29.717929
2074,Lauren,Martinez,1953-07-19,sha256_002073,user2073@example.com,555-742-2567,2019-10-07,I,STUDENT,186,2026-06-29 19:53:29.717929,2026-06-29 19:53:29.717929
2075,Evan,Hart,1950-02-14,sha256_002074,user2074@example.com,555-979-9842,2014-07-26,I,STUDENT,113,2026-06-29 19:53:29.717929,2026-06-29 19:53:29.717929
2076,Tina,Hunter,1998-07-15,sha256_002075,user2075@example.com,555-675-4409,2012-01-05,I,MASS,28,2026-06-29 19:53:29.717929,2026-06-29 19:53:29.717929
2077,Rodney,Landry,1965-11-06,sha256_002076,user2076@example.com,555-398-2846,2019-08-12,A,DIGITAL,351,2026-06-29 19:53:29.717929,2026-06-29 19:53:29.717929
2078,Sophia,Stone,1941-07-01,sha256_002077,user2077@example.com,555-685-9151,2015-12-22,A,DIGITAL,82,2026-06-29 19:53:29.717929,2026-06-29 19:53:29.717929
2079,Sean,Ray,1993-12-08,sha256_002078,user2078@example.com,555-886-1706,2021-04-28,C,PREMIER,331,2026-06-29 19:53:29.717929,2026-06-29 19:53:29.717929
2080,Valerie,Bell,1988-01-23,sha256_002079,user2079@example.com,555-572-5670,2019-04-16,A,DIGITAL,223,2026-06-29 19:53:29.717929,2026-06-29 19:53:29.717929
2081,Corey,Weiss,1977-07-20,sha256_002080,user2080@example.com,555-457-6477,2014-08-15,A,STUDENT,413,2026-06-29 19:53:29.717929,2026-06-29 19:53:29.717929
2082,Kevin,Wall,1957-05-18,sha256_002081,user2081@example.com,555-976-8424,2014-04-18,A,PREMIER,54,2026-06-29 19:53:29.717929,2026-06-29 19:53:29.717929
2083,Jason,Howard,2005-08-21,sha256_002082,user2082@example.com,555-958-1859,2020-06-22,A,STUDENT,91,2026-06-29 19:53:29.717929,2026-06-29 19:53:29.717929
2084,Charles,Scott,1950-02-06,sha256_002083,user2083@example.com,555-361-1476,2020-10-09,I,WEALTH,264,2026-06-29 19:53:29.717929,2026-06-29 19:53:29.717929
2085,Ricardo,Miller,1967-01-26,sha256_002084,user2084@example.com,555-318-2160,2024-12-21,A,DIGITAL,370,2026-06-29 19:53:29.717929,2026-06-29 19:53:29.717929
2086,Heather,Herrera,1958-07-10,sha256_002085,user2085@example.com,555-655-6340,2017-11-01,A,WEALTH,102,2026-06-29 19:53:29.717929,2026-06-29 19:53:29.717929
2087,Wanda,Terry,1946-03-21,sha256_002086,user2086@example.com,555-965-6336,2022-06-03,A,DIGITAL,399,2026-06-29 19:53:29.717929,2026-06-29 19:53:29.717929
2088,Diane,Hoover,1954-05-25,sha256_002087,user2087@example.com,555-312-6343,2017-01-15,A,DIGITAL,51,2026-06-29 19:53:29.717929,2026-06-29 19:53:29.717929
2089,Eric,Riddle,1982-01-08,sha256_002088,user2088@example.com,555-442-7759,2017-10-01,I,DIGITAL,193,2026-06-29 19:53:29.717929,2026-06-29 19:53:29.717929
2090,Cassandra,Jones,1970-07-18,sha256_002089,user2089@example.com,555-425-2204,2011-11-17,A,WEALTH,300,2026-06-29 19:53:29.717929,2026-06-29 19:53:29.717929
2091,Amy,Jones,1949-11-03,sha256_002090,user2090@example.com,555-696-1890,2013-02-17,A,WEALTH,75,2026-06-29 19:53:29.717929,2026-06-29 19:53:29.717929
2092,Matthew,Nelson,1984-05-19,sha256_002091,user2091@example.com,555-421-8454,2016-11-26,C,DIGITAL,199,2026-06-29 19:53:29.717929,2026-06-29 19:53:29.717929
2093,Alejandro,Bennett,1999-09-14,sha256_002092,user2092@example.com,555-582-3234,2014-11-10,A,WEALTH,369,2026-06-29 19:53:29.717929,2026-06-29 19:53:29.717929
2094,Daniel,Frost,2006-05-25,sha256_002093,user2093@example.com,555-398-6875,2017-02-20,A,MASS,104,2026-06-29 19:53:29.717929,2026-06-29 19:53:29.717929
2095,Kristopher,Nicholson,1953-04-07,sha256_002094,user2094@example.com,555-543-3084,2022-05-10,A,PREMIER,355,2026-06-29 19:53:29.717929,2026-06-29 19:53:29.717929
2096,Jackie,Grimes,1974-04-18,sha256_002095,user2095@example.com,555-782-1977,2019-05-20,A,MASS,70,2026-06-29 19:53:29.717929,2026-06-29 19:53:29.717929
2097,Peggy,Jackson,1978-06-11,sha256_002096,user2096@example.com,555-313-8627,2020-07-21,A,WEALTH,215,2026-06-29 19:53:29.717929,2026-06-29 19:53:29.717929
2098,Michael,Figueroa,2004-11-27,sha256_002097,user2097@example.com,555-375-6629,2017-04-20,A,DIGITAL,454,2026-06-29 19:53:29.717929,2026-06-29 19:53:29.717929
2099,Brooke,Atkinson,2006-05-06,sha256_002098,user2098@example.com,555-502-3568,2019-06-04,A,SMALL_BIZ,488,2026-06-29 19:53:29.717929,2026-06-29 19:53:29.717929
2100,Albert,Palmer,1973-06-10,sha256_002099,user2099@example.com,555-826-3784,2013-05-24,A,STUDENT,497,2026-06-29 19:53:29.717929,2026-06-29 19:53:29.717929
2101,Nicholas,Moss,1951-11-29,sha256_002100,user2100@example.com,555-766-4763,2013-05-17,I,PREMIER,211,2026-06-29 19:53:29.717929,2026-06-29 19:53:29.717929
2102,Terri,Zimmerman,1945-01-12,sha256_002101,user2101@example.com,555-734-9015,2022-04-24,A,DIGITAL,303,2026-06-29 19:53:29.717929,2026-06-29 19:53:29.717929
2103,Jasmine,White,1958-03-08,sha256_002102,user2102@example.com,555-684-8581,2020-07-27,A,MASS,8,2026-06-29 19:53:29.717929,2026-06-29 19:53:29.717929
2104,Wayne,Hill,2007-07-27,sha256_002103,user2103@example.com,555-947-8014,2023-05-27,A,SMALL_BIZ,447,2026-06-29 19:53:29.717929,2026-06-29 19:53:29.717929
2105,Nicole,Cervantes,1970-02-24,sha256_002104,user2104@example.com,555-452-5060,2025-07-16,A,MASS,223,2026-06-29 19:53:29.717929,2026-06-29 19:53:29.717929
2106,Stacey,Russell,1961-12-09,sha256_002105,user2105@example.com,555-793-4643,2024-04-15,A,STUDENT,485,2026-06-29 19:53:29.717929,2026-06-29 19:53:29.717929
2107,Christopher,Blair,1962-06-11,sha256_002106,user2106@example.com,555-352-1083,2012-11-01,I,WEALTH,23,2026-06-29 19:53:29.717929,2026-06-29 19:53:29.717929
2108,Brian,Paul,2004-10-17,sha256_002107,user2107@example.com,555-241-8711,2013-12-14,I,SMALL_BIZ,394,2026-06-29 19:53:29.717929,2026-06-29 19:53:29.717929
2109,Nancy,Hayden,1978-08-14,sha256_002108,user2108@example.com,555-716-1550,2018-11-04,A,WEALTH,272,2026-06-29 19:53:29.717929,2026-06-29 19:53:29.717929
2110,Jessica,Castillo,1969-11-24,sha256_002109,user2109@example.com,555-603-8852,2019-01-29,C,SMALL_BIZ,421,2026-06-29 19:53:29.717929,2026-06-29 19:53:29.717929
2111,Pamela,Wolfe,1975-12-30,sha256_002110,user2110@example.com,555-300-8412,2026-05-18,A,WEALTH,124,2026-06-29 19:53:29.717929,2026-06-29 19:53:29.717929
2112,Rhonda,Reese,1968-08-28,sha256_002111,user2111@example.com,555-285-1203,2020-09-07,A,SMALL_BIZ,375,2026-06-29 19:53:29.717929,2026-06-29 19:53:29.717929
2113,Kara,Sanchez,1989-05-04,sha256_002112,user2112@example.com,555-616-4571,2021-12-21,A,DIGITAL,184,2026-06-29 19:53:29.717929,2026-06-29 19:53:29.717929
2114,Madeline,Beard,1991-01-01,sha256_002113,user2113@example.com,555-502-4916,2025-09-04,I,SMALL_BIZ,47,2026-06-29 19:53:29.717929,2026-06-29 19:53:29.717929
2115,Catherine,Oconnell,1976-11-15,sha256_002114,user2114@example.com,555-216-8860,2020-07-30,A,SMALL_BIZ,157,2026-06-29 19:53:29.717929,2026-06-29 19:53:29.717929
2116,Alexandra,Walker,1986-09-07,sha256_002115,user2115@example.com,555-365-8524,2024-08-24,A,STUDENT,383,2026-06-29 19:53:29.717929,2026-06-29 19:53:29.717929
2117,Willie,Farley,1946-07-11,sha256_002116,user2116@example.com,555-797-1399,2024-01-05,A,WEALTH,238,2026-06-29 19:53:29.717929,2026-06-29 19:53:29.717929
2118,Nathaniel,Wilson,1969-10-24,sha256_002117,user2117@example.com,555-990-3271,2017-02-22,A,SMALL_BIZ,208,2026-06-29 19:53:29.717929,2026-06-29 19:53:29.717929
2119,Amber,Miranda,2002-09-24,sha256_002118,user2118@example.com,555-389-7068,2015-03-20,A,SMALL_BIZ,238,2026-06-29 19:53:29.717929,2026-06-29 19:53:29.717929
2120,Kelly,Lewis,1949-05-22,sha256_002119,user2119@example.com,555-920-1022,2015-12-15,I,SMALL_BIZ,37,2026-06-29 19:53:29.717929,2026-06-29 19:53:29.717929
2121,Jeff,Torres,1990-12-09,sha256_002120,user2120@example.com,555-594-6454,2019-12-23,A,STUDENT,17,2026-06-29 19:53:29.717929,2026-06-29 19:53:29.717929
2122,Margaret,Johnson,2004-01-04,sha256_002121,user2121@example.com,555-503-7977,2021-01-30,A,MASS,358,2026-06-29 19:53:29.717929,2026-06-29 19:53:29.717929
2123,Tracy,Kelly,1972-07-07,sha256_002122,user2122@example.com,555-827-9887,2020-09-15,C,STUDENT,407,2026-06-29 19:53:29.717929,2026-06-29 19:53:29.717929
2124,Michael,Smith,1982-09-24,sha256_002123,user2123@example.com,555-412-2326,2016-05-23,A,STUDENT,451,2026-06-29 19:53:29.717929,2026-06-29 19:53:29.717929
2125,Michael,Garcia,2001-02-17,sha256_002124,user2124@example.com,555-543-1898,2014-04-08,C,STUDENT,485,2026-06-29 19:53:29.717929,2026-06-29 19:53:29.717929
2126,Willie,Hernandez,1974-06-16,sha256_002125,user2125@example.com,555-890-6963,2012-10-02,A,PREMIER,57,2026-06-29 19:53:29.717929,2026-06-29 19:53:29.717929
2127,Eric,Douglas,1949-10-15,sha256_002126,user2126@example.com,555-592-6989,2018-10-05,A,WEALTH,317,2026-06-29 19:53:29.717929,2026-06-29 19:53:29.717929
2128,Kevin,Patterson,1956-08-21,sha256_002127,user2127@example.com,555-241-6989,2017-05-22,A,MASS,90,2026-06-29 19:53:29.717929,2026-06-29 19:53:29.717929
2129,Daniel,Gonzales,1953-09-12,sha256_002128,user2128@example.com,555-863-2097,2023-08-07,I,STUDENT,364,2026-06-29 19:53:29.717929,2026-06-29 19:53:29.717929
2130,Michael,Hamilton,1997-09-22,sha256_002129,user2129@example.com,555-992-4354,2013-11-26,A,DIGITAL,172,2026-06-29 19:53:29.717929,2026-06-29 19:53:29.717929
2131,James,Lopez,1965-07-23,sha256_002130,user2130@example.com,555-444-9841,2024-06-23,A,PREMIER,333,2026-06-29 19:53:29.717929,2026-06-29 19:53:29.717929
2132,Julie,Santana,1944-03-10,sha256_002131,user2131@example.com,555-689-4437,2017-05-17,A,SMALL_BIZ,390,2026-06-29 19:53:29.717929,2026-06-29 19:53:29.717929
2133,Timothy,Ortega,1952-03-26,sha256_002132,user2132@example.com,555-430-6250,2014-06-17,A,MASS,460,2026-06-29 19:53:29.717929,2026-06-29 19:53:29.717929
2134,Andrea,Marsh,1959-04-20,sha256_002133,user2133@example.com,555-473-9250,2017-10-09,A,SMALL_BIZ,217,2026-06-29 19:53:29.717929,2026-06-29 19:53:29.717929
2135,Kathy,Macias,1989-05-08,sha256_002134,user2134@example.com,555-483-1892,2016-05-03,A,PREMIER,191,2026-06-29 19:53:29.717929,2026-06-29 19:53:29.717929
2136,Megan,Price,1975-02-11,sha256_002135,user2135@example.com,555-553-8412,2025-04-08,I,WEALTH,257,2026-06-29 19:53:29.717929,2026-06-29 19:53:29.717929
2137,Andrew,Moore,1948-11-04,sha256_002136,user2136@example.com,555-739-3010,2013-02-05,A,WEALTH,364,2026-06-29 19:53:29.717929,2026-06-29 19:53:29.717929
2138,Joel,Gregory,1974-12-28,sha256_002137,user2137@example.com,555-744-9730,2022-12-09,A,MASS,232,2026-06-29 19:53:29.717929,2026-06-29 19:53:29.717929
2139,Joan,Hamilton,1964-05-31,sha256_002138,user2138@example.com,555-835-7031,2026-01-21,A,SMALL_BIZ,485,2026-06-29 19:53:29.717929,2026-06-29 19:53:29.717929
2140,Kathleen,Wright,1960-11-19,sha256_002139,user2139@example.com,555-909-2075,2018-09-27,I,DIGITAL,457,2026-06-29 19:53:29.717929,2026-06-29 19:53:29.717929
2141,John,Wang,1951-09-16,sha256_002140,user2140@example.com,555-668-2430,2019-02-12,A,PREMIER,201,2026-06-29 19:53:29.717929,2026-06-29 19:53:29.717929
2142,John,Hoover,1999-05-23,sha256_002141,user2141@example.com,555-383-5724,2026-04-28,A,PREMIER,56,2026-06-29 19:53:29.717929,2026-06-29 19:53:29.717929
2143,Lisa,Haynes,1954-10-14,sha256_002142,user2142@example.com,555-368-5521,2022-01-11,A,PREMIER,357,2026-06-29 19:53:29.717929,2026-06-29 19:53:29.717929
2144,Victoria,Garza,1975-02-23,sha256_002143,user2143@example.com,555-351-9131,2014-03-12,A,DIGITAL,448,2026-06-29 19:53:29.717929,2026-06-29 19:53:29.717929
2145,David,Johnson,1984-01-01,sha256_002144,user2144@example.com,555-409-9530,2014-11-29,A,SMALL_BIZ,12,2026-06-29 19:53:29.717929,2026-06-29 19:53:29.717929
2146,Ronald,Jensen,2007-11-06,sha256_002145,user2145@example.com,555-500-7824,2025-05-08,I,SMALL_BIZ,278,2026-06-29 19:53:29.717929,2026-06-29 19:53:29.717929
2147,Richard,Torres,1947-08-02,sha256_002146,user2146@example.com,555-335-8764,2012-04-01,A,MASS,216,2026-06-29 19:53:29.717929,2026-06-29 19:53:29.717929
2148,Matthew,Mendoza,1983-12-03,sha256_002147,user2147@example.com,555-654-1351,2014-12-11,A,MASS,97,2026-06-29 19:53:29.717929,2026-06-29 19:53:29.717929
2149,Kevin,Adams,1975-08-26,sha256_002148,user2148@example.com,555-264-1361,2021-02-04,A,DIGITAL,428,2026-06-29 19:53:29.717929,2026-06-29 19:53:29.717929
2150,Robert,Flores,1960-04-15,sha256_002149,user2149@example.com,555-732-6503,2016-09-22,I,WEALTH,297,2026-06-29 19:53:29.717929,2026-06-29 19:53:29.717929
2151,Brett,Garner,1944-09-04,sha256_002150,user2150@example.com,555-551-6346,2012-02-06,A,WEALTH,304,2026-06-29 19:53:29.717929,2026-06-29 19:53:29.717929
2152,Rebekah,Garcia,1955-09-11,sha256_002151,user2151@example.com,555-881-9686,2018-07-14,A,STUDENT,228,2026-06-29 19:53:29.717929,2026-06-29 19:53:29.717929
2153,Michael,Torres,1953-11-16,sha256_002152,user2152@example.com,555-668-5982,2025-08-21,A,STUDENT,68,2026-06-29 19:53:29.717929,2026-06-29 19:53:29.717929
2154,Andrea,Atkins,1947-12-25,sha256_002153,user2153@example.com,555-513-3813,2011-09-11,I,MASS,117,2026-06-29 19:53:29.717929,2026-06-29 19:53:29.717929
2155,Michael,Maxwell,1963-09-07,sha256_002154,user2154@example.com,555-695-7093,2022-07-20,A,MASS,395,2026-06-29 19:53:29.717929,2026-06-29 19:53:29.717929
2156,Debra,Clark,1976-12-03,sha256_002155,user2155@example.com,555-248-3430,2017-01-12,A,MASS,146,2026-06-29 19:53:29.717929,2026-06-29 19:53:29.717929
2157,David,Newton,1967-03-23,sha256_002156,user2156@example.com,555-666-3725,2024-09-22,A,STUDENT,474,2026-06-29 19:53:29.717929,2026-06-29 19:53:29.717929
2158,Rhonda,Pena,1949-07-22,sha256_002157,user2157@example.com,555-364-9770,2020-03-29,A,MASS,94,2026-06-29 19:53:29.717929,2026-06-29 19:53:29.717929
2159,Sara,Jones,1954-04-02,sha256_002158,user2158@example.com,555-379-3514,2022-01-01,A,DIGITAL,122,2026-06-29 19:53:29.717929,2026-06-29 19:53:29.717929
2160,Jessica,Mayo,1978-02-10,sha256_002159,user2159@example.com,555-319-1674,2016-08-09,A,MASS,295,2026-06-29 19:53:29.717929,2026-06-29 19:53:29.717929
2161,Bradley,Lee,1955-01-10,sha256_002160,user2160@example.com,555-329-8223,2022-03-30,A,MASS,190,2026-06-29 19:53:29.717929,2026-06-29 19:53:29.717929
2162,Natalie,Castaneda,1978-05-17,sha256_002161,user2161@example.com,555-388-4361,2015-04-05,A,STUDENT,363,2026-06-29 19:53:29.717929,2026-06-29 19:53:29.717929
2163,Patricia,West,2002-03-31,sha256_002162,user2162@example.com,555-235-6192,2026-01-14,A,MASS,76,2026-06-29 19:53:29.717929,2026-06-29 19:53:29.717929
2164,Carlos,Barnes,1989-07-20,sha256_002163,user2163@example.com,555-581-8347,2025-01-29,I,STUDENT,500,2026-06-29 19:53:29.717929,2026-06-29 19:53:29.717929
2165,Andrew,Greene,2003-11-21,sha256_002164,user2164@example.com,555-366-9743,2019-01-03,A,MASS,63,2026-06-29 19:53:29.717929,2026-06-29 19:53:29.717929
2166,Brandon,Knight,1988-03-03,sha256_002165,user2165@example.com,555-225-7628,2013-05-31,C,WEALTH,394,2026-06-29 19:53:29.717929,2026-06-29 19:53:29.717929
2167,Joy,Sanders,1994-09-18,sha256_002166,user2166@example.com,555-348-8504,2021-11-03,A,MASS,80,2026-06-29 19:53:29.717929,2026-06-29 19:53:29.717929
2168,Teresa,Martin,1987-05-14,sha256_002167,user2167@example.com,555-204-9948,2024-06-22,A,STUDENT,170,2026-06-29 19:53:29.717929,2026-06-29 19:53:29.717929
2169,Kimberly,Morales,1991-10-16,sha256_002168,user2168@example.com,555-862-5842,2017-03-22,A,WEALTH,459,2026-06-29 19:53:29.717929,2026-06-29 19:53:29.717929
2170,Ernest,Robinson,1959-09-06,sha256_002169,user2169@example.com,555-496-3409,2014-03-27,A,STUDENT,374,2026-06-29 19:53:29.717929,2026-06-29 19:53:29.717929
2171,Krystal,Gibson,1988-03-03,sha256_002170,user2170@example.com,555-652-6549,2024-08-09,A,SMALL_BIZ,58,2026-06-29 19:53:29.717929,2026-06-29 19:53:29.717929
2172,Kevin,Robinson,1988-11-28,sha256_002171,user2171@example.com,555-949-8847,2019-04-29,A,PREMIER,72,2026-06-29 19:53:29.717929,2026-06-29 19:53:29.717929
2173,George,Williams,1988-12-10,sha256_002172,user2172@example.com,555-894-2914,2019-09-23,A,MASS,13,2026-06-29 19:53:29.717929,2026-06-29 19:53:29.717929
2174,Eddie,Stephenson,1957-06-14,sha256_002173,user2173@example.com,555-611-4610,2012-01-28,I,WEALTH,183,2026-06-29 19:53:29.717929,2026-06-29 19:53:29.717929
2175,Krystal,Day,2003-08-13,sha256_002174,user2174@example.com,555-294-6347,2015-07-11,A,PREMIER,312,2026-06-29 19:53:29.717929,2026-06-29 19:53:29.717929
2176,Amanda,Smith,1958-03-05,sha256_002175,user2175@example.com,555-856-4197,2023-10-10,I,STUDENT,270,2026-06-29 19:53:29.717929,2026-06-29 19:53:29.717929
2177,Miguel,Miller,1964-10-08,sha256_002176,user2176@example.com,555-427-5553,2020-07-08,A,DIGITAL,12,2026-06-29 19:53:29.717929,2026-06-29 19:53:29.717929
2178,Jennifer,Ortiz,1988-10-03,sha256_002177,user2177@example.com,555-285-9821,2019-09-07,A,WEALTH,347,2026-06-29 19:53:29.717929,2026-06-29 19:53:29.717929
2179,Brian,Cabrera,1982-06-17,sha256_002178,user2178@example.com,555-887-2431,2016-05-01,A,STUDENT,202,2026-06-29 19:53:29.717929,2026-06-29 19:53:29.717929
2180,Tammy,Thompson,1996-09-10,sha256_002179,user2179@example.com,555-399-9035,2014-10-05,A,MASS,309,2026-06-29 19:53:29.717929,2026-06-29 19:53:29.717929
2181,Tiffany,Osborne,2006-08-03,sha256_002180,user2180@example.com,555-819-9381,2019-07-05,A,PREMIER,466,2026-06-29 19:53:29.717929,2026-06-29 19:53:29.717929
2182,Julie,Reyes,1993-10-13,sha256_002181,user2181@example.com,555-882-6915,2013-01-29,A,WEALTH,76,2026-06-29 19:53:29.717929,2026-06-29 19:53:29.717929
2183,Cynthia,Pierce,1985-04-18,sha256_002182,user2182@example.com,555-933-8006,2024-06-20,A,MASS,198,2026-06-29 19:53:29.717929,2026-06-29 19:53:29.717929
2184,Joseph,Perkins,1996-03-21,sha256_002183,user2183@example.com,555-581-1199,2014-10-13,A,MASS,177,2026-06-29 19:53:29.717929,2026-06-29 19:53:29.717929
2185,Eric,Hall,1995-08-11,sha256_002184,user2184@example.com,555-559-6047,2022-09-21,A,WEALTH,448,2026-06-29 19:53:29.717929,2026-06-29 19:53:29.717929
2186,Rachel,Davis,1990-02-24,sha256_002185,user2185@example.com,555-774-2435,2016-12-27,I,DIGITAL,373,2026-06-29 19:53:29.717929,2026-06-29 19:53:29.717929
2187,Michelle,Lopez,1953-08-26,sha256_002186,user2186@example.com,555-654-7809,2014-04-02,I,WEALTH,148,2026-06-29 19:53:29.717929,2026-06-29 19:53:29.717929
2188,Deborah,Smith,1974-05-10,sha256_002187,user2187@example.com,555-367-7944,2022-05-16,A,SMALL_BIZ,459,2026-06-29 19:53:29.717929,2026-06-29 19:53:29.717929
2189,Phillip,Franklin,1952-05-28,sha256_002188,user2188@example.com,555-624-3286,2014-02-21,A,STUDENT,307,2026-06-29 19:53:29.717929,2026-06-29 19:53:29.717929
2190,John,Stout,1946-02-22,sha256_002189,user2189@example.com,555-288-3353,2012-07-25,A,DIGITAL,156,2026-06-29 19:53:29.717929,2026-06-29 19:53:29.717929
2191,Alison,Acosta,2006-07-04,sha256_002190,user2190@example.com,555-686-9606,2012-12-26,A,MASS,34,2026-06-29 19:53:29.717929,2026-06-29 19:53:29.717929
2192,Nicholas,Smith,1995-08-17,sha256_002191,user2191@example.com,555-804-7156,2020-06-28,I,PREMIER,4,2026-06-29 19:53:29.717929,2026-06-29 19:53:29.717929
2193,Deanna,Williams,1996-11-13,sha256_002192,user2192@example.com,555-619-5478,2022-11-18,A,WEALTH,90,2026-06-29 19:53:29.717929,2026-06-29 19:53:29.717929
2194,Douglas,Burton,1958-02-17,sha256_002193,user2193@example.com,555-769-8571,2012-09-26,A,SMALL_BIZ,291,2026-06-29 19:53:29.717929,2026-06-29 19:53:29.717929
2195,Susan,Rodriguez,1942-05-25,sha256_002194,user2194@example.com,555-973-3243,2025-11-27,A,DIGITAL,96,2026-06-29 19:53:29.717929,2026-06-29 19:53:29.717929
2196,Jasmine,Harris,1990-10-23,sha256_002195,user2195@example.com,555-590-5742,2016-07-15,A,STUDENT,252,2026-06-29 19:53:29.717929,2026-06-29 19:53:29.717929
2197,Sean,Martin,1973-09-05,sha256_002196,user2196@example.com,555-243-5947,2019-11-20,A,STUDENT,156,2026-06-29 19:53:29.717929,2026-06-29 19:53:29.717929
2198,Brian,Holt,1963-09-20,sha256_002197,user2197@example.com,555-705-8593,2013-10-17,I,DIGITAL,14,2026-06-29 19:53:29.717929,2026-06-29 19:53:29.717929
2199,Mallory,Garcia,1983-07-14,sha256_002198,user2198@example.com,555-202-3523,2013-04-29,A,MASS,154,2026-06-29 19:53:29.717929,2026-06-29 19:53:29.717929
2200,Mary,Thomas,1961-05-16,sha256_002199,user2199@example.com,555-855-8742,2019-02-14,A,PREMIER,335,2026-06-29 19:53:29.717929,2026-06-29 19:53:29.717929
2201,Ronald,Hernandez,2002-08-09,sha256_002200,user2200@example.com,555-881-5713,2011-11-06,C,WEALTH,92,2026-06-29 19:53:29.717929,2026-06-29 19:53:29.717929
2202,Natasha,Cruz,1985-05-26,sha256_002201,user2201@example.com,555-703-5009,2014-11-10,A,PREMIER,62,2026-06-29 19:53:29.717929,2026-06-29 19:53:29.717929
2203,Daniel,Jackson,2000-09-24,sha256_002202,user2202@example.com,555-983-5541,2023-10-07,A,WEALTH,497,2026-06-29 19:53:29.717929,2026-06-29 19:53:29.717929
2204,Stephanie,Howard,1948-11-14,sha256_002203,user2203@example.com,555-268-6927,2013-01-03,A,STUDENT,247,2026-06-29 19:53:29.717929,2026-06-29 19:53:29.717929
2205,Sandra,Gillespie,1982-09-28,sha256_002204,user2204@example.com,555-779-8144,2013-04-03,A,MASS,322,2026-06-29 19:53:29.717929,2026-06-29 19:53:29.717929
2206,Gregory,Moreno,2001-06-29,sha256_002205,user2205@example.com,555-902-8799,2020-07-04,I,SMALL_BIZ,419,2026-06-29 19:53:29.717929,2026-06-29 19:53:29.717929
2207,Edward,Contreras,1981-08-31,sha256_002206,user2206@example.com,555-322-7114,2021-08-17,A,STUDENT,376,2026-06-29 19:53:29.717929,2026-06-29 19:53:29.717929
2208,Michael,Garcia,1961-09-11,sha256_002207,user2207@example.com,555-789-1287,2023-09-08,I,MASS,84,2026-06-29 19:53:29.717929,2026-06-29 19:53:29.717929
2209,Sarah,Cochran,2002-11-17,sha256_002208,user2208@example.com,555-795-1958,2021-05-12,A,DIGITAL,164,2026-06-29 19:53:29.717929,2026-06-29 19:53:29.717929
2210,Aaron,Fitzpatrick,1989-02-23,sha256_002209,user2209@example.com,555-672-3219,2012-08-18,I,MASS,84,2026-06-29 19:53:29.717929,2026-06-29 19:53:29.717929
2211,Luke,Myers,1951-06-14,sha256_002210,user2210@example.com,555-254-5467,2021-04-10,A,MASS,215,2026-06-29 19:53:29.717929,2026-06-29 19:53:29.717929
2212,Timothy,Jones,1989-10-26,sha256_002211,user2211@example.com,555-851-6832,2023-03-18,A,PREMIER,149,2026-06-29 19:53:29.717929,2026-06-29 19:53:29.717929
2213,Joshua,Davis,1980-03-16,sha256_002212,user2212@example.com,555-498-9677,2025-10-21,A,SMALL_BIZ,480,2026-06-29 19:53:29.717929,2026-06-29 19:53:29.717929
2214,Paul,Flores,2008-02-21,sha256_002213,user2213@example.com,555-278-9419,2014-03-16,C,DIGITAL,393,2026-06-29 19:53:29.717929,2026-06-29 19:53:29.717929
2215,Robert,Leon,1969-11-20,sha256_002214,user2214@example.com,555-843-4002,2021-11-01,A,PREMIER,307,2026-06-29 19:53:29.717929,2026-06-29 19:53:29.717929
2216,Desiree,Sanchez,1963-11-01,sha256_002215,user2215@example.com,555-970-3738,2023-06-16,A,STUDENT,166,2026-06-29 19:53:29.717929,2026-06-29 19:53:29.717929
2217,Amanda,Patel,1969-07-17,sha256_002216,user2216@example.com,555-523-5932,2018-11-27,I,MASS,351,2026-06-29 19:53:29.717929,2026-06-29 19:53:29.717929
2218,Bianca,Fisher,1996-07-10,sha256_002217,user2217@example.com,555-914-6939,2017-03-24,A,PREMIER,274,2026-06-29 19:53:29.717929,2026-06-29 19:53:29.717929
2219,Kaitlin,Warner,1980-03-17,sha256_002218,user2218@example.com,555-793-6761,2021-11-01,I,DIGITAL,7,2026-06-29 19:53:29.717929,2026-06-29 19:53:29.717929
2220,Victoria,Smith,1957-04-01,sha256_002219,user2219@example.com,555-340-9489,2011-07-14,A,MASS,191,2026-06-29 19:53:29.717929,2026-06-29 19:53:29.717929
2221,Samantha,Brown,1978-11-25,sha256_002220,user2220@example.com,555-997-8944,2025-10-11,A,WEALTH,175,2026-06-29 19:53:29.717929,2026-06-29 19:53:29.717929
2222,Michelle,Fuentes,1964-11-23,sha256_002221,user2221@example.com,555-366-2678,2024-02-25,A,DIGITAL,80,2026-06-29 19:53:29.717929,2026-06-29 19:53:29.717929
2223,Melissa,Bonilla,1961-03-27,sha256_002222,user2222@example.com,555-715-4622,2013-08-22,A,DIGITAL,408,2026-06-29 19:53:29.717929,2026-06-29 19:53:29.717929
2224,Maria,Brown,2002-08-28,sha256_002223,user2223@example.com,555-772-9612,2015-02-09,A,STUDENT,365,2026-06-29 19:53:29.717929,2026-06-29 19:53:29.717929
2225,Jane,Bennett,1950-09-22,sha256_002224,user2224@example.com,555-764-2867,2025-11-04,A,WEALTH,236,2026-06-29 19:53:29.717929,2026-06-29 19:53:29.717929
2226,Nathan,Miles,1943-04-04,sha256_002225,user2225@example.com,555-278-2909,2025-11-19,A,DIGITAL,473,2026-06-29 19:53:29.717929,2026-06-29 19:53:29.717929
2227,Mary,Harrell,1985-11-23,sha256_002226,user2226@example.com,555-217-8856,2012-08-03,A,MASS,160,2026-06-29 19:53:29.717929,2026-06-29 19:53:29.717929
2228,Christian,Jones,1943-07-07,sha256_002227,user2227@example.com,555-907-6940,2016-12-09,A,DIGITAL,419,2026-06-29 19:53:29.717929,2026-06-29 19:53:29.717929
2229,Edward,White,1979-08-17,sha256_002228,user2228@example.com,555-652-9570,2023-08-18,A,MASS,89,2026-06-29 19:53:29.717929,2026-06-29 19:53:29.717929
2230,Holly,Evans,1991-04-23,sha256_002229,user2229@example.com,555-926-5991,2022-08-26,A,PREMIER,382,2026-06-29 19:53:29.717929,2026-06-29 19:53:29.717929
2231,Kimberly,Dominguez,1969-01-23,sha256_002230,user2230@example.com,555-321-4643,2016-07-10,A,DIGITAL,439,2026-06-29 19:53:29.717929,2026-06-29 19:53:29.717929
2232,Nicole,Johnson,1960-09-14,sha256_002231,user2231@example.com,555-910-3332,2013-10-25,A,SMALL_BIZ,117,2026-06-29 19:53:29.717929,2026-06-29 19:53:29.717929
2233,Alex,Wall,1991-10-25,sha256_002232,user2232@example.com,555-514-3053,2018-12-31,I,DIGITAL,67,2026-06-29 19:53:29.717929,2026-06-29 19:53:29.717929
2234,Angela,Gallegos,1987-01-16,sha256_002233,user2233@example.com,555-280-7960,2024-07-23,I,SMALL_BIZ,391,2026-06-29 19:53:29.717929,2026-06-29 19:53:29.717929
2235,Jenna,Henderson,2003-01-27,sha256_002234,user2234@example.com,555-314-2273,2018-12-23,A,PREMIER,397,2026-06-29 19:53:29.717929,2026-06-29 19:53:29.717929
2236,Adrienne,Spence,1951-12-31,sha256_002235,user2235@example.com,555-695-8065,2026-01-03,A,PREMIER,101,2026-06-29 19:53:29.717929,2026-06-29 19:53:29.717929
2237,Christine,Robinson,1949-11-16,sha256_002236,user2236@example.com,555-310-1537,2014-08-26,I,SMALL_BIZ,263,2026-06-29 19:53:29.717929,2026-06-29 19:53:29.717929
2238,Anita,Skinner,1953-10-19,sha256_002237,user2237@example.com,555-807-1971,2022-08-14,A,WEALTH,61,2026-06-29 19:53:29.717929,2026-06-29 19:53:29.717929
2239,Lawrence,May,1996-03-14,sha256_002238,user2238@example.com,555-459-1709,2018-06-24,A,PREMIER,155,2026-06-29 19:53:29.717929,2026-06-29 19:53:29.717929
2240,Linda,Lucas,1996-11-30,sha256_002239,user2239@example.com,555-883-1168,2013-12-13,A,PREMIER,401,2026-06-29 19:53:29.717929,2026-06-29 19:53:29.717929
2241,Christian,Morrison,1954-07-16,sha256_002240,user2240@example.com,555-326-4365,2013-02-08,A,STUDENT,462,2026-06-29 19:53:29.717929,2026-06-29 19:53:29.717929
2242,Julian,Weaver,1998-03-19,sha256_002241,user2241@example.com,555-404-4027,2011-11-28,A,SMALL_BIZ,180,2026-06-29 19:53:29.717929,2026-06-29 19:53:29.717929
2243,Katherine,Parker,1945-11-13,sha256_002242,user2242@example.com,555-229-2487,2020-05-25,A,DIGITAL,434,2026-06-29 19:53:29.717929,2026-06-29 19:53:29.717929
2244,Antonio,Adams,1978-06-15,sha256_002243,user2243@example.com,555-964-5544,2021-01-05,C,STUDENT,179,2026-06-29 19:53:29.717929,2026-06-29 19:53:29.717929
2245,Anne,Tyler,2006-12-04,sha256_002244,user2244@example.com,555-560-3630,2019-12-01,I,STUDENT,400,2026-06-29 19:53:29.717929,2026-06-29 19:53:29.717929
2246,Sherry,Smith,1944-07-20,sha256_002245,user2245@example.com,555-946-4962,2016-03-08,A,STUDENT,292,2026-06-29 19:53:29.717929,2026-06-29 19:53:29.717929
2247,Raymond,Lee,1965-05-21,sha256_002246,user2246@example.com,555-269-2623,2015-09-14,A,STUDENT,391,2026-06-29 19:53:29.717929,2026-06-29 19:53:29.717929
2248,Terri,Park,1991-11-12,sha256_002247,user2247@example.com,555-214-9664,2022-04-26,I,DIGITAL,367,2026-06-29 19:53:29.717929,2026-06-29 19:53:29.717929
2249,Judith,Garcia,1948-01-06,sha256_002248,user2248@example.com,555-396-5617,2017-07-26,A,DIGITAL,462,2026-06-29 19:53:29.717929,2026-06-29 19:53:29.717929
2250,Brenda,Reyes,1995-08-05,sha256_002249,user2249@example.com,555-972-9800,2013-09-24,A,PREMIER,499,2026-06-29 19:53:29.717929,2026-06-29 19:53:29.717929
2251,Kelly,Hernandez,1980-10-10,sha256_002250,user2250@example.com,555-942-2616,2024-03-14,A,DIGITAL,472,2026-06-29 19:53:29.717929,2026-06-29 19:53:29.717929
2252,Christopher,Higgins,1972-07-08,sha256_002251,user2251@example.com,555-716-8777,2024-09-11,I,MASS,358,2026-06-29 19:53:29.717929,2026-06-29 19:53:29.717929
2253,Destiny,Mack,2000-09-29,sha256_002252,user2252@example.com,555-803-4033,2023-07-15,A,WEALTH,345,2026-06-29 19:53:29.717929,2026-06-29 19:53:29.717929
2254,Zachary,Chandler,1952-04-12,sha256_002253,user2253@example.com,555-309-3963,2025-11-13,I,MASS,195,2026-06-29 19:53:29.717929,2026-06-29 19:53:29.717929
2255,Matthew,Floyd,1985-02-18,sha256_002254,user2254@example.com,555-634-4510,2025-05-14,I,STUDENT,117,2026-06-29 19:53:29.717929,2026-06-29 19:53:29.717929
2256,Melissa,Jordan,1964-03-16,sha256_002255,user2255@example.com,555-617-2848,2016-11-12,A,MASS,64,2026-06-29 19:53:29.717929,2026-06-29 19:53:29.717929
2257,Paul,Clark,2001-03-01,sha256_002256,user2256@example.com,555-677-2807,2023-01-15,A,STUDENT,70,2026-06-29 19:53:29.717929,2026-06-29 19:53:29.717929
2258,Elijah,Burton,1982-05-21,sha256_002257,user2257@example.com,555-707-6918,2012-08-10,A,SMALL_BIZ,148,2026-06-29 19:53:29.717929,2026-06-29 19:53:29.717929
2259,Douglas,Harrell,1974-10-28,sha256_002258,user2258@example.com,555-770-1665,2023-06-30,A,PREMIER,168,2026-06-29 19:53:29.717929,2026-06-29 19:53:29.717929
2260,Kimberly,Miller,1978-02-23,sha256_002259,user2259@example.com,555-705-2895,2025-12-11,A,WEALTH,146,2026-06-29 19:53:29.717929,2026-06-29 19:53:29.717929
2261,Sarah,Martin,1947-10-19,sha256_002260,user2260@example.com,555-667-6111,2016-03-03,A,SMALL_BIZ,500,2026-06-29 19:53:29.717929,2026-06-29 19:53:29.717929
2262,Christopher,White,1960-04-04,sha256_002261,user2261@example.com,555-654-4700,2016-11-28,A,STUDENT,209,2026-06-29 19:53:29.717929,2026-06-29 19:53:29.717929
2263,Thomas,Scott,1993-03-18,sha256_002262,user2262@example.com,555-497-8011,2015-05-04,I,DIGITAL,439,2026-06-29 19:53:29.717929,2026-06-29 19:53:29.717929
2264,Donald,Martinez,2000-03-23,sha256_002263,user2263@example.com,555-271-8793,2021-03-11,A,SMALL_BIZ,189,2026-06-29 19:53:29.717929,2026-06-29 19:53:29.717929
2265,Michele,Morales,1979-08-06,sha256_002264,user2264@example.com,555-383-1209,2012-01-30,A,SMALL_BIZ,252,2026-06-29 19:53:29.717929,2026-06-29 19:53:29.717929
2266,David,Richardson,1998-11-28,sha256_002265,user2265@example.com,555-888-2723,2025-03-04,A,WEALTH,225,2026-06-29 19:53:29.717929,2026-06-29 19:53:29.717929
2267,Nathaniel,Fleming,1998-02-03,sha256_002266,user2266@example.com,555-735-2392,2025-09-10,A,PREMIER,74,2026-06-29 19:53:29.717929,2026-06-29 19:53:29.717929
2268,Nancy,Fleming,1975-05-22,sha256_002267,user2267@example.com,555-604-7563,2015-05-31,A,SMALL_BIZ,303,2026-06-29 19:53:29.717929,2026-06-29 19:53:29.717929
2269,Joyce,Sanchez,1983-01-27,sha256_002268,user2268@example.com,555-304-3764,2021-02-04,A,PREMIER,187,2026-06-29 19:53:29.717929,2026-06-29 19:53:29.717929
2270,Melissa,Roberts,1996-07-06,sha256_002269,user2269@example.com,555-403-6548,2011-08-11,A,DIGITAL,305,2026-06-29 19:53:29.717929,2026-06-29 19:53:29.717929
2271,Charles,Price,1952-02-03,sha256_002270,user2270@example.com,555-613-3011,2017-06-12,A,DIGITAL,430,2026-06-29 19:53:29.717929,2026-06-29 19:53:29.717929
2272,Steven,Day,1972-06-18,sha256_002271,user2271@example.com,555-634-9177,2012-11-19,A,MASS,392,2026-06-29 19:53:29.717929,2026-06-29 19:53:29.717929
2273,Christopher,Dennis,2001-10-18,sha256_002272,user2272@example.com,555-930-5472,2018-06-04,A,SMALL_BIZ,483,2026-06-29 19:53:29.717929,2026-06-29 19:53:29.717929
2274,Kayla,Gonzalez,2002-12-17,sha256_002273,user2273@example.com,555-609-6834,2025-04-02,A,WEALTH,342,2026-06-29 19:53:29.717929,2026-06-29 19:53:29.717929
2275,Wendy,Tucker,1963-07-08,sha256_002274,user2274@example.com,555-817-7626,2016-03-22,C,WEALTH,262,2026-06-29 19:53:29.717929,2026-06-29 19:53:29.717929
2276,Joshua,Johnson,1988-07-17,sha256_002275,user2275@example.com,555-485-3414,2018-08-05,A,WEALTH,56,2026-06-29 19:53:29.717929,2026-06-29 19:53:29.717929
2277,Danielle,Flores,1951-12-05,sha256_002276,user2276@example.com,555-325-5107,2018-07-02,A,WEALTH,255,2026-06-29 19:53:29.717929,2026-06-29 19:53:29.717929
2278,Omar,Mayer,1943-08-04,sha256_002277,user2277@example.com,555-436-3205,2020-06-16,A,PREMIER,51,2026-06-29 19:53:29.717929,2026-06-29 19:53:29.717929
2279,Thomas,Brown,1965-09-17,sha256_002278,user2278@example.com,555-955-1865,2017-11-27,A,PREMIER,256,2026-06-29 19:53:29.717929,2026-06-29 19:53:29.717929
2280,Gabriela,Nelson,1999-08-25,sha256_002279,user2279@example.com,555-894-1438,2025-09-13,A,DIGITAL,196,2026-06-29 19:53:29.717929,2026-06-29 19:53:29.717929
2281,Chad,Sullivan,1984-01-30,sha256_002280,user2280@example.com,555-819-6356,2012-09-26,A,DIGITAL,156,2026-06-29 19:53:29.717929,2026-06-29 19:53:29.717929
2282,Monica,Warren,1961-06-24,sha256_002281,user2281@example.com,555-836-2578,2022-02-11,A,PREMIER,339,2026-06-29 19:53:29.717929,2026-06-29 19:53:29.717929
2283,Maria,Davis,1986-05-10,sha256_002282,user2282@example.com,555-969-9518,2015-05-12,A,WEALTH,406,2026-06-29 19:53:29.717929,2026-06-29 19:53:29.717929
2284,Karen,Martin,2001-11-25,sha256_002283,user2283@example.com,555-677-4308,2016-08-04,A,MASS,339,2026-06-29 19:53:29.717929,2026-06-29 19:53:29.717929
2285,Thomas,Barker,1964-11-22,sha256_002284,user2284@example.com,555-709-9032,2017-09-28,A,STUDENT,134,2026-06-29 19:53:29.717929,2026-06-29 19:53:29.717929
2286,Michael,Schwartz,1952-04-04,sha256_002285,user2285@example.com,555-755-6629,2021-11-19,A,STUDENT,280,2026-06-29 19:53:29.717929,2026-06-29 19:53:29.717929
2287,Krista,Harper,1967-07-25,sha256_002286,user2286@example.com,555-218-1517,2011-08-22,C,WEALTH,451,2026-06-29 19:53:29.717929,2026-06-29 19:53:29.717929
2288,Christina,Morris,1946-09-15,sha256_002287,user2287@example.com,555-321-7285,2021-06-15,A,WEALTH,162,2026-06-29 19:53:29.717929,2026-06-29 19:53:29.717929
2289,Julia,Doyle,2007-07-30,sha256_002288,user2288@example.com,555-585-8250,2025-07-01,A,WEALTH,19,2026-06-29 19:53:29.717929,2026-06-29 19:53:29.717929
2290,Stephen,Hernandez,1962-09-12,sha256_002289,user2289@example.com,555-233-3897,2013-09-26,A,STUDENT,338,2026-06-29 19:53:29.717929,2026-06-29 19:53:29.717929
2291,Tara,Russell,1999-05-26,sha256_002290,user2290@example.com,555-998-5965,2013-03-09,A,SMALL_BIZ,85,2026-06-29 19:53:29.717929,2026-06-29 19:53:29.717929
2292,Shannon,Wall,1976-05-17,sha256_002291,user2291@example.com,555-703-8056,2011-07-19,A,DIGITAL,160,2026-06-29 19:53:29.717929,2026-06-29 19:53:29.717929
2293,Tara,Davis,1949-11-30,sha256_002292,user2292@example.com,555-932-7374,2018-03-12,A,WEALTH,392,2026-06-29 19:53:29.717929,2026-06-29 19:53:29.717929
2294,Robert,Payne,1956-02-20,sha256_002293,user2293@example.com,555-312-9037,2026-02-04,A,SMALL_BIZ,284,2026-06-29 19:53:29.717929,2026-06-29 19:53:29.717929
2295,Michael,Farley,1952-08-14,sha256_002294,user2294@example.com,555-901-9837,2017-02-14,A,STUDENT,241,2026-06-29 19:53:29.717929,2026-06-29 19:53:29.717929
2296,Alexis,Cervantes,2006-08-06,sha256_002295,user2295@example.com,555-687-3560,2020-02-05,A,STUDENT,29,2026-06-29 19:53:29.717929,2026-06-29 19:53:29.717929
2297,Wayne,Parrish,1942-07-30,sha256_002296,user2296@example.com,555-600-5315,2024-11-12,A,WEALTH,303,2026-06-29 19:53:29.717929,2026-06-29 19:53:29.717929
2298,Stephen,Jenkins,1988-05-05,sha256_002297,user2297@example.com,555-586-6779,2021-03-03,A,MASS,165,2026-06-29 19:53:29.717929,2026-06-29 19:53:29.717929
2299,Alexandra,Hubbard,1965-02-01,sha256_002298,user2298@example.com,555-262-1461,2019-08-01,A,STUDENT,24,2026-06-29 19:53:29.717929,2026-06-29 19:53:29.717929
2300,Ross,Thompson,1949-02-01,sha256_002299,user2299@example.com,555-331-7003,2014-02-11,A,MASS,415,2026-06-29 19:53:29.717929,2026-06-29 19:53:29.717929
2301,Patrick,Bruce,1981-05-07,sha256_002300,user2300@example.com,555-959-1440,2019-08-03,A,SMALL_BIZ,175,2026-06-29 19:53:29.717929,2026-06-29 19:53:29.717929
2302,Justin,Oliver,1987-08-16,sha256_002301,user2301@example.com,555-589-2594,2018-01-06,A,WEALTH,177,2026-06-29 19:53:29.717929,2026-06-29 19:53:29.717929
2303,Wanda,Shaffer,2003-06-22,sha256_002302,user2302@example.com,555-565-7749,2024-04-10,A,MASS,29,2026-06-29 19:53:29.717929,2026-06-29 19:53:29.717929
2304,Christina,Jenkins,1948-06-12,sha256_002303,user2303@example.com,555-877-5001,2021-03-07,A,DIGITAL,121,2026-06-29 19:53:29.717929,2026-06-29 19:53:29.717929
2305,Sara,Garcia,1974-10-01,sha256_002304,user2304@example.com,555-863-6113,2022-09-15,I,STUDENT,44,2026-06-29 19:53:29.717929,2026-06-29 19:53:29.717929
2306,Antonio,Roberts,1971-03-31,sha256_002305,user2305@example.com,555-904-2073,2020-02-29,A,MASS,59,2026-06-29 19:53:29.717929,2026-06-29 19:53:29.717929
2307,Shawn,James,1969-09-03,sha256_002306,user2306@example.com,555-545-3781,2014-10-25,A,PREMIER,276,2026-06-29 19:53:29.717929,2026-06-29 19:53:29.717929
2308,David,Ponce,1954-08-05,sha256_002307,user2307@example.com,555-533-1612,2018-06-30,A,WEALTH,337,2026-06-29 19:53:29.717929,2026-06-29 19:53:29.717929
2309,Lori,Padilla,2002-09-24,sha256_002308,user2308@example.com,555-632-9433,2017-08-26,A,WEALTH,137,2026-06-29 19:53:29.717929,2026-06-29 19:53:29.717929
2310,Nicholas,Walker,1991-02-23,sha256_002309,user2309@example.com,555-220-8695,2011-08-09,A,STUDENT,12,2026-06-29 19:53:29.717929,2026-06-29 19:53:29.717929
2311,Joseph,Roberson,1960-06-29,sha256_002310,user2310@example.com,555-524-7188,2024-08-11,A,STUDENT,200,2026-06-29 19:53:29.717929,2026-06-29 19:53:29.717929
2312,John,Mccullough,1994-10-06,sha256_002311,user2311@example.com,555-530-2601,2017-09-04,I,WEALTH,52,2026-06-29 19:53:29.717929,2026-06-29 19:53:29.717929
2313,Eric,Brooks,1969-04-07,sha256_002312,user2312@example.com,555-907-4373,2011-09-21,A,MASS,255,2026-06-29 19:53:29.717929,2026-06-29 19:53:29.717929
2314,Carol,Rogers,1996-03-17,sha256_002313,user2313@example.com,555-714-6563,2023-09-22,A,DIGITAL,315,2026-06-29 19:53:29.717929,2026-06-29 19:53:29.717929
2315,John,Beltran,2005-10-02,sha256_002314,user2314@example.com,555-506-6952,2026-04-20,C,WEALTH,104,2026-06-29 19:53:29.717929,2026-06-29 19:53:29.717929
2316,Maria,Solis,1954-05-26,sha256_002315,user2315@example.com,555-708-2234,2021-02-07,A,STUDENT,110,2026-06-29 19:53:29.717929,2026-06-29 19:53:29.717929
2317,Daisy,Madden,1980-03-16,sha256_002316,user2316@example.com,555-494-5344,2013-05-31,A,PREMIER,153,2026-06-29 19:53:29.717929,2026-06-29 19:53:29.717929
2318,Zachary,Kim,1953-02-17,sha256_002317,user2317@example.com,555-787-7586,2024-12-23,A,DIGITAL,320,2026-06-29 19:53:29.717929,2026-06-29 19:53:29.717929
2319,William,Welch,1948-02-29,sha256_002318,user2318@example.com,555-960-2506,2023-06-11,A,SMALL_BIZ,433,2026-06-29 19:53:29.717929,2026-06-29 19:53:29.717929
2320,Courtney,Green,1994-01-14,sha256_002319,user2319@example.com,555-792-2552,2024-01-25,A,STUDENT,173,2026-06-29 19:53:29.717929,2026-06-29 19:53:29.717929
2321,James,Davis,1978-07-15,sha256_002320,user2320@example.com,555-479-2102,2025-08-23,I,STUDENT,411,2026-06-29 19:53:29.717929,2026-06-29 19:53:29.717929
2322,Brittney,Johnson,1970-10-19,sha256_002321,user2321@example.com,555-743-8786,2020-11-14,A,WEALTH,108,2026-06-29 19:53:29.717929,2026-06-29 19:53:29.717929
2323,Christian,Reyes,1988-11-24,sha256_002322,user2322@example.com,555-555-2256,2025-03-23,A,SMALL_BIZ,422,2026-06-29 19:53:29.717929,2026-06-29 19:53:29.717929
2324,Shawn,Welch,1991-03-24,sha256_002323,user2323@example.com,555-509-9268,2013-06-09,A,MASS,222,2026-06-29 19:53:29.717929,2026-06-29 19:53:29.717929
2325,Rachael,Phillips,1965-06-26,sha256_002324,user2324@example.com,555-879-9846,2015-01-25,I,MASS,103,2026-06-29 19:53:29.717929,2026-06-29 19:53:29.717929
2326,Kimberly,Hartman,1977-05-13,sha256_002325,user2325@example.com,555-624-7591,2015-02-24,C,MASS,320,2026-06-29 19:53:29.717929,2026-06-29 19:53:29.717929
2327,Joshua,Donovan,1993-02-08,sha256_002326,user2326@example.com,555-727-8425,2021-04-29,I,SMALL_BIZ,391,2026-06-29 19:53:29.717929,2026-06-29 19:53:29.717929
2328,Beth,Garcia,1983-07-13,sha256_002327,user2327@example.com,555-760-3958,2021-01-05,A,PREMIER,322,2026-06-29 19:53:29.717929,2026-06-29 19:53:29.717929
2329,Daniel,Campbell,1972-04-02,sha256_002328,user2328@example.com,555-920-9457,2020-05-19,A,DIGITAL,296,2026-06-29 19:53:29.717929,2026-06-29 19:53:29.717929
2330,Troy,Ward,2001-06-05,sha256_002329,user2329@example.com,555-711-4489,2012-11-15,A,SMALL_BIZ,493,2026-06-29 19:53:29.717929,2026-06-29 19:53:29.717929
2331,Travis,Johnson,1997-08-28,sha256_002330,user2330@example.com,555-960-8656,2017-04-27,A,MASS,480,2026-06-29 19:53:29.717929,2026-06-29 19:53:29.717929
2332,Charles,Mcdaniel,1946-06-03,sha256_002331,user2331@example.com,555-853-9728,2025-10-19,A,STUDENT,437,2026-06-29 19:53:29.717929,2026-06-29 19:53:29.717929
2333,Rebekah,Stokes,1966-08-19,sha256_002332,user2332@example.com,555-987-8106,2016-03-02,A,STUDENT,373,2026-06-29 19:53:29.717929,2026-06-29 19:53:29.717929
2334,Guy,Bradley,1953-07-16,sha256_002333,user2333@example.com,555-841-1981,2011-08-23,A,STUDENT,103,2026-06-29 19:53:29.717929,2026-06-29 19:53:29.717929
2335,Theresa,Chaney,1982-02-19,sha256_002334,user2334@example.com,555-573-8577,2011-12-17,A,DIGITAL,124,2026-06-29 19:53:29.717929,2026-06-29 19:53:29.717929
2336,Amy,Moore,1973-11-29,sha256_002335,user2335@example.com,555-354-5919,2020-08-25,A,WEALTH,211,2026-06-29 19:53:29.717929,2026-06-29 19:53:29.717929
2337,James,Johnson,1991-03-09,sha256_002336,user2336@example.com,555-526-2055,2025-04-24,A,SMALL_BIZ,105,2026-06-29 19:53:29.717929,2026-06-29 19:53:29.717929
2338,Edwin,Camacho,1943-01-13,sha256_002337,user2337@example.com,555-622-5373,2019-02-15,A,MASS,331,2026-06-29 19:53:29.717929,2026-06-29 19:53:29.717929
2339,Mark,Robinson,1949-03-07,sha256_002338,user2338@example.com,555-364-5201,2014-09-23,A,SMALL_BIZ,308,2026-06-29 19:53:29.717929,2026-06-29 19:53:29.717929
2340,Joseph,Olson,1990-04-01,sha256_002339,user2339@example.com,555-441-7649,2025-07-06,A,DIGITAL,59,2026-06-29 19:53:29.717929,2026-06-29 19:53:29.717929
2341,Andrea,Phillips,2005-05-10,sha256_002340,user2340@example.com,555-353-4144,2016-09-09,A,PREMIER,126,2026-06-29 19:53:29.717929,2026-06-29 19:53:29.717929
2342,William,Ross,1991-06-02,sha256_002341,user2341@example.com,555-517-8604,2018-11-20,A,WEALTH,287,2026-06-29 19:53:29.717929,2026-06-29 19:53:29.717929
2343,Gloria,Clay,1954-06-05,sha256_002342,user2342@example.com,555-646-7914,2014-01-26,A,SMALL_BIZ,464,2026-06-29 19:53:29.717929,2026-06-29 19:53:29.717929
2344,Brandy,Miranda,1960-04-28,sha256_002343,user2343@example.com,555-237-4309,2017-05-08,A,DIGITAL,140,2026-06-29 19:53:29.717929,2026-06-29 19:53:29.717929
2345,Stephanie,Freeman,1962-05-14,sha256_002344,user2344@example.com,555-339-1477,2023-05-04,I,MASS,405,2026-06-29 19:53:29.717929,2026-06-29 19:53:29.717929
2346,Julie,Cabrera,2000-08-22,sha256_002345,user2345@example.com,555-484-3883,2017-10-23,A,SMALL_BIZ,437,2026-06-29 19:53:29.717929,2026-06-29 19:53:29.717929
2347,Ruben,Bradley,1983-03-24,sha256_002346,user2346@example.com,555-243-8960,2020-07-20,A,PREMIER,29,2026-06-29 19:53:29.717929,2026-06-29 19:53:29.717929
2348,Caleb,Jackson,1966-07-19,sha256_002347,user2347@example.com,555-285-6143,2020-12-05,A,STUDENT,153,2026-06-29 19:53:29.717929,2026-06-29 19:53:29.717929
2349,Brenda,Carter,1943-10-03,sha256_002348,user2348@example.com,555-265-7668,2019-02-13,A,MASS,344,2026-06-29 19:53:29.717929,2026-06-29 19:53:29.717929
2350,Tammy,Bell,1996-11-16,sha256_002349,user2349@example.com,555-873-2479,2021-02-11,A,WEALTH,483,2026-06-29 19:53:29.717929,2026-06-29 19:53:29.717929
2351,Marcus,Gibbs,1943-07-01,sha256_002350,user2350@example.com,555-941-3302,2014-03-05,A,DIGITAL,58,2026-06-29 19:53:29.717929,2026-06-29 19:53:29.717929
2352,Diane,Watson,1965-06-17,sha256_002351,user2351@example.com,555-784-9196,2012-07-28,I,PREMIER,268,2026-06-29 19:53:29.717929,2026-06-29 19:53:29.717929
2353,Lucas,Smith,1993-09-19,sha256_002352,user2352@example.com,555-880-9605,2013-04-25,A,MASS,255,2026-06-29 19:53:29.717929,2026-06-29 19:53:29.717929
2354,Laura,Roach,1963-07-11,sha256_002353,user2353@example.com,555-292-4900,2018-06-07,I,STUDENT,63,2026-06-29 19:53:29.717929,2026-06-29 19:53:29.717929
2355,Carolyn,Rose,1979-02-13,sha256_002354,user2354@example.com,555-991-6134,2017-03-30,A,MASS,427,2026-06-29 19:53:29.717929,2026-06-29 19:53:29.717929
2356,Cathy,Ware,1948-05-21,sha256_002355,user2355@example.com,555-798-7388,2015-08-22,A,SMALL_BIZ,381,2026-06-29 19:53:29.717929,2026-06-29 19:53:29.717929
2357,Patricia,Fisher,1999-02-07,sha256_002356,user2356@example.com,555-441-7928,2012-08-09,I,DIGITAL,74,2026-06-29 19:53:29.717929,2026-06-29 19:53:29.717929
2358,Luke,Gonzalez,1992-02-26,sha256_002357,user2357@example.com,555-309-3869,2016-03-25,A,DIGITAL,497,2026-06-29 19:53:29.717929,2026-06-29 19:53:29.717929
2359,Veronica,Fisher,1995-04-10,sha256_002358,user2358@example.com,555-481-8200,2018-12-06,A,WEALTH,131,2026-06-29 19:53:29.717929,2026-06-29 19:53:29.717929
2360,Mark,Reyes,1949-10-21,sha256_002359,user2359@example.com,555-803-1916,2014-01-16,A,WEALTH,274,2026-06-29 19:53:29.717929,2026-06-29 19:53:29.717929
2361,Dawn,Chase,1980-02-10,sha256_002360,user2360@example.com,555-583-2850,2015-09-29,A,MASS,280,2026-06-29 19:53:29.717929,2026-06-29 19:53:29.717929
2362,Justin,Skinner,2007-09-07,sha256_002361,user2361@example.com,555-633-8780,2025-02-02,A,SMALL_BIZ,127,2026-06-29 19:53:29.717929,2026-06-29 19:53:29.717929
2363,Samantha,Williams,1968-06-24,sha256_002362,user2362@example.com,555-484-3374,2024-11-08,A,MASS,244,2026-06-29 19:53:29.717929,2026-06-29 19:53:29.717929
2364,Cody,Lang,1984-09-09,sha256_002363,user2363@example.com,555-932-7025,2012-07-11,A,MASS,11,2026-06-29 19:53:29.717929,2026-06-29 19:53:29.717929
2365,Karen,Ross,1989-12-12,sha256_002364,user2364@example.com,555-860-1570,2015-08-03,A,SMALL_BIZ,340,2026-06-29 19:53:29.717929,2026-06-29 19:53:29.717929
2366,Cheryl,Long,1978-10-09,sha256_002365,user2365@example.com,555-255-4926,2016-02-29,A,MASS,283,2026-06-29 19:53:29.717929,2026-06-29 19:53:29.717929
2367,Melinda,Coffey,1988-02-25,sha256_002366,user2366@example.com,555-593-6067,2018-04-10,A,SMALL_BIZ,491,2026-06-29 19:53:29.717929,2026-06-29 19:53:29.717929
2368,Christine,Johnson,1949-08-17,sha256_002367,user2367@example.com,555-917-6945,2017-01-25,A,SMALL_BIZ,63,2026-06-29 19:53:29.717929,2026-06-29 19:53:29.717929
2369,Daniel,Morris,1944-09-11,sha256_002368,user2368@example.com,555-747-4872,2011-08-24,A,WEALTH,199,2026-06-29 19:53:29.717929,2026-06-29 19:53:29.717929
2370,George,Lee,1987-07-24,sha256_002369,user2369@example.com,555-208-7438,2017-12-28,A,MASS,155,2026-06-29 19:53:29.717929,2026-06-29 19:53:29.717929
2371,Rebecca,Mayo,2001-12-10,sha256_002370,user2370@example.com,555-292-4857,2016-12-29,A,MASS,108,2026-06-29 19:53:29.717929,2026-06-29 19:53:29.717929
2372,Jordan,Glover,2004-01-28,sha256_002371,user2371@example.com,555-364-8190,2024-06-09,I,SMALL_BIZ,163,2026-06-29 19:53:29.717929,2026-06-29 19:53:29.717929
2373,Charles,Murphy,1948-11-30,sha256_002372,user2372@example.com,555-985-7656,2025-08-14,A,PREMIER,141,2026-06-29 19:53:29.717929,2026-06-29 19:53:29.717929
2374,Joseph,Jackson,1982-07-18,sha256_002373,user2373@example.com,555-282-9055,2023-08-12,A,WEALTH,378,2026-06-29 19:53:29.717929,2026-06-29 19:53:29.717929
2375,David,Atkins,1950-09-21,sha256_002374,user2374@example.com,555-622-6451,2018-05-13,A,SMALL_BIZ,217,2026-06-29 19:53:29.717929,2026-06-29 19:53:29.717929
2376,Tammy,Gutierrez,1991-12-11,sha256_002375,user2375@example.com,555-302-3627,2024-09-25,A,SMALL_BIZ,134,2026-06-29 19:53:29.717929,2026-06-29 19:53:29.717929
2377,Allison,Lane,1971-06-05,sha256_002376,user2376@example.com,555-718-2087,2013-04-25,A,MASS,216,2026-06-29 19:53:29.717929,2026-06-29 19:53:29.717929
2378,Marc,Simon,1985-10-17,sha256_002377,user2377@example.com,555-816-9973,2026-01-21,A,SMALL_BIZ,168,2026-06-29 19:53:29.717929,2026-06-29 19:53:29.717929
2379,Kenneth,Miller,1956-08-15,sha256_002378,user2378@example.com,555-664-1448,2015-06-05,A,PREMIER,329,2026-06-29 19:53:29.717929,2026-06-29 19:53:29.717929
2380,Donna,Moss,1978-11-29,sha256_002379,user2379@example.com,555-856-4010,2024-07-06,A,SMALL_BIZ,228,2026-06-29 19:53:29.717929,2026-06-29 19:53:29.717929
2381,Teresa,Brown,1955-04-15,sha256_002380,user2380@example.com,555-856-3229,2012-08-27,I,PREMIER,206,2026-06-29 19:53:29.717929,2026-06-29 19:53:29.717929
2382,Lori,Lopez,1942-05-16,sha256_002381,user2381@example.com,555-404-6006,2014-09-18,I,MASS,295,2026-06-29 19:53:29.717929,2026-06-29 19:53:29.717929
2383,Brittany,Rose,1948-06-30,sha256_002382,user2382@example.com,555-284-2815,2014-08-08,I,DIGITAL,128,2026-06-29 19:53:29.717929,2026-06-29 19:53:29.717929
2384,Larry,Gibson,1999-01-03,sha256_002383,user2383@example.com,555-728-3131,2022-11-01,A,STUDENT,352,2026-06-29 19:53:29.717929,2026-06-29 19:53:29.717929
2385,Robin,Robinson,1951-10-23,sha256_002384,user2384@example.com,555-620-6233,2019-01-07,A,WEALTH,245,2026-06-29 19:53:29.717929,2026-06-29 19:53:29.717929
2386,Miranda,Palmer,1965-11-08,sha256_002385,user2385@example.com,555-952-3187,2026-01-14,A,MASS,89,2026-06-29 19:53:29.717929,2026-06-29 19:53:29.717929
2387,Joshua,Martin,1993-10-01,sha256_002386,user2386@example.com,555-903-6367,2014-04-18,A,MASS,102,2026-06-29 19:53:29.717929,2026-06-29 19:53:29.717929
2388,Deborah,Thomas,1962-01-26,sha256_002387,user2387@example.com,555-286-7791,2024-06-19,A,MASS,94,2026-06-29 19:53:29.717929,2026-06-29 19:53:29.717929
2389,John,Shannon,2000-03-12,sha256_002388,user2388@example.com,555-602-7182,2022-08-09,A,STUDENT,115,2026-06-29 19:53:29.717929,2026-06-29 19:53:29.717929
2390,Dorothy,Chavez,1954-01-08,sha256_002389,user2389@example.com,555-221-1376,2011-12-01,A,STUDENT,332,2026-06-29 19:53:29.717929,2026-06-29 19:53:29.717929
2391,Christopher,Reynolds,1959-04-14,sha256_002390,user2390@example.com,555-826-4747,2025-04-26,A,PREMIER,499,2026-06-29 19:53:29.717929,2026-06-29 19:53:29.717929
2392,William,Brown,1951-08-01,sha256_002391,user2391@example.com,555-673-4248,2018-12-25,A,MASS,360,2026-06-29 19:53:29.717929,2026-06-29 19:53:29.717929
2393,Deborah,Dennis,1959-10-03,sha256_002392,user2392@example.com,555-372-1815,2012-12-12,A,WEALTH,317,2026-06-29 19:53:29.717929,2026-06-29 19:53:29.717929
2394,Richard,Wheeler,1969-10-21,sha256_002393,user2393@example.com,555-639-5262,2015-11-17,A,DIGITAL,46,2026-06-29 19:53:29.717929,2026-06-29 19:53:29.717929
2395,Ryan,Maldonado,1976-12-20,sha256_002394,user2394@example.com,555-576-3787,2018-11-08,I,STUDENT,61,2026-06-29 19:53:29.717929,2026-06-29 19:53:29.717929
2396,Jeffrey,Brown,1984-10-17,sha256_002395,user2395@example.com,555-214-9615,2025-10-18,A,WEALTH,396,2026-06-29 19:53:29.717929,2026-06-29 19:53:29.717929
2397,Cameron,Garcia,1943-11-19,sha256_002396,user2396@example.com,555-664-9096,2015-06-18,A,PREMIER,115,2026-06-29 19:53:29.717929,2026-06-29 19:53:29.717929
2398,Jennifer,Myers,1956-08-30,sha256_002397,user2397@example.com,555-930-4328,2020-09-28,A,DIGITAL,485,2026-06-29 19:53:29.717929,2026-06-29 19:53:29.717929
2399,Natasha,Adams,1948-04-12,sha256_002398,user2398@example.com,555-472-5717,2022-06-10,A,SMALL_BIZ,254,2026-06-29 19:53:29.717929,2026-06-29 19:53:29.717929
2400,Michael,Roberts,1955-04-10,sha256_002399,user2399@example.com,555-591-3133,2023-03-19,A,WEALTH,439,2026-06-29 19:53:29.717929,2026-06-29 19:53:29.717929
2401,Clinton,Gordon,1981-06-11,sha256_002400,user2400@example.com,555-411-4531,2022-06-09,A,MASS,373,2026-06-29 19:53:29.717929,2026-06-29 19:53:29.717929
2402,Kevin,Knox,1988-06-03,sha256_002401,user2401@example.com,555-893-4102,2018-08-08,A,WEALTH,93,2026-06-29 19:53:29.717929,2026-06-29 19:53:29.717929
2403,Chad,Lopez,1957-06-24,sha256_002402,user2402@example.com,555-618-3391,2016-03-11,A,PREMIER,149,2026-06-29 19:53:29.717929,2026-06-29 19:53:29.717929
2404,Alexander,Wells,2001-10-12,sha256_002403,user2403@example.com,555-468-4858,2013-08-09,A,STUDENT,231,2026-06-29 19:53:29.717929,2026-06-29 19:53:29.717929
2405,Joseph,Jones,1963-11-15,sha256_002404,user2404@example.com,555-454-7056,2014-02-20,A,STUDENT,351,2026-06-29 19:53:29.717929,2026-06-29 19:53:29.717929
2406,Brooke,Montes,1986-12-30,sha256_002405,user2405@example.com,555-862-8506,2024-03-20,A,PREMIER,6,2026-06-29 19:53:29.717929,2026-06-29 19:53:29.717929
2407,John,Rodriguez,1980-07-24,sha256_002406,user2406@example.com,555-680-3182,2018-10-10,A,MASS,499,2026-06-29 19:53:29.717929,2026-06-29 19:53:29.717929
2408,Veronica,Conley,1996-05-10,sha256_002407,user2407@example.com,555-909-7513,2019-12-15,A,SMALL_BIZ,109,2026-06-29 19:53:29.717929,2026-06-29 19:53:29.717929
2409,Dwayne,Davis,1976-09-06,sha256_002408,user2408@example.com,555-930-7283,2013-12-26,C,SMALL_BIZ,217,2026-06-29 19:53:29.717929,2026-06-29 19:53:29.717929
2410,Shaun,Navarro,1961-11-24,sha256_002409,user2409@example.com,555-953-5198,2022-06-22,A,PREMIER,49,2026-06-29 19:53:29.717929,2026-06-29 19:53:29.717929
2411,Tom,Diaz,2007-10-22,sha256_002410,user2410@example.com,555-770-1962,2015-05-01,A,PREMIER,171,2026-06-29 19:53:29.717929,2026-06-29 19:53:29.717929
2412,Jennifer,Vance,1942-05-26,sha256_002411,user2411@example.com,555-440-8715,2016-10-01,A,MASS,311,2026-06-29 19:53:29.717929,2026-06-29 19:53:29.717929
2413,Rachel,Larson,1993-05-20,sha256_002412,user2412@example.com,555-886-1745,2024-04-10,A,PREMIER,130,2026-06-29 19:53:29.717929,2026-06-29 19:53:29.717929
2414,Jessica,Smith,1949-01-17,sha256_002413,user2413@example.com,555-716-7241,2021-09-20,A,MASS,203,2026-06-29 19:53:29.717929,2026-06-29 19:53:29.717929
2415,Donna,Thomas,2007-01-22,sha256_002414,user2414@example.com,555-887-7076,2024-04-06,A,DIGITAL,496,2026-06-29 19:53:29.717929,2026-06-29 19:53:29.717929
2416,Joyce,Mcpherson,1974-11-05,sha256_002415,user2415@example.com,555-772-1673,2015-02-19,C,STUDENT,92,2026-06-29 19:53:29.717929,2026-06-29 19:53:29.717929
2417,James,Blevins,1965-07-28,sha256_002416,user2416@example.com,555-466-3783,2022-08-06,A,STUDENT,253,2026-06-29 19:53:29.717929,2026-06-29 19:53:29.717929
2418,Natalie,Shelton,1984-04-14,sha256_002417,user2417@example.com,555-547-8669,2025-11-22,A,DIGITAL,46,2026-06-29 19:53:29.717929,2026-06-29 19:53:29.717929
2419,Susan,Rose,2001-09-26,sha256_002418,user2418@example.com,555-524-9690,2018-03-12,A,WEALTH,73,2026-06-29 19:53:29.717929,2026-06-29 19:53:29.717929
2420,Pamela,Myers,1959-04-08,sha256_002419,user2419@example.com,555-466-2914,2021-08-15,A,MASS,23,2026-06-29 19:53:29.717929,2026-06-29 19:53:29.717929
2421,Kyle,Williams,1969-06-13,sha256_002420,user2420@example.com,555-330-9179,2026-04-26,A,MASS,383,2026-06-29 19:53:29.717929,2026-06-29 19:53:29.717929
2422,Cheryl,Hamilton,1976-05-02,sha256_002421,user2421@example.com,555-569-8046,2016-08-11,A,MASS,463,2026-06-29 19:53:29.717929,2026-06-29 19:53:29.717929
2423,Laura,Roberts,1971-12-23,sha256_002422,user2422@example.com,555-469-5321,2025-12-07,A,STUDENT,161,2026-06-29 19:53:29.717929,2026-06-29 19:53:29.717929
2424,Gina,Owens,2006-06-11,sha256_002423,user2423@example.com,555-646-3703,2018-12-07,A,MASS,378,2026-06-29 19:53:29.717929,2026-06-29 19:53:29.717929
2425,Cindy,Beck,1951-07-23,sha256_002424,user2424@example.com,555-703-3478,2025-11-29,A,STUDENT,437,2026-06-29 19:53:29.717929,2026-06-29 19:53:29.717929
2426,Lauren,Smith,1961-11-01,sha256_002425,user2425@example.com,555-873-8208,2015-10-16,I,PREMIER,97,2026-06-29 19:53:29.717929,2026-06-29 19:53:29.717929
2427,Brittany,Brown,1944-03-27,sha256_002426,user2426@example.com,555-352-1894,2015-09-18,A,DIGITAL,94,2026-06-29 19:53:29.717929,2026-06-29 19:53:29.717929
2428,Donna,Smith,1961-12-24,sha256_002427,user2427@example.com,555-236-8704,2017-11-28,C,MASS,84,2026-06-29 19:53:29.717929,2026-06-29 19:53:29.717929
2429,Justin,Trevino,1958-05-03,sha256_002428,user2428@example.com,555-922-8653,2016-09-18,A,WEALTH,60,2026-06-29 19:53:29.717929,2026-06-29 19:53:29.717929
2430,Eric,Miller,1986-01-25,sha256_002429,user2429@example.com,555-706-1668,2022-12-17,I,WEALTH,183,2026-06-29 19:53:29.717929,2026-06-29 19:53:29.717929
2431,James,Richards,1959-08-17,sha256_002430,user2430@example.com,555-926-8949,2026-05-07,A,WEALTH,253,2026-06-29 19:53:29.717929,2026-06-29 19:53:29.717929
2432,Thomas,Gomez,1946-11-25,sha256_002431,user2431@example.com,555-315-3425,2014-10-03,I,PREMIER,179,2026-06-29 19:53:29.717929,2026-06-29 19:53:29.717929
2433,Roberto,Rasmussen,1995-11-16,sha256_002432,user2432@example.com,555-295-4337,2020-12-29,C,MASS,93,2026-06-29 19:53:29.717929,2026-06-29 19:53:29.717929
2434,Kevin,Collins,1948-01-25,sha256_002433,user2433@example.com,555-372-9335,2015-05-22,A,MASS,289,2026-06-29 19:53:29.717929,2026-06-29 19:53:29.717929
2435,Marcus,Lane,1979-04-10,sha256_002434,user2434@example.com,555-879-4479,2021-08-14,C,STUDENT,498,2026-06-29 19:53:29.717929,2026-06-29 19:53:29.717929
2436,Derek,Spencer,1987-04-10,sha256_002435,user2435@example.com,555-204-9618,2014-06-20,A,STUDENT,93,2026-06-29 19:53:29.717929,2026-06-29 19:53:29.717929
2437,Ashley,Fuller,1961-08-30,sha256_002436,user2436@example.com,555-626-2258,2012-10-07,A,DIGITAL,394,2026-06-29 19:53:29.717929,2026-06-29 19:53:29.717929
2438,Nancy,Kim,1978-01-23,sha256_002437,user2437@example.com,555-710-2545,2017-02-05,A,MASS,14,2026-06-29 19:53:29.717929,2026-06-29 19:53:29.717929
2439,Lawrence,Donovan,1950-10-11,sha256_002438,user2438@example.com,555-491-2998,2018-01-30,A,WEALTH,192,2026-06-29 19:53:29.717929,2026-06-29 19:53:29.717929
2440,Ronald,Fisher,1989-03-26,sha256_002439,user2439@example.com,555-804-2737,2018-06-24,A,MASS,79,2026-06-29 19:53:29.717929,2026-06-29 19:53:29.717929
2441,Angelica,Bernard,1968-12-23,sha256_002440,user2440@example.com,555-229-2328,2011-11-26,A,WEALTH,426,2026-06-29 19:53:29.717929,2026-06-29 19:53:29.717929
2442,Christina,Turner,1969-09-10,sha256_002441,user2441@example.com,555-924-8861,2022-10-07,A,WEALTH,322,2026-06-29 19:53:29.717929,2026-06-29 19:53:29.717929
2443,David,Daniels,1957-09-30,sha256_002442,user2442@example.com,555-475-1095,2019-02-18,A,MASS,497,2026-06-29 19:53:29.717929,2026-06-29 19:53:29.717929
2444,Karina,Long,1979-05-21,sha256_002443,user2443@example.com,555-244-8423,2015-11-13,I,MASS,486,2026-06-29 19:53:29.717929,2026-06-29 19:53:29.717929
2445,Lindsey,Golden,1968-06-27,sha256_002444,user2444@example.com,555-949-3118,2011-07-31,A,DIGITAL,442,2026-06-29 19:53:29.717929,2026-06-29 19:53:29.717929
2446,Brian,Gallegos,1972-04-29,sha256_002445,user2445@example.com,555-249-5635,2012-04-20,A,MASS,409,2026-06-29 19:53:29.717929,2026-06-29 19:53:29.717929
2447,Connor,Roberts,1985-01-12,sha256_002446,user2446@example.com,555-256-2158,2016-06-19,A,STUDENT,488,2026-06-29 19:53:29.717929,2026-06-29 19:53:29.717929
2448,Bruce,Yang,1973-10-01,sha256_002447,user2447@example.com,555-816-7248,2016-06-07,A,PREMIER,205,2026-06-29 19:53:29.717929,2026-06-29 19:53:29.717929
2449,Brian,Harris,1986-09-04,sha256_002448,user2448@example.com,555-461-3916,2022-07-09,A,DIGITAL,495,2026-06-29 19:53:29.717929,2026-06-29 19:53:29.717929
2450,Tyler,Walker,1951-02-24,sha256_002449,user2449@example.com,555-989-7535,2022-07-15,A,PREMIER,11,2026-06-29 19:53:29.717929,2026-06-29 19:53:29.717929
2451,Kevin,Collins,1986-10-05,sha256_002450,user2450@example.com,555-413-3669,2024-03-15,A,WEALTH,400,2026-06-29 19:53:29.717929,2026-06-29 19:53:29.717929
2452,Todd,Watts,2007-10-06,sha256_002451,user2451@example.com,555-612-5668,2011-08-03,C,SMALL_BIZ,386,2026-06-29 19:53:29.717929,2026-06-29 19:53:29.717929
2453,Cassandra,Martinez,1949-03-06,sha256_002452,user2452@example.com,555-869-3525,2011-06-29,A,PREMIER,153,2026-06-29 19:53:29.717929,2026-06-29 19:53:29.717929
2454,Thomas,Wall,1947-12-25,sha256_002453,user2453@example.com,555-702-8083,2014-07-16,A,SMALL_BIZ,413,2026-06-29 19:53:29.717929,2026-06-29 19:53:29.717929
2455,David,Sullivan,1971-03-24,sha256_002454,user2454@example.com,555-517-3151,2012-04-27,A,MASS,341,2026-06-29 19:53:29.717929,2026-06-29 19:53:29.717929
2456,Meagan,Payne,2007-05-01,sha256_002455,user2455@example.com,555-298-7020,2023-09-23,A,STUDENT,103,2026-06-29 19:53:29.717929,2026-06-29 19:53:29.717929
2457,Michele,Williamson,1996-07-17,sha256_002456,user2456@example.com,555-701-8298,2021-08-27,A,WEALTH,244,2026-06-29 19:53:29.717929,2026-06-29 19:53:29.717929
2458,Jack,Cardenas,1970-06-17,sha256_002457,user2457@example.com,555-474-7931,2020-12-24,A,PREMIER,388,2026-06-29 19:53:29.717929,2026-06-29 19:53:29.717929
2459,Judith,Payne,1985-07-16,sha256_002458,user2458@example.com,555-632-7033,2014-01-14,A,STUDENT,96,2026-06-29 19:53:29.717929,2026-06-29 19:53:29.717929
2460,Elizabeth,Haley,1973-05-24,sha256_002459,user2459@example.com,555-644-7979,2015-10-26,A,PREMIER,21,2026-06-29 19:53:29.717929,2026-06-29 19:53:29.717929
2461,Peter,Wolfe,1974-07-09,sha256_002460,user2460@example.com,555-725-6599,2021-06-14,C,WEALTH,347,2026-06-29 19:53:29.717929,2026-06-29 19:53:29.717929
2462,Roger,Johnson,1948-09-06,sha256_002461,user2461@example.com,555-429-3540,2017-09-16,I,WEALTH,270,2026-06-29 19:53:29.717929,2026-06-29 19:53:29.717929
2463,Alex,Turner,1972-02-12,sha256_002462,user2462@example.com,555-844-9596,2019-11-28,A,PREMIER,149,2026-06-29 19:53:29.717929,2026-06-29 19:53:29.717929
2464,Christine,Williams,1984-09-17,sha256_002463,user2463@example.com,555-679-8165,2024-10-25,A,PREMIER,465,2026-06-29 19:53:29.717929,2026-06-29 19:53:29.717929
2465,Taylor,Sharp,2002-04-06,sha256_002464,user2464@example.com,555-689-5921,2025-11-08,A,DIGITAL,66,2026-06-29 19:53:29.717929,2026-06-29 19:53:29.717929
2466,Michael,Foley,1960-01-17,sha256_002465,user2465@example.com,555-900-5921,2026-02-19,A,DIGITAL,268,2026-06-29 19:53:29.717929,2026-06-29 19:53:29.717929
2467,Jasmin,Myers,1975-03-16,sha256_002466,user2466@example.com,555-637-5841,2016-09-10,A,STUDENT,25,2026-06-29 19:53:29.717929,2026-06-29 19:53:29.717929
2468,Michael,Ball,1945-09-11,sha256_002467,user2467@example.com,555-764-2253,2021-04-11,A,PREMIER,263,2026-06-29 19:53:29.717929,2026-06-29 19:53:29.717929
2469,Kristin,Ramirez,1964-03-22,sha256_002468,user2468@example.com,555-310-9366,2022-02-28,A,WEALTH,212,2026-06-29 19:53:29.717929,2026-06-29 19:53:29.717929
2470,Phillip,Hendricks,1992-08-01,sha256_002469,user2469@example.com,555-296-8612,2016-01-04,A,SMALL_BIZ,369,2026-06-29 19:53:29.717929,2026-06-29 19:53:29.717929
2471,Thomas,Hopkins,1984-09-18,sha256_002470,user2470@example.com,555-782-5151,2017-02-08,A,MASS,131,2026-06-29 19:53:29.717929,2026-06-29 19:53:29.717929
2472,Kimberly,Fox,1980-02-01,sha256_002471,user2471@example.com,555-799-2339,2025-04-29,C,STUDENT,9,2026-06-29 19:53:29.717929,2026-06-29 19:53:29.717929
2473,Stephanie,Bailey,1950-03-01,sha256_002472,user2472@example.com,555-316-8583,2016-04-28,I,DIGITAL,403,2026-06-29 19:53:29.717929,2026-06-29 19:53:29.717929
2474,Brady,Christian,1982-11-11,sha256_002473,user2473@example.com,555-386-7438,2017-07-07,A,PREMIER,43,2026-06-29 19:53:29.717929,2026-06-29 19:53:29.717929
2475,Daniel,Villa,1952-02-27,sha256_002474,user2474@example.com,555-626-5876,2012-12-06,A,MASS,301,2026-06-29 19:53:29.717929,2026-06-29 19:53:29.717929
2476,Tina,Stokes,1973-05-30,sha256_002475,user2475@example.com,555-941-8454,2022-10-29,I,SMALL_BIZ,231,2026-06-29 19:53:29.717929,2026-06-29 19:53:29.717929
2477,Rachel,Thompson,1990-07-30,sha256_002476,user2476@example.com,555-838-5342,2015-01-08,A,MASS,495,2026-06-29 19:53:29.717929,2026-06-29 19:53:29.717929
2478,Robert,Brown,2001-04-14,sha256_002477,user2477@example.com,555-391-4458,2022-10-07,A,DIGITAL,41,2026-06-29 19:53:29.717929,2026-06-29 19:53:29.717929
2479,Melanie,Jones,1982-06-27,sha256_002478,user2478@example.com,555-964-5248,2013-03-13,A,SMALL_BIZ,55,2026-06-29 19:53:29.717929,2026-06-29 19:53:29.717929
2480,Mary,Mclean,1992-08-19,sha256_002479,user2479@example.com,555-644-9755,2020-07-15,A,PREMIER,3,2026-06-29 19:53:29.717929,2026-06-29 19:53:29.717929
2481,Nicholas,Zhang,1963-01-04,sha256_002480,user2480@example.com,555-604-2911,2021-11-30,A,PREMIER,88,2026-06-29 19:53:29.717929,2026-06-29 19:53:29.717929
2482,Johnny,Kim,1979-12-07,sha256_002481,user2481@example.com,555-871-8817,2014-06-21,I,WEALTH,355,2026-06-29 19:53:29.717929,2026-06-29 19:53:29.717929
2483,Fernando,Cervantes,1960-08-28,sha256_002482,user2482@example.com,555-614-8974,2014-06-29,I,MASS,317,2026-06-29 19:53:29.717929,2026-06-29 19:53:29.717929
2484,Brandi,Soto,1995-09-03,sha256_002483,user2483@example.com,555-831-6910,2014-05-11,A,SMALL_BIZ,345,2026-06-29 19:53:29.717929,2026-06-29 19:53:29.717929
2485,Lisa,Barry,1986-04-16,sha256_002484,user2484@example.com,555-906-7471,2014-07-12,A,MASS,45,2026-06-29 19:53:29.717929,2026-06-29 19:53:29.717929
2486,Amy,Jones,1965-07-31,sha256_002485,user2485@example.com,555-328-3213,2017-07-30,C,PREMIER,98,2026-06-29 19:53:29.717929,2026-06-29 19:53:29.717929
2487,Rhonda,May,1953-11-27,sha256_002486,user2486@example.com,555-314-1260,2022-05-19,A,SMALL_BIZ,497,2026-06-29 19:53:29.717929,2026-06-29 19:53:29.717929
2488,Ashley,Wells,1974-09-25,sha256_002487,user2487@example.com,555-392-1439,2023-11-28,I,DIGITAL,247,2026-06-29 19:53:29.717929,2026-06-29 19:53:29.717929
2489,Angelica,Taylor,1965-01-30,sha256_002488,user2488@example.com,555-864-3378,2020-09-19,A,SMALL_BIZ,124,2026-06-29 19:53:29.717929,2026-06-29 19:53:29.717929
2490,Nicholas,Jones,1945-12-28,sha256_002489,user2489@example.com,555-646-9824,2017-11-13,A,DIGITAL,45,2026-06-29 19:53:29.717929,2026-06-29 19:53:29.717929
2491,Kenneth,Wilson,1946-09-23,sha256_002490,user2490@example.com,555-508-8592,2023-03-01,A,DIGITAL,243,2026-06-29 19:53:29.717929,2026-06-29 19:53:29.717929
2492,Mark,Walker,1956-12-09,sha256_002491,user2491@example.com,555-632-1357,2020-06-18,A,PREMIER,86,2026-06-29 19:53:29.717929,2026-06-29 19:53:29.717929
2493,John,Warner,2004-07-05,sha256_002492,user2492@example.com,555-356-8295,2025-04-01,A,WEALTH,242,2026-06-29 19:53:29.717929,2026-06-29 19:53:29.717929
2494,Tammy,Jones,1946-01-16,sha256_002493,user2493@example.com,555-220-8364,2024-06-28,A,STUDENT,125,2026-06-29 19:53:29.717929,2026-06-29 19:53:29.717929
2495,Sarah,Porter,1980-01-15,sha256_002494,user2494@example.com,555-406-5830,2024-03-21,A,STUDENT,425,2026-06-29 19:53:29.717929,2026-06-29 19:53:29.717929
2496,Heidi,Rodriguez,1968-03-28,sha256_002495,user2495@example.com,555-601-1834,2012-05-02,A,MASS,5,2026-06-29 19:53:29.717929,2026-06-29 19:53:29.717929
2497,Jose,Johnson,1973-01-17,sha256_002496,user2496@example.com,555-305-8074,2025-03-05,A,WEALTH,435,2026-06-29 19:53:29.717929,2026-06-29 19:53:29.717929
2498,Matthew,Hubbard,1964-02-21,sha256_002497,user2497@example.com,555-707-5764,2015-05-20,I,PREMIER,250,2026-06-29 19:53:29.717929,2026-06-29 19:53:29.717929
2499,Jessica,Glass,1950-10-28,sha256_002498,user2498@example.com,555-609-8964,2019-08-27,C,STUDENT,303,2026-06-29 19:53:29.717929,2026-06-29 19:53:29.717929
2500,Joe,Jones,1985-12-07,sha256_002499,user2499@example.com,555-942-8993,2024-08-04,A,DIGITAL,366,2026-06-29 19:53:29.717929,2026-06-29 19:53:29.717929
2501,Jacqueline,Cannon,2005-01-02,sha256_002500,user2500@example.com,555-262-9655,2024-12-24,I,PREMIER,217,2026-06-29 19:53:29.717929,2026-06-29 19:53:29.717929
2502,Stephanie,George,1943-11-11,sha256_002501,user2501@example.com,555-790-6174,2026-02-15,A,STUDENT,33,2026-06-29 19:53:29.717929,2026-06-29 19:53:29.717929
2503,Andrea,Potts,1982-07-10,sha256_002502,user2502@example.com,555-474-7834,2012-09-10,A,WEALTH,60,2026-06-29 19:53:29.717929,2026-06-29 19:53:29.717929
2504,Austin,Romero,1959-08-13,sha256_002503,user2503@example.com,555-706-6681,2012-02-11,C,WEALTH,358,2026-06-29 19:53:29.717929,2026-06-29 19:53:29.717929
2505,Kevin,Horn,1985-01-23,sha256_002504,user2504@example.com,555-646-1340,2017-12-05,A,DIGITAL,148,2026-06-29 19:53:29.717929,2026-06-29 19:53:29.717929
2506,Brian,Ayala,2006-07-30,sha256_002505,user2505@example.com,555-943-4149,2011-10-23,A,WEALTH,177,2026-06-29 19:53:29.717929,2026-06-29 19:53:29.717929
2507,Michelle,Fleming,1995-11-07,sha256_002506,user2506@example.com,555-648-4802,2019-06-17,I,STUDENT,113,2026-06-29 19:53:29.717929,2026-06-29 19:53:29.717929
2508,Brett,Cannon,1990-12-06,sha256_002507,user2507@example.com,555-801-6556,2019-09-25,A,STUDENT,437,2026-06-29 19:53:29.717929,2026-06-29 19:53:29.717929
2509,Ronald,Taylor,1988-02-01,sha256_002508,user2508@example.com,555-932-8675,2017-11-25,I,DIGITAL,453,2026-06-29 19:53:29.717929,2026-06-29 19:53:29.717929
2510,Toni,Richardson,1970-11-01,sha256_002509,user2509@example.com,555-500-7395,2024-11-15,I,WEALTH,427,2026-06-29 19:53:29.717929,2026-06-29 19:53:29.717929
2511,Brian,Hall,1954-06-19,sha256_002510,user2510@example.com,555-889-6902,2018-01-01,A,WEALTH,410,2026-06-29 19:53:29.717929,2026-06-29 19:53:29.717929
2512,Julie,Beasley,1980-12-05,sha256_002511,user2511@example.com,555-365-4394,2014-11-17,I,MASS,354,2026-06-29 19:53:29.717929,2026-06-29 19:53:29.717929
2513,Vicki,Smith,1994-08-19,sha256_002512,user2512@example.com,555-967-2412,2019-12-19,A,SMALL_BIZ,248,2026-06-29 19:53:29.717929,2026-06-29 19:53:29.717929
2514,Chase,Martinez,1989-09-19,sha256_002513,user2513@example.com,555-332-3839,2023-08-12,A,DIGITAL,81,2026-06-29 19:53:29.717929,2026-06-29 19:53:29.717929
2515,Michael,Rios,1953-08-04,sha256_002514,user2514@example.com,555-820-9063,2012-02-22,A,PREMIER,407,2026-06-29 19:53:29.717929,2026-06-29 19:53:29.717929
2516,Catherine,Mendoza,1957-11-08,sha256_002515,user2515@example.com,555-625-9089,2015-11-08,I,MASS,121,2026-06-29 19:53:29.717929,2026-06-29 19:53:29.717929
2517,John,Stephens,1949-09-09,sha256_002516,user2516@example.com,555-414-1770,2012-08-20,A,PREMIER,184,2026-06-29 19:53:29.717929,2026-06-29 19:53:29.717929
2518,Michael,Herman,1974-08-26,sha256_002517,user2517@example.com,555-467-6849,2022-06-17,A,SMALL_BIZ,82,2026-06-29 19:53:29.717929,2026-06-29 19:53:29.717929
2519,Shelly,Deleon,1956-04-01,sha256_002518,user2518@example.com,555-378-9248,2022-02-16,A,PREMIER,414,2026-06-29 19:53:29.717929,2026-06-29 19:53:29.717929
2520,Alison,Adams,1961-02-06,sha256_002519,user2519@example.com,555-265-6533,2021-03-29,A,WEALTH,59,2026-06-29 19:53:29.717929,2026-06-29 19:53:29.717929
2521,Brian,Mccullough,1988-03-29,sha256_002520,user2520@example.com,555-832-4714,2019-01-01,A,PREMIER,288,2026-06-29 19:53:29.717929,2026-06-29 19:53:29.717929
2522,Joshua,Harris,1988-10-04,sha256_002521,user2521@example.com,555-429-8968,2020-10-07,A,MASS,175,2026-06-29 19:53:29.717929,2026-06-29 19:53:29.717929
2523,Jerry,Harmon,1950-09-05,sha256_002522,user2522@example.com,555-563-1764,2026-01-18,A,STUDENT,137,2026-06-29 19:53:29.717929,2026-06-29 19:53:29.717929
2524,Lisa,Thomas,1955-08-12,sha256_002523,user2523@example.com,555-354-9444,2017-01-17,A,STUDENT,343,2026-06-29 19:53:29.717929,2026-06-29 19:53:29.717929
2525,Debra,Chavez,2007-01-04,sha256_002524,user2524@example.com,555-306-1826,2021-11-28,A,WEALTH,410,2026-06-29 19:53:29.717929,2026-06-29 19:53:29.717929
2526,Arthur,Ramirez,1949-02-22,sha256_002525,user2525@example.com,555-668-2817,2018-12-07,A,PREMIER,401,2026-06-29 19:53:29.717929,2026-06-29 19:53:29.717929
2527,Christopher,Ramirez,1967-03-26,sha256_002526,user2526@example.com,555-825-2669,2023-10-31,A,STUDENT,22,2026-06-29 19:53:29.717929,2026-06-29 19:53:29.717929
2528,Michelle,Cruz,1982-05-06,sha256_002527,user2527@example.com,555-719-2727,2018-11-18,C,DIGITAL,323,2026-06-29 19:53:29.717929,2026-06-29 19:53:29.717929
2529,Jack,Jordan,1944-06-19,sha256_002528,user2528@example.com,555-320-4365,2014-07-24,A,MASS,81,2026-06-29 19:53:29.717929,2026-06-29 19:53:29.717929
2530,Amber,Bailey,1944-12-28,sha256_002529,user2529@example.com,555-945-5786,2016-01-16,C,SMALL_BIZ,227,2026-06-29 19:53:29.717929,2026-06-29 19:53:29.717929
2531,Patricia,Livingston,1943-03-27,sha256_002530,user2530@example.com,555-980-9288,2020-07-28,A,WEALTH,376,2026-06-29 19:53:29.717929,2026-06-29 19:53:29.717929
2532,Brittany,Todd,2002-04-16,sha256_002531,user2531@example.com,555-301-3527,2023-07-31,I,SMALL_BIZ,187,2026-06-29 19:53:29.717929,2026-06-29 19:53:29.717929
2533,Ryan,Patterson,1964-05-02,sha256_002532,user2532@example.com,555-542-3257,2023-11-11,A,PREMIER,435,2026-06-29 19:53:29.717929,2026-06-29 19:53:29.717929
2534,Brian,Rodriguez,1990-05-07,sha256_002533,user2533@example.com,555-406-8194,2022-06-18,A,WEALTH,394,2026-06-29 19:53:29.717929,2026-06-29 19:53:29.717929
2535,Erica,Garrison,1967-06-30,sha256_002534,user2534@example.com,555-987-1107,2022-04-02,A,DIGITAL,428,2026-06-29 19:53:29.717929,2026-06-29 19:53:29.717929
2536,Ashley,Carroll,2004-05-02,sha256_002535,user2535@example.com,555-685-6592,2018-05-28,I,MASS,259,2026-06-29 19:53:29.717929,2026-06-29 19:53:29.717929
2537,Patrick,Reese,1976-04-04,sha256_002536,user2536@example.com,555-375-2396,2013-11-30,A,MASS,191,2026-06-29 19:53:29.717929,2026-06-29 19:53:29.717929
2538,Alexis,Marsh,2003-06-11,sha256_002537,user2537@example.com,555-932-7799,2013-06-16,A,MASS,323,2026-06-29 19:53:29.717929,2026-06-29 19:53:29.717929
2539,John,Daniels,2005-03-16,sha256_002538,user2538@example.com,555-880-5021,2012-10-07,A,DIGITAL,386,2026-06-29 19:53:29.717929,2026-06-29 19:53:29.717929
2540,Christina,Ward,1964-02-08,sha256_002539,user2539@example.com,555-971-9677,2017-05-18,A,WEALTH,404,2026-06-29 19:53:29.717929,2026-06-29 19:53:29.717929
2541,Lisa,Franklin,1985-08-29,sha256_002540,user2540@example.com,555-433-3260,2023-03-01,A,WEALTH,212,2026-06-29 19:53:29.717929,2026-06-29 19:53:29.717929
2542,Manuel,Baker,1949-10-26,sha256_002541,user2541@example.com,555-619-8516,2019-12-21,A,STUDENT,407,2026-06-29 19:53:29.717929,2026-06-29 19:53:29.717929
2543,Scott,Owens,1953-06-21,sha256_002542,user2542@example.com,555-898-6927,2018-05-24,I,PREMIER,227,2026-06-29 19:53:29.717929,2026-06-29 19:53:29.717929
2544,Megan,Robinson,2006-03-16,sha256_002543,user2543@example.com,555-349-1162,2018-08-27,A,SMALL_BIZ,413,2026-06-29 19:53:29.717929,2026-06-29 19:53:29.717929
2545,Joshua,Bishop,1945-06-01,sha256_002544,user2544@example.com,555-729-2140,2025-06-30,A,PREMIER,174,2026-06-29 19:53:29.717929,2026-06-29 19:53:29.717929
2546,Hector,Miranda,1962-07-13,sha256_002545,user2545@example.com,555-522-7580,2012-06-11,A,DIGITAL,223,2026-06-29 19:53:29.717929,2026-06-29 19:53:29.717929
2547,David,Mccoy,1959-12-29,sha256_002546,user2546@example.com,555-262-7443,2024-06-15,A,PREMIER,339,2026-06-29 19:53:29.717929,2026-06-29 19:53:29.717929
2548,Brandon,Wilson,1951-05-02,sha256_002547,user2547@example.com,555-856-3473,2020-09-16,A,STUDENT,30,2026-06-29 19:53:29.717929,2026-06-29 19:53:29.717929
2549,Michelle,Riley,1944-01-27,sha256_002548,user2548@example.com,555-846-9516,2021-09-13,A,MASS,215,2026-06-29 19:53:29.717929,2026-06-29 19:53:29.717929
2550,Bruce,Klein,1944-04-20,sha256_002549,user2549@example.com,555-611-5986,2022-03-11,A,SMALL_BIZ,381,2026-06-29 19:53:29.717929,2026-06-29 19:53:29.717929
2551,Erika,Mathews,1958-11-06,sha256_002550,user2550@example.com,555-521-6638,2015-05-01,A,PREMIER,424,2026-06-29 19:53:29.717929,2026-06-29 19:53:29.717929
2552,Caroline,Bailey,1965-03-01,sha256_002551,user2551@example.com,555-486-9647,2022-03-17,A,STUDENT,472,2026-06-29 19:53:29.717929,2026-06-29 19:53:29.717929
2553,William,Young,1946-09-06,sha256_002552,user2552@example.com,555-350-7618,2018-02-10,A,WEALTH,330,2026-06-29 19:53:29.717929,2026-06-29 19:53:29.717929
2554,Mackenzie,Perry,1963-04-27,sha256_002553,user2553@example.com,555-410-9919,2017-01-11,I,STUDENT,404,2026-06-29 19:53:29.717929,2026-06-29 19:53:29.717929
2555,Douglas,Nguyen,1984-06-30,sha256_002554,user2554@example.com,555-833-8244,2024-07-22,A,SMALL_BIZ,177,2026-06-29 19:53:29.717929,2026-06-29 19:53:29.717929
2556,Ricky,Pearson,1994-04-19,sha256_002555,user2555@example.com,555-864-7627,2016-06-27,C,DIGITAL,452,2026-06-29 19:53:29.717929,2026-06-29 19:53:29.717929
2557,Christy,Martin,1973-01-10,sha256_002556,user2556@example.com,555-508-2380,2026-01-05,A,PREMIER,276,2026-06-29 19:53:29.717929,2026-06-29 19:53:29.717929
2558,Rhonda,Johnson,1944-06-24,sha256_002557,user2557@example.com,555-542-7389,2025-05-15,A,SMALL_BIZ,369,2026-06-29 19:53:29.717929,2026-06-29 19:53:29.717929
2559,William,Norman,1982-04-18,sha256_002558,user2558@example.com,555-957-3064,2023-07-18,A,STUDENT,277,2026-06-29 19:53:29.717929,2026-06-29 19:53:29.717929
2560,Maurice,Lewis,1975-07-16,sha256_002559,user2559@example.com,555-490-4501,2020-03-01,A,PREMIER,262,2026-06-29 19:53:29.717929,2026-06-29 19:53:29.717929
2561,Jessica,James,1997-02-23,sha256_002560,user2560@example.com,555-765-6115,2011-12-23,A,STUDENT,175,2026-06-29 19:53:29.717929,2026-06-29 19:53:29.717929
2562,Chris,Walls,2008-05-05,sha256_002561,user2561@example.com,555-975-3621,2012-08-29,A,PREMIER,15,2026-06-29 19:53:29.717929,2026-06-29 19:53:29.717929
2563,Autumn,Kelley,1956-07-15,sha256_002562,user2562@example.com,555-752-5238,2019-01-01,A,DIGITAL,427,2026-06-29 19:53:29.717929,2026-06-29 19:53:29.717929
2564,Melanie,Rose,1969-07-02,sha256_002563,user2563@example.com,555-992-5979,2022-06-05,A,SMALL_BIZ,217,2026-06-29 19:53:29.717929,2026-06-29 19:53:29.717929
2565,Alice,Alexander,1944-12-08,sha256_002564,user2564@example.com,555-717-2809,2018-07-15,A,SMALL_BIZ,31,2026-06-29 19:53:29.717929,2026-06-29 19:53:29.717929
2566,Kelly,Sanchez,1959-07-12,sha256_002565,user2565@example.com,555-581-5255,2023-12-18,A,SMALL_BIZ,260,2026-06-29 19:53:29.717929,2026-06-29 19:53:29.717929
2567,Michael,Bryant,1957-10-11,sha256_002566,user2566@example.com,555-562-3028,2022-12-10,A,PREMIER,388,2026-06-29 19:53:29.717929,2026-06-29 19:53:29.717929
2568,John,Oconnor,1991-08-14,sha256_002567,user2567@example.com,555-866-3043,2013-03-18,A,WEALTH,153,2026-06-29 19:53:29.717929,2026-06-29 19:53:29.717929
2569,Michael,Wagner,2000-06-19,sha256_002568,user2568@example.com,555-786-1085,2016-11-20,A,WEALTH,174,2026-06-29 19:53:29.717929,2026-06-29 19:53:29.717929
2570,Cassie,Cole,2002-10-09,sha256_002569,user2569@example.com,555-441-9737,2021-03-27,I,STUDENT,120,2026-06-29 19:53:29.717929,2026-06-29 19:53:29.717929
2571,Margaret,Martinez,1969-07-21,sha256_002570,user2570@example.com,555-558-5902,2019-12-26,A,MASS,342,2026-06-29 19:53:29.717929,2026-06-29 19:53:29.717929
2572,Rickey,Richards,1977-07-05,sha256_002571,user2571@example.com,555-932-3293,2023-01-27,I,SMALL_BIZ,194,2026-06-29 19:53:29.717929,2026-06-29 19:53:29.717929
2573,Justin,Edwards,1950-09-30,sha256_002572,user2572@example.com,555-732-5057,2015-05-17,A,PREMIER,168,2026-06-29 19:53:29.717929,2026-06-29 19:53:29.717929
2574,Tonya,Johnston,1946-12-14,sha256_002573,user2573@example.com,555-728-4154,2017-10-09,A,MASS,233,2026-06-29 19:53:29.717929,2026-06-29 19:53:29.717929
2575,Rachel,Walter,1983-11-17,sha256_002574,user2574@example.com,555-300-3401,2023-01-07,A,SMALL_BIZ,218,2026-06-29 19:53:29.717929,2026-06-29 19:53:29.717929
2576,Jose,Spencer,1942-07-13,sha256_002575,user2575@example.com,555-621-2342,2013-04-17,A,PREMIER,32,2026-06-29 19:53:29.717929,2026-06-29 19:53:29.717929
2577,David,Johnson,2003-10-23,sha256_002576,user2576@example.com,555-635-3130,2022-07-28,C,WEALTH,110,2026-06-29 19:53:29.717929,2026-06-29 19:53:29.717929
2578,Veronica,Anderson,1970-05-25,sha256_002577,user2577@example.com,555-656-2279,2021-10-14,A,MASS,347,2026-06-29 19:53:29.717929,2026-06-29 19:53:29.717929
2579,Rebecca,Gomez,1999-07-28,sha256_002578,user2578@example.com,555-738-7598,2025-03-12,A,STUDENT,287,2026-06-29 19:53:29.717929,2026-06-29 19:53:29.717929
2580,Jennifer,Wilson,1968-06-12,sha256_002579,user2579@example.com,555-731-7468,2019-10-19,A,MASS,300,2026-06-29 19:53:29.717929,2026-06-29 19:53:29.717929
2581,Brittany,Jensen,2001-08-13,sha256_002580,user2580@example.com,555-710-7937,2024-11-22,A,WEALTH,353,2026-06-29 19:53:29.717929,2026-06-29 19:53:29.717929
2582,Joanne,Kelly,2008-02-05,sha256_002581,user2581@example.com,555-701-7830,2012-03-01,I,DIGITAL,74,2026-06-29 19:53:29.717929,2026-06-29 19:53:29.717929
2583,Shannon,Davenport,1971-07-26,sha256_002582,user2582@example.com,555-717-3082,2017-08-03,A,WEALTH,365,2026-06-29 19:53:29.717929,2026-06-29 19:53:29.717929
2584,Dennis,White,1960-11-15,sha256_002583,user2583@example.com,555-668-3119,2018-08-10,A,SMALL_BIZ,263,2026-06-29 19:53:29.717929,2026-06-29 19:53:29.717929
2585,Sharon,Miller,1992-10-22,sha256_002584,user2584@example.com,555-741-2934,2025-02-28,A,SMALL_BIZ,109,2026-06-29 19:53:29.717929,2026-06-29 19:53:29.717929
2586,Mitchell,Banks,2001-06-30,sha256_002585,user2585@example.com,555-666-8755,2020-05-06,A,PREMIER,383,2026-06-29 19:53:29.717929,2026-06-29 19:53:29.717929
2587,William,Chapman,1966-11-28,sha256_002586,user2586@example.com,555-360-7051,2018-01-12,A,PREMIER,309,2026-06-29 19:53:29.717929,2026-06-29 19:53:29.717929
2588,Kenneth,Peterson,2004-10-15,sha256_002587,user2587@example.com,555-618-2807,2012-12-08,A,PREMIER,190,2026-06-29 19:53:29.717929,2026-06-29 19:53:29.717929
2589,Bethany,Anthony,1979-04-15,sha256_002588,user2588@example.com,555-785-5744,2024-11-16,A,PREMIER,268,2026-06-29 19:53:29.717929,2026-06-29 19:53:29.717929
2590,Lucas,White,1970-01-29,sha256_002589,user2589@example.com,555-356-2929,2016-04-21,A,MASS,157,2026-06-29 19:53:29.717929,2026-06-29 19:53:29.717929
2591,Jessica,Hays,1951-02-01,sha256_002590,user2590@example.com,555-583-5968,2023-08-20,I,MASS,249,2026-06-29 19:53:29.717929,2026-06-29 19:53:29.717929
2592,Barbara,Gilbert,1955-08-10,sha256_002591,user2591@example.com,555-228-3340,2019-03-27,A,DIGITAL,402,2026-06-29 19:53:29.717929,2026-06-29 19:53:29.717929
2593,David,Hill,1948-02-27,sha256_002592,user2592@example.com,555-803-7910,2015-09-27,A,PREMIER,480,2026-06-29 19:53:29.717929,2026-06-29 19:53:29.717929
2594,Keith,Hardin,1970-11-24,sha256_002593,user2593@example.com,555-512-5644,2024-09-12,A,DIGITAL,94,2026-06-29 19:53:29.717929,2026-06-29 19:53:29.717929
2595,Sandra,Estrada,2007-09-28,sha256_002594,user2594@example.com,555-957-9008,2022-09-24,A,PREMIER,63,2026-06-29 19:53:29.717929,2026-06-29 19:53:29.717929
2596,Mary,Fischer,1950-12-09,sha256_002595,user2595@example.com,555-760-6712,2014-07-30,A,PREMIER,446,2026-06-29 19:53:29.717929,2026-06-29 19:53:29.717929
2597,Susan,Fernandez,1943-04-29,sha256_002596,user2596@example.com,555-245-7841,2024-12-14,A,WEALTH,294,2026-06-29 19:53:29.717929,2026-06-29 19:53:29.717929
2598,Marissa,Johnson,1995-01-09,sha256_002597,user2597@example.com,555-517-8411,2011-08-04,A,MASS,401,2026-06-29 19:53:29.717929,2026-06-29 19:53:29.717929
2599,Ashley,Dennis,1955-02-07,sha256_002598,user2598@example.com,555-586-8786,2025-07-16,A,SMALL_BIZ,427,2026-06-29 19:53:29.717929,2026-06-29 19:53:29.717929
2600,Kenneth,Rodriguez,1976-05-22,sha256_002599,user2599@example.com,555-820-3175,2023-11-21,A,DIGITAL,259,2026-06-29 19:53:29.717929,2026-06-29 19:53:29.717929
2601,Sean,Reynolds,1988-10-24,sha256_002600,user2600@example.com,555-851-8551,2024-02-04,A,WEALTH,342,2026-06-29 19:53:29.717929,2026-06-29 19:53:29.717929
2602,Victoria,Dennis,1959-02-12,sha256_002601,user2601@example.com,555-659-3440,2024-05-21,A,SMALL_BIZ,167,2026-06-29 19:53:29.717929,2026-06-29 19:53:29.717929
2603,Christian,Mcguire,1949-04-17,sha256_002602,user2602@example.com,555-291-7711,2016-10-07,A,WEALTH,120,2026-06-29 19:53:29.717929,2026-06-29 19:53:29.717929
2604,William,Hill,1990-03-23,sha256_002603,user2603@example.com,555-604-6554,2016-05-15,A,STUDENT,24,2026-06-29 19:53:29.717929,2026-06-29 19:53:29.717929
2605,Kimberly,Mann,1983-09-28,sha256_002604,user2604@example.com,555-886-8259,2019-02-21,A,SMALL_BIZ,143,2026-06-29 19:53:29.717929,2026-06-29 19:53:29.717929
2606,Ryan,Randolph,1962-08-01,sha256_002605,user2605@example.com,555-861-2450,2025-04-14,A,DIGITAL,363,2026-06-29 19:53:29.717929,2026-06-29 19:53:29.717929
2607,Mckenzie,Guerrero,1994-09-13,sha256_002606,user2606@example.com,555-225-6060,2016-03-24,A,STUDENT,331,2026-06-29 19:53:29.717929,2026-06-29 19:53:29.717929
2608,Cynthia,Smith,2000-04-15,sha256_002607,user2607@example.com,555-326-2395,2012-01-09,A,DIGITAL,490,2026-06-29 19:53:29.717929,2026-06-29 19:53:29.717929
2609,Sherry,Nunez,1950-08-30,sha256_002608,user2608@example.com,555-833-9877,2017-02-06,A,STUDENT,388,2026-06-29 19:53:29.717929,2026-06-29 19:53:29.717929
2610,Lisa,Gross,1959-04-07,sha256_002609,user2609@example.com,555-254-9548,2013-10-01,A,DIGITAL,385,2026-06-29 19:53:29.717929,2026-06-29 19:53:29.717929
2611,Nancy,Tapia,1960-06-04,sha256_002610,user2610@example.com,555-687-9235,2014-06-15,I,PREMIER,62,2026-06-29 19:53:29.717929,2026-06-29 19:53:29.717929
2612,Aaron,Jones,1998-12-02,sha256_002611,user2611@example.com,555-874-9713,2022-09-02,A,DIGITAL,493,2026-06-29 19:53:29.717929,2026-06-29 19:53:29.717929
2613,Gregory,Barnes,1978-11-10,sha256_002612,user2612@example.com,555-219-5504,2014-08-08,A,DIGITAL,126,2026-06-29 19:53:29.717929,2026-06-29 19:53:29.717929
2614,Brandy,Little,1959-02-12,sha256_002613,user2613@example.com,555-922-8278,2017-03-01,A,PREMIER,414,2026-06-29 19:53:29.717929,2026-06-29 19:53:29.717929
2615,Hector,Evans,1973-12-07,sha256_002614,user2614@example.com,555-746-6249,2021-04-16,A,WEALTH,302,2026-06-29 19:53:29.717929,2026-06-29 19:53:29.717929
2616,Todd,Robles,1957-01-10,sha256_002615,user2615@example.com,555-246-9052,2015-11-06,A,PREMIER,175,2026-06-29 19:53:29.717929,2026-06-29 19:53:29.717929
2617,Timothy,Davis,1967-10-08,sha256_002616,user2616@example.com,555-647-3957,2016-10-25,A,WEALTH,13,2026-06-29 19:53:29.717929,2026-06-29 19:53:29.717929
2618,Kari,Mitchell,1949-01-07,sha256_002617,user2617@example.com,555-740-6199,2024-08-18,A,WEALTH,132,2026-06-29 19:53:29.717929,2026-06-29 19:53:29.717929
2619,Elaine,Wilson,2006-06-09,sha256_002618,user2618@example.com,555-293-2878,2016-05-06,I,PREMIER,278,2026-06-29 19:53:29.717929,2026-06-29 19:53:29.717929
2620,Daniel,Terry,1972-08-17,sha256_002619,user2619@example.com,555-372-5675,2016-03-31,A,DIGITAL,94,2026-06-29 19:53:29.717929,2026-06-29 19:53:29.717929
2621,Timothy,Ballard,1988-09-17,sha256_002620,user2620@example.com,555-461-2468,2023-01-12,A,DIGITAL,158,2026-06-29 19:53:29.717929,2026-06-29 19:53:29.717929
2622,Jimmy,Carter,1974-04-07,sha256_002621,user2621@example.com,555-617-3772,2017-08-21,I,PREMIER,315,2026-06-29 19:53:29.717929,2026-06-29 19:53:29.717929
2623,Kirsten,Brown,1975-06-29,sha256_002622,user2622@example.com,555-533-3973,2024-10-06,A,PREMIER,366,2026-06-29 19:53:29.717929,2026-06-29 19:53:29.717929
2624,Louis,Myers,1993-03-14,sha256_002623,user2623@example.com,555-259-5882,2015-05-24,I,WEALTH,51,2026-06-29 19:53:29.717929,2026-06-29 19:53:29.717929
2625,Rita,Adams,1971-02-06,sha256_002624,user2624@example.com,555-527-3334,2017-06-09,A,WEALTH,458,2026-06-29 19:53:29.717929,2026-06-29 19:53:29.717929
2626,Lori,Parker,1990-04-12,sha256_002625,user2625@example.com,555-531-5225,2016-07-23,C,WEALTH,483,2026-06-29 19:53:29.717929,2026-06-29 19:53:29.717929
2627,Garrett,Harris,1968-12-12,sha256_002626,user2626@example.com,555-323-1849,2020-01-12,A,DIGITAL,123,2026-06-29 19:53:29.717929,2026-06-29 19:53:29.717929
2628,Christina,Rivera,1983-05-21,sha256_002627,user2627@example.com,555-970-4874,2025-08-18,A,WEALTH,261,2026-06-29 19:53:29.717929,2026-06-29 19:53:29.717929
2629,Jennifer,Lang,1982-01-09,sha256_002628,user2628@example.com,555-970-9264,2011-10-15,A,WEALTH,487,2026-06-29 19:53:29.717929,2026-06-29 19:53:29.717929
2630,Rhonda,Wang,1947-07-16,sha256_002629,user2629@example.com,555-317-5412,2022-01-02,A,PREMIER,163,2026-06-29 19:53:29.717929,2026-06-29 19:53:29.717929
2631,April,Cox,1978-07-14,sha256_002630,user2630@example.com,555-675-7669,2021-04-05,A,PREMIER,248,2026-06-29 19:53:29.717929,2026-06-29 19:53:29.717929
2632,Amanda,Heath,1954-10-15,sha256_002631,user2631@example.com,555-229-7676,2013-10-31,A,SMALL_BIZ,120,2026-06-29 19:53:29.717929,2026-06-29 19:53:29.717929
2633,Renee,Rivera,1956-11-09,sha256_002632,user2632@example.com,555-219-5409,2023-06-12,A,STUDENT,494,2026-06-29 19:53:29.717929,2026-06-29 19:53:29.717929
2634,Shelby,Johnson,1955-12-09,sha256_002633,user2633@example.com,555-800-2663,2022-06-06,A,DIGITAL,391,2026-06-29 19:53:29.717929,2026-06-29 19:53:29.717929
2635,Curtis,Sanders,1942-11-01,sha256_002634,user2634@example.com,555-768-3057,2025-07-08,A,MASS,291,2026-06-29 19:53:29.717929,2026-06-29 19:53:29.717929
2636,Kevin,Hall,1973-12-23,sha256_002635,user2635@example.com,555-616-8306,2013-10-31,A,PREMIER,434,2026-06-29 19:53:29.717929,2026-06-29 19:53:29.717929
2637,Joseph,Martinez,1993-03-29,sha256_002636,user2636@example.com,555-851-9199,2015-03-07,C,DIGITAL,401,2026-06-29 19:53:29.717929,2026-06-29 19:53:29.717929
2638,David,Yang,1994-01-08,sha256_002637,user2637@example.com,555-345-7116,2021-04-07,A,STUDENT,87,2026-06-29 19:53:29.717929,2026-06-29 19:53:29.717929
2639,Charles,Bowen,1959-08-01,sha256_002638,user2638@example.com,555-451-9806,2012-10-03,C,WEALTH,493,2026-06-29 19:53:29.717929,2026-06-29 19:53:29.717929
2640,Alexis,Greer,1992-07-27,sha256_002639,user2639@example.com,555-768-8401,2017-09-08,A,PREMIER,1,2026-06-29 19:53:29.717929,2026-06-29 19:53:29.717929
2641,Jill,Sparks,1982-01-06,sha256_002640,user2640@example.com,555-675-5739,2013-10-03,A,SMALL_BIZ,498,2026-06-29 19:53:29.717929,2026-06-29 19:53:29.717929
2642,Larry,Morris,1954-07-05,sha256_002641,user2641@example.com,555-371-1008,2020-07-11,A,PREMIER,478,2026-06-29 19:53:29.717929,2026-06-29 19:53:29.717929
2643,Joshua,Harris,1975-10-26,sha256_002642,user2642@example.com,555-693-5477,2011-11-03,A,STUDENT,129,2026-06-29 19:53:29.717929,2026-06-29 19:53:29.717929
2644,Thomas,Carter,1959-03-13,sha256_002643,user2643@example.com,555-896-7228,2021-04-11,A,MASS,432,2026-06-29 19:53:29.717929,2026-06-29 19:53:29.717929
2645,Ann,Webb,1947-09-23,sha256_002644,user2644@example.com,555-847-4485,2025-11-30,A,STUDENT,431,2026-06-29 19:53:29.717929,2026-06-29 19:53:29.717929
2646,John,Smith,2002-04-21,sha256_002645,user2645@example.com,555-722-5609,2019-06-12,A,PREMIER,83,2026-06-29 19:53:29.717929,2026-06-29 19:53:29.717929
2647,Nathan,Payne,1974-10-16,sha256_002646,user2646@example.com,555-956-9750,2017-05-12,C,STUDENT,36,2026-06-29 19:53:29.717929,2026-06-29 19:53:29.717929
2648,Theresa,Sanders,1948-09-30,sha256_002647,user2647@example.com,555-507-2469,2014-10-31,A,WEALTH,358,2026-06-29 19:53:29.717929,2026-06-29 19:53:29.717929
2649,Anna,Day,1957-01-16,sha256_002648,user2648@example.com,555-325-3288,2017-01-03,A,SMALL_BIZ,285,2026-06-29 19:53:29.717929,2026-06-29 19:53:29.717929
2650,Theresa,Davis,1963-10-07,sha256_002649,user2649@example.com,555-486-8077,2023-07-27,A,DIGITAL,313,2026-06-29 19:53:29.717929,2026-06-29 19:53:29.717929
2651,Tracy,Wright,1952-10-30,sha256_002650,user2650@example.com,555-716-6215,2024-05-23,A,SMALL_BIZ,485,2026-06-29 19:53:29.717929,2026-06-29 19:53:29.717929
2652,Thomas,Sharp,1950-12-17,sha256_002651,user2651@example.com,555-550-5282,2020-09-08,A,SMALL_BIZ,232,2026-06-29 19:53:29.717929,2026-06-29 19:53:29.717929
2653,Katrina,King,1979-06-16,sha256_002652,user2652@example.com,555-479-5029,2014-12-16,A,SMALL_BIZ,165,2026-06-29 19:53:29.717929,2026-06-29 19:53:29.717929
2654,Edward,Morris,1962-05-11,sha256_002653,user2653@example.com,555-549-4450,2016-07-13,A,WEALTH,492,2026-06-29 19:53:29.717929,2026-06-29 19:53:29.717929
2655,Adam,Vaughn,1979-05-14,sha256_002654,user2654@example.com,555-813-6381,2017-07-22,A,PREMIER,468,2026-06-29 19:53:29.717929,2026-06-29 19:53:29.717929
2656,Amy,Edwards,1992-01-29,sha256_002655,user2655@example.com,555-908-3190,2023-05-07,A,SMALL_BIZ,473,2026-06-29 19:53:29.717929,2026-06-29 19:53:29.717929
2657,Jeanne,Robertson,1985-03-05,sha256_002656,user2656@example.com,555-202-8807,2016-04-16,I,PREMIER,462,2026-06-29 19:53:29.717929,2026-06-29 19:53:29.717929
2658,Christopher,Garcia,1999-01-08,sha256_002657,user2657@example.com,555-209-3843,2026-04-20,I,WEALTH,285,2026-06-29 19:53:29.717929,2026-06-29 19:53:29.717929
2659,Katherine,Martin,1988-05-04,sha256_002658,user2658@example.com,555-913-9011,2017-02-04,A,WEALTH,276,2026-06-29 19:53:29.717929,2026-06-29 19:53:29.717929
2660,Samuel,Stanton,1991-08-13,sha256_002659,user2659@example.com,555-283-2270,2013-12-20,A,STUDENT,16,2026-06-29 19:53:29.717929,2026-06-29 19:53:29.717929
2661,George,Pratt,1944-02-09,sha256_002660,user2660@example.com,555-887-8293,2017-10-26,A,SMALL_BIZ,64,2026-06-29 19:53:29.717929,2026-06-29 19:53:29.717929
2662,Amy,Ross,1974-02-18,sha256_002661,user2661@example.com,555-561-7166,2022-08-31,I,STUDENT,184,2026-06-29 19:53:29.717929,2026-06-29 19:53:29.717929
2663,Kelly,Weeks,1961-05-16,sha256_002662,user2662@example.com,555-596-3903,2017-12-26,A,SMALL_BIZ,5,2026-06-29 19:53:29.717929,2026-06-29 19:53:29.717929
2664,Christina,Watson,1986-10-30,sha256_002663,user2663@example.com,555-327-8580,2019-04-14,A,MASS,480,2026-06-29 19:53:29.717929,2026-06-29 19:53:29.717929
2665,Alexandra,Harris,1985-01-20,sha256_002664,user2664@example.com,555-397-8283,2013-08-08,A,PREMIER,114,2026-06-29 19:53:29.717929,2026-06-29 19:53:29.717929
2666,April,King,1982-08-18,sha256_002665,user2665@example.com,555-960-1324,2022-02-24,A,MASS,349,2026-06-29 19:53:29.717929,2026-06-29 19:53:29.717929
2667,Sara,Cortez,1972-07-03,sha256_002666,user2666@example.com,555-926-6862,2025-06-16,A,DIGITAL,47,2026-06-29 19:53:29.717929,2026-06-29 19:53:29.717929
2668,Alice,Calderon,1998-08-07,sha256_002667,user2667@example.com,555-828-5967,2013-07-05,A,SMALL_BIZ,114,2026-06-29 19:53:29.717929,2026-06-29 19:53:29.717929
2669,Edward,Jones,1942-02-24,sha256_002668,user2668@example.com,555-439-9090,2017-09-13,A,MASS,19,2026-06-29 19:53:29.717929,2026-06-29 19:53:29.717929
2670,Jacob,Benson,2006-12-12,sha256_002669,user2669@example.com,555-487-9074,2016-02-22,A,SMALL_BIZ,362,2026-06-29 19:53:29.717929,2026-06-29 19:53:29.717929
2671,Bruce,Harrison,1977-07-08,sha256_002670,user2670@example.com,555-820-4425,2016-06-05,A,PREMIER,101,2026-06-29 19:53:29.717929,2026-06-29 19:53:29.717929
2672,Angie,Perez,1951-12-22,sha256_002671,user2671@example.com,555-853-7489,2016-09-19,A,PREMIER,446,2026-06-29 19:53:29.717929,2026-06-29 19:53:29.717929
2673,Joshua,Hoover,1983-08-15,sha256_002672,user2672@example.com,555-484-9197,2025-05-02,A,WEALTH,88,2026-06-29 19:53:29.717929,2026-06-29 19:53:29.717929
2674,Kevin,Weber,1999-08-27,sha256_002673,user2673@example.com,555-765-4174,2020-03-17,A,SMALL_BIZ,379,2026-06-29 19:53:29.717929,2026-06-29 19:53:29.717929
2675,Amber,Hopkins,1968-07-05,sha256_002674,user2674@example.com,555-779-3875,2015-04-17,I,PREMIER,302,2026-06-29 19:53:29.717929,2026-06-29 19:53:29.717929
2676,Jessica,Ramirez,1946-09-06,sha256_002675,user2675@example.com,555-331-2065,2013-10-06,A,DIGITAL,133,2026-06-29 19:53:29.717929,2026-06-29 19:53:29.717929
2677,Laura,Matthews,1959-02-09,sha256_002676,user2676@example.com,555-783-4734,2013-01-06,A,STUDENT,374,2026-06-29 19:53:29.717929,2026-06-29 19:53:29.717929
2678,Kelsey,Vargas,1992-10-25,sha256_002677,user2677@example.com,555-480-4143,2016-06-01,A,SMALL_BIZ,12,2026-06-29 19:53:29.717929,2026-06-29 19:53:29.717929
2679,Monica,Barnett,1960-01-25,sha256_002678,user2678@example.com,555-909-9731,2023-07-14,A,STUDENT,130,2026-06-29 19:53:29.717929,2026-06-29 19:53:29.717929
2680,Krista,Hays,1973-03-17,sha256_002679,user2679@example.com,555-897-8437,2013-12-30,A,PREMIER,481,2026-06-29 19:53:29.717929,2026-06-29 19:53:29.717929
2681,Dwayne,Martin,1947-08-12,sha256_002680,user2680@example.com,555-637-1849,2023-06-23,A,MASS,222,2026-06-29 19:53:29.717929,2026-06-29 19:53:29.717929
2682,Paula,Williams,2000-02-02,sha256_002681,user2681@example.com,555-616-5489,2016-04-24,I,PREMIER,349,2026-06-29 19:53:29.717929,2026-06-29 19:53:29.717929
2683,Elizabeth,Murphy,1975-10-10,sha256_002682,user2682@example.com,555-730-8644,2018-01-18,A,WEALTH,186,2026-06-29 19:53:29.717929,2026-06-29 19:53:29.717929
2684,Ann,Bennett,1975-01-06,sha256_002683,user2683@example.com,555-729-1712,2013-03-29,A,SMALL_BIZ,115,2026-06-29 19:53:29.717929,2026-06-29 19:53:29.717929
2685,Larry,Boyd,1967-04-28,sha256_002684,user2684@example.com,555-248-5553,2018-07-27,A,WEALTH,273,2026-06-29 19:53:29.717929,2026-06-29 19:53:29.717929
2686,Megan,Moses,1977-01-17,sha256_002685,user2685@example.com,555-659-6181,2024-09-01,A,PREMIER,201,2026-06-29 19:53:29.717929,2026-06-29 19:53:29.717929
2687,Jennifer,Larsen,2004-11-02,sha256_002686,user2686@example.com,555-399-6483,2023-12-05,A,PREMIER,451,2026-06-29 19:53:29.717929,2026-06-29 19:53:29.717929
2688,Kristina,Jennings,1979-01-16,sha256_002687,user2687@example.com,555-785-1415,2018-10-20,A,SMALL_BIZ,116,2026-06-29 19:53:29.717929,2026-06-29 19:53:29.717929
2689,Michael,Johnson,1978-11-14,sha256_002688,user2688@example.com,555-906-7943,2017-12-26,A,PREMIER,470,2026-06-29 19:53:29.717929,2026-06-29 19:53:29.717929
2690,Elizabeth,Chandler,1965-12-28,sha256_002689,user2689@example.com,555-455-4225,2018-06-11,A,DIGITAL,169,2026-06-29 19:53:29.717929,2026-06-29 19:53:29.717929
2691,Whitney,Ayers,1955-10-25,sha256_002690,user2690@example.com,555-518-2029,2019-11-04,A,SMALL_BIZ,321,2026-06-29 19:53:29.717929,2026-06-29 19:53:29.717929
2692,Julie,Smith,1967-02-12,sha256_002691,user2691@example.com,555-299-1456,2014-02-28,A,WEALTH,222,2026-06-29 19:53:29.717929,2026-06-29 19:53:29.717929
2693,Adam,Collins,1971-02-10,sha256_002692,user2692@example.com,555-224-6477,2019-05-04,A,MASS,127,2026-06-29 19:53:29.717929,2026-06-29 19:53:29.717929
2694,Jon,Dorsey,1947-10-18,sha256_002693,user2693@example.com,555-310-8759,2016-12-28,A,DIGITAL,491,2026-06-29 19:53:29.717929,2026-06-29 19:53:29.717929
2695,Joshua,Mendoza,1982-02-22,sha256_002694,user2694@example.com,555-548-1891,2011-12-28,C,MASS,267,2026-06-29 19:53:29.717929,2026-06-29 19:53:29.717929
2696,Johnny,Garrett,1944-06-07,sha256_002695,user2695@example.com,555-442-2194,2021-11-12,A,STUDENT,318,2026-06-29 19:53:29.717929,2026-06-29 19:53:29.717929
2697,Michelle,Pennington,2006-07-22,sha256_002696,user2696@example.com,555-649-2567,2023-10-10,A,SMALL_BIZ,229,2026-06-29 19:53:29.717929,2026-06-29 19:53:29.717929
2698,Tracy,Wells,2008-04-21,sha256_002697,user2697@example.com,555-792-3045,2020-12-03,A,PREMIER,499,2026-06-29 19:53:29.717929,2026-06-29 19:53:29.717929
2699,Lindsey,Johnson,2000-02-10,sha256_002698,user2698@example.com,555-262-1546,2022-09-08,A,WEALTH,161,2026-06-29 19:53:29.717929,2026-06-29 19:53:29.717929
2700,Eric,Fitzgerald,1943-06-04,sha256_002699,user2699@example.com,555-910-2065,2024-10-30,A,DIGITAL,32,2026-06-29 19:53:29.717929,2026-06-29 19:53:29.717929
2701,Robert,Singleton,1999-11-04,sha256_002700,user2700@example.com,555-652-1897,2013-06-15,A,MASS,313,2026-06-29 19:53:29.717929,2026-06-29 19:53:29.717929
2702,Bryan,Davis,1945-03-31,sha256_002701,user2701@example.com,555-841-8075,2020-12-31,C,PREMIER,53,2026-06-29 19:53:29.717929,2026-06-29 19:53:29.717929
2703,James,Mendez,1977-12-11,sha256_002702,user2702@example.com,555-893-1914,2026-02-28,A,STUDENT,27,2026-06-29 19:53:29.717929,2026-06-29 19:53:29.717929
2704,Melanie,Stewart,1942-08-11,sha256_002703,user2703@example.com,555-501-7249,2023-12-25,A,WEALTH,50,2026-06-29 19:53:29.717929,2026-06-29 19:53:29.717929
2705,Brenda,Blackburn,1989-01-05,sha256_002704,user2704@example.com,555-832-7735,2025-01-01,A,DIGITAL,443,2026-06-29 19:53:29.717929,2026-06-29 19:53:29.717929
2706,Richard,Monroe,1976-02-01,sha256_002705,user2705@example.com,555-813-1173,2025-07-10,A,WEALTH,197,2026-06-29 19:53:29.717929,2026-06-29 19:53:29.717929
2707,Mandy,Mason,1986-05-10,sha256_002706,user2706@example.com,555-675-8014,2012-06-16,A,STUDENT,318,2026-06-29 19:53:29.717929,2026-06-29 19:53:29.717929
2708,Scott,Hill,1990-05-01,sha256_002707,user2707@example.com,555-303-6564,2012-09-28,A,SMALL_BIZ,481,2026-06-29 19:53:29.717929,2026-06-29 19:53:29.717929
2709,Gerald,Francis,1954-10-20,sha256_002708,user2708@example.com,555-891-1425,2019-01-12,A,WEALTH,265,2026-06-29 19:53:29.717929,2026-06-29 19:53:29.717929
2710,Joshua,Bell,1997-08-17,sha256_002709,user2709@example.com,555-536-4153,2011-07-16,A,PREMIER,53,2026-06-29 19:53:29.717929,2026-06-29 19:53:29.717929
2711,Heather,Knight,1964-05-14,sha256_002710,user2710@example.com,555-212-2106,2019-12-19,A,STUDENT,405,2026-06-29 19:53:29.717929,2026-06-29 19:53:29.717929
2712,Christopher,Blair,1972-07-06,sha256_002711,user2711@example.com,555-398-3064,2013-03-23,A,SMALL_BIZ,261,2026-06-29 19:53:29.717929,2026-06-29 19:53:29.717929
2713,Tammy,Wang,1953-12-06,sha256_002712,user2712@example.com,555-462-6822,2020-04-23,A,WEALTH,247,2026-06-29 19:53:29.717929,2026-06-29 19:53:29.717929
2714,Nicholas,Miller,1994-05-03,sha256_002713,user2713@example.com,555-942-8284,2014-09-26,A,DIGITAL,125,2026-06-29 19:53:29.717929,2026-06-29 19:53:29.717929
2715,Mary,May,1990-01-06,sha256_002714,user2714@example.com,555-340-1722,2015-03-04,A,PREMIER,66,2026-06-29 19:53:29.717929,2026-06-29 19:53:29.717929
2716,Katelyn,Anderson,2001-11-21,sha256_002715,user2715@example.com,555-519-8140,2014-05-05,A,STUDENT,492,2026-06-29 19:53:29.717929,2026-06-29 19:53:29.717929
2717,Gregory,Taylor,1945-01-24,sha256_002716,user2716@example.com,555-867-6861,2022-01-08,A,MASS,299,2026-06-29 19:53:29.717929,2026-06-29 19:53:29.717929
2718,Jacob,Stephenson,1962-08-19,sha256_002717,user2717@example.com,555-754-3385,2014-11-11,C,DIGITAL,241,2026-06-29 19:53:29.717929,2026-06-29 19:53:29.717929
2719,Heidi,Baker,1953-05-11,sha256_002718,user2718@example.com,555-516-6618,2015-11-22,I,MASS,189,2026-06-29 19:53:29.717929,2026-06-29 19:53:29.717929
2720,Michael,May,1974-04-24,sha256_002719,user2719@example.com,555-208-9481,2020-02-15,A,STUDENT,337,2026-06-29 19:53:29.717929,2026-06-29 19:53:29.717929
2721,Marie,Johnson,1971-08-14,sha256_002720,user2720@example.com,555-894-3369,2020-11-26,I,PREMIER,122,2026-06-29 19:53:29.717929,2026-06-29 19:53:29.717929
2722,Amanda,Clark,1997-06-01,sha256_002721,user2721@example.com,555-719-1894,2017-03-30,A,WEALTH,177,2026-06-29 19:53:29.717929,2026-06-29 19:53:29.717929
2723,Lisa,Hogan,1988-07-15,sha256_002722,user2722@example.com,555-400-4282,2016-08-31,A,SMALL_BIZ,466,2026-06-29 19:53:29.717929,2026-06-29 19:53:29.717929
2724,William,Gallegos,1955-05-23,sha256_002723,user2723@example.com,555-406-2120,2021-12-05,A,MASS,97,2026-06-29 19:53:29.717929,2026-06-29 19:53:29.717929
2725,Kiara,Scott,1994-09-16,sha256_002724,user2724@example.com,555-883-8794,2012-11-04,A,SMALL_BIZ,355,2026-06-29 19:53:29.717929,2026-06-29 19:53:29.717929
2726,Darius,Barrett,1972-10-28,sha256_002725,user2725@example.com,555-678-6425,2011-12-17,A,STUDENT,290,2026-06-29 19:53:29.717929,2026-06-29 19:53:29.717929
2727,Brenda,Watson,1953-12-25,sha256_002726,user2726@example.com,555-543-5909,2013-07-29,A,WEALTH,169,2026-06-29 19:53:29.717929,2026-06-29 19:53:29.717929
2728,Arthur,Haynes,1966-10-23,sha256_002727,user2727@example.com,555-366-2717,2020-04-08,A,WEALTH,449,2026-06-29 19:53:29.717929,2026-06-29 19:53:29.717929
2729,Alan,Fisher,1983-08-31,sha256_002728,user2728@example.com,555-243-9125,2024-06-16,A,DIGITAL,472,2026-06-29 19:53:29.717929,2026-06-29 19:53:29.717929
2730,Craig,Gentry,1963-12-01,sha256_002729,user2729@example.com,555-203-4654,2021-02-26,A,SMALL_BIZ,118,2026-06-29 19:53:29.717929,2026-06-29 19:53:29.717929
2731,Jacob,Johnson,1962-01-04,sha256_002730,user2730@example.com,555-677-4492,2018-06-15,A,DIGITAL,247,2026-06-29 19:53:29.717929,2026-06-29 19:53:29.717929
2732,Barbara,Graham,1995-09-16,sha256_002731,user2731@example.com,555-952-6431,2018-04-20,A,SMALL_BIZ,193,2026-06-29 19:53:29.717929,2026-06-29 19:53:29.717929
2733,Johnny,Brooks,1968-03-31,sha256_002732,user2732@example.com,555-410-7558,2023-12-07,A,DIGITAL,423,2026-06-29 19:53:29.717929,2026-06-29 19:53:29.717929
2734,Kevin,Arellano,1964-02-17,sha256_002733,user2733@example.com,555-206-6944,2021-08-12,C,PREMIER,38,2026-06-29 19:53:29.717929,2026-06-29 19:53:29.717929
2735,Rachel,Hunter,2000-04-11,sha256_002734,user2734@example.com,555-566-1491,2022-11-16,I,STUDENT,59,2026-06-29 19:53:29.717929,2026-06-29 19:53:29.717929
2736,Stephanie,Morales,1969-09-11,sha256_002735,user2735@example.com,555-345-5760,2023-01-14,A,WEALTH,100,2026-06-29 19:53:29.717929,2026-06-29 19:53:29.717929
2737,Sandra,Tanner,1943-05-28,sha256_002736,user2736@example.com,555-846-6896,2019-02-18,C,PREMIER,500,2026-06-29 19:53:29.717929,2026-06-29 19:53:29.717929
2738,James,Compton,2006-02-28,sha256_002737,user2737@example.com,555-230-4262,2025-07-22,A,DIGITAL,146,2026-06-29 19:53:29.717929,2026-06-29 19:53:29.717929
2739,Mason,Choi,1991-11-12,sha256_002738,user2738@example.com,555-378-4587,2013-06-05,C,MASS,369,2026-06-29 19:53:29.717929,2026-06-29 19:53:29.717929
2740,Katie,Solis,2006-07-02,sha256_002739,user2739@example.com,555-378-6567,2016-02-08,A,STUDENT,126,2026-06-29 19:53:29.717929,2026-06-29 19:53:29.717929
2741,Aaron,Hernandez,1972-03-23,sha256_002740,user2740@example.com,555-382-4211,2013-12-15,A,PREMIER,91,2026-06-29 19:53:29.717929,2026-06-29 19:53:29.717929
2742,Christopher,Young,2000-08-24,sha256_002741,user2741@example.com,555-468-2657,2015-12-26,A,PREMIER,426,2026-06-29 19:53:29.717929,2026-06-29 19:53:29.717929
2743,John,Cohen,1955-02-11,sha256_002742,user2742@example.com,555-893-3248,2012-11-01,A,WEALTH,336,2026-06-29 19:53:29.717929,2026-06-29 19:53:29.717929
2744,Thomas,Cooper,1998-02-24,sha256_002743,user2743@example.com,555-313-6544,2017-01-27,A,DIGITAL,157,2026-06-29 19:53:29.717929,2026-06-29 19:53:29.717929
2745,Holly,Durham,1973-01-12,sha256_002744,user2744@example.com,555-667-4934,2021-09-26,A,MASS,415,2026-06-29 19:53:29.717929,2026-06-29 19:53:29.717929
2746,Jasmin,Hines,1986-04-11,sha256_002745,user2745@example.com,555-581-3807,2023-11-23,A,STUDENT,410,2026-06-29 19:53:29.717929,2026-06-29 19:53:29.717929
2747,Kathryn,Anderson,1947-11-29,sha256_002746,user2746@example.com,555-838-8106,2013-05-29,A,SMALL_BIZ,34,2026-06-29 19:53:29.717929,2026-06-29 19:53:29.717929
2748,Lori,Cross,1993-04-19,sha256_002747,user2747@example.com,555-321-3366,2024-11-20,A,DIGITAL,407,2026-06-29 19:53:29.717929,2026-06-29 19:53:29.717929
2749,Charles,Freeman,1969-12-09,sha256_002748,user2748@example.com,555-394-4140,2017-05-14,A,STUDENT,194,2026-06-29 19:53:29.717929,2026-06-29 19:53:29.717929
2750,Jeffrey,Franklin,1991-02-06,sha256_002749,user2749@example.com,555-911-7131,2020-03-28,A,MASS,307,2026-06-29 19:53:29.717929,2026-06-29 19:53:29.717929
2751,Matthew,Morrow,1992-12-07,sha256_002750,user2750@example.com,555-639-5006,2016-12-30,A,PREMIER,391,2026-06-29 19:53:29.717929,2026-06-29 19:53:29.717929
2752,Robin,Brewer,1982-05-26,sha256_002751,user2751@example.com,555-830-4098,2022-09-14,A,STUDENT,151,2026-06-29 19:53:29.717929,2026-06-29 19:53:29.717929
2753,Jason,Graham,1950-09-28,sha256_002752,user2752@example.com,555-352-6368,2014-04-18,A,DIGITAL,28,2026-06-29 19:53:29.717929,2026-06-29 19:53:29.717929
2754,Ronald,Mitchell,1964-03-30,sha256_002753,user2753@example.com,555-844-5588,2021-03-31,A,DIGITAL,436,2026-06-29 19:53:29.717929,2026-06-29 19:53:29.717929
2755,Austin,Mullen,1967-05-29,sha256_002754,user2754@example.com,555-720-9011,2023-09-29,I,DIGITAL,373,2026-06-29 19:53:29.717929,2026-06-29 19:53:29.717929
2756,Faith,Flowers,1969-09-30,sha256_002755,user2755@example.com,555-283-8711,2013-12-06,A,SMALL_BIZ,315,2026-06-29 19:53:29.717929,2026-06-29 19:53:29.717929
2757,Gina,Garcia,1972-08-22,sha256_002756,user2756@example.com,555-266-3743,2012-09-21,A,STUDENT,199,2026-06-29 19:53:29.717929,2026-06-29 19:53:29.717929
2758,Alexander,Flores,1999-04-11,sha256_002757,user2757@example.com,555-969-9342,2023-06-24,I,MASS,256,2026-06-29 19:53:29.717929,2026-06-29 19:53:29.717929
2759,Shawn,Tucker,1979-12-30,sha256_002758,user2758@example.com,555-731-8606,2017-03-21,A,DIGITAL,165,2026-06-29 19:53:29.717929,2026-06-29 19:53:29.717929
2760,Kelsey,Turner,2005-10-21,sha256_002759,user2759@example.com,555-929-7125,2017-06-25,A,STUDENT,356,2026-06-29 19:53:29.717929,2026-06-29 19:53:29.717929
2761,Cassandra,Lang,1958-10-27,sha256_002760,user2760@example.com,555-694-9106,2020-12-13,A,WEALTH,138,2026-06-29 19:53:29.717929,2026-06-29 19:53:29.717929
2762,Thomas,Rogers,1971-08-29,sha256_002761,user2761@example.com,555-795-7569,2017-01-19,A,SMALL_BIZ,472,2026-06-29 19:53:29.717929,2026-06-29 19:53:29.717929
2763,Kristen,Pollard,1977-05-03,sha256_002762,user2762@example.com,555-797-1599,2016-12-07,A,DIGITAL,113,2026-06-29 19:53:29.717929,2026-06-29 19:53:29.717929
2764,Emily,Hernandez,1977-02-11,sha256_002763,user2763@example.com,555-407-8406,2017-03-18,A,DIGITAL,203,2026-06-29 19:53:29.717929,2026-06-29 19:53:29.717929
2765,Brittany,Gonzalez,1964-01-29,sha256_002764,user2764@example.com,555-423-6013,2025-06-05,A,WEALTH,456,2026-06-29 19:53:29.717929,2026-06-29 19:53:29.717929
2766,Spencer,Williams,1995-12-13,sha256_002765,user2765@example.com,555-586-3575,2022-05-06,C,MASS,131,2026-06-29 19:53:29.717929,2026-06-29 19:53:29.717929
2767,Tracy,Richardson,1960-05-13,sha256_002766,user2766@example.com,555-763-2388,2013-04-21,A,DIGITAL,385,2026-06-29 19:53:29.717929,2026-06-29 19:53:29.717929
2768,Johnny,Rogers,2001-01-23,sha256_002767,user2767@example.com,555-286-5834,2021-09-24,A,WEALTH,266,2026-06-29 19:53:29.717929,2026-06-29 19:53:29.717929
2769,Amy,White,1961-05-01,sha256_002768,user2768@example.com,555-560-4771,2023-09-17,A,STUDENT,22,2026-06-29 19:53:29.717929,2026-06-29 19:53:29.717929
2770,Mark,Fields,1965-05-27,sha256_002769,user2769@example.com,555-676-9392,2011-10-02,A,STUDENT,173,2026-06-29 19:53:29.717929,2026-06-29 19:53:29.717929
2771,Benjamin,Rodgers,1981-05-29,sha256_002770,user2770@example.com,555-636-8391,2016-10-26,A,WEALTH,222,2026-06-29 19:53:29.717929,2026-06-29 19:53:29.717929
2772,Cody,Acosta,1958-02-24,sha256_002771,user2771@example.com,555-618-7021,2012-09-28,A,WEALTH,163,2026-06-29 19:53:29.717929,2026-06-29 19:53:29.717929
2773,Joshua,Bonilla,1983-11-24,sha256_002772,user2772@example.com,555-479-7264,2017-12-03,A,PREMIER,92,2026-06-29 19:53:29.717929,2026-06-29 19:53:29.717929
2774,Margaret,Conley,1987-08-27,sha256_002773,user2773@example.com,555-652-4830,2015-02-18,A,MASS,331,2026-06-29 19:53:29.717929,2026-06-29 19:53:29.717929
2775,Stephen,Jones,1990-07-31,sha256_002774,user2774@example.com,555-277-6883,2019-04-20,A,PREMIER,151,2026-06-29 19:53:29.717929,2026-06-29 19:53:29.717929
2776,Tiffany,Little,1966-06-20,sha256_002775,user2775@example.com,555-713-9401,2013-09-05,A,STUDENT,330,2026-06-29 19:53:29.717929,2026-06-29 19:53:29.717929
2777,Tina,Miller,2000-08-02,sha256_002776,user2776@example.com,555-280-5528,2017-03-10,A,DIGITAL,51,2026-06-29 19:53:29.717929,2026-06-29 19:53:29.717929
2778,Roberto,Johnson,2003-08-18,sha256_002777,user2777@example.com,555-321-2168,2022-09-01,A,MASS,20,2026-06-29 19:53:29.717929,2026-06-29 19:53:29.717929
2779,Denise,Andrade,2005-03-01,sha256_002778,user2778@example.com,555-759-4281,2015-04-28,A,MASS,101,2026-06-29 19:53:29.717929,2026-06-29 19:53:29.717929
2780,Darren,Lee,1997-07-23,sha256_002779,user2779@example.com,555-891-6394,2017-12-15,A,MASS,155,2026-06-29 19:53:29.717929,2026-06-29 19:53:29.717929
2781,Willie,Dickerson,1958-12-23,sha256_002780,user2780@example.com,555-963-5496,2016-01-06,A,DIGITAL,362,2026-06-29 19:53:29.717929,2026-06-29 19:53:29.717929
2782,Nicholas,Kennedy,1957-10-27,sha256_002781,user2781@example.com,555-818-3258,2023-05-30,I,SMALL_BIZ,379,2026-06-29 19:53:29.717929,2026-06-29 19:53:29.717929
2783,Julie,Osborne,1992-06-16,sha256_002782,user2782@example.com,555-756-5278,2018-01-03,C,PREMIER,395,2026-06-29 19:53:29.717929,2026-06-29 19:53:29.717929
2784,Cassandra,Browning,1960-01-15,sha256_002783,user2783@example.com,555-506-5617,2021-07-04,A,MASS,401,2026-06-29 19:53:29.717929,2026-06-29 19:53:29.717929
2785,Richard,Smith,1986-12-06,sha256_002784,user2784@example.com,555-613-7647,2015-07-23,I,STUDENT,388,2026-06-29 19:53:29.717929,2026-06-29 19:53:29.717929
2786,Joseph,George,1969-04-01,sha256_002785,user2785@example.com,555-871-1194,2013-06-05,A,WEALTH,335,2026-06-29 19:53:29.717929,2026-06-29 19:53:29.717929
2787,Jeffrey,Smith,2006-11-16,sha256_002786,user2786@example.com,555-724-3445,2016-03-27,C,WEALTH,117,2026-06-29 19:53:29.717929,2026-06-29 19:53:29.717929
2788,Keith,Joseph,1963-03-29,sha256_002787,user2787@example.com,555-432-4438,2012-06-10,A,WEALTH,120,2026-06-29 19:53:29.717929,2026-06-29 19:53:29.717929
2789,Cynthia,Murphy,1996-11-23,sha256_002788,user2788@example.com,555-728-8679,2020-04-05,C,SMALL_BIZ,417,2026-06-29 19:53:29.717929,2026-06-29 19:53:29.717929
2790,Alexander,Peterson,1967-07-23,sha256_002789,user2789@example.com,555-672-6581,2025-05-12,C,PREMIER,161,2026-06-29 19:53:29.717929,2026-06-29 19:53:29.717929
2791,Steven,Newton,1964-09-11,sha256_002790,user2790@example.com,555-392-8025,2018-02-13,A,SMALL_BIZ,214,2026-06-29 19:53:29.717929,2026-06-29 19:53:29.717929
2792,Emily,Scott,1955-08-09,sha256_002791,user2791@example.com,555-414-8187,2021-11-24,C,WEALTH,437,2026-06-29 19:53:29.717929,2026-06-29 19:53:29.717929
2793,Tammy,Welch,1943-08-27,sha256_002792,user2792@example.com,555-771-1493,2024-03-16,A,MASS,72,2026-06-29 19:53:29.717929,2026-06-29 19:53:29.717929
2794,Jared,Mercer,1979-02-06,sha256_002793,user2793@example.com,555-791-3102,2016-08-22,A,MASS,483,2026-06-29 19:53:29.717929,2026-06-29 19:53:29.717929
2795,Leslie,Craig,1966-03-24,sha256_002794,user2794@example.com,555-955-1158,2015-11-05,A,WEALTH,415,2026-06-29 19:53:29.717929,2026-06-29 19:53:29.717929
2796,Garrett,Bell,1943-06-22,sha256_002795,user2795@example.com,555-874-6810,2020-10-23,A,MASS,116,2026-06-29 19:53:29.717929,2026-06-29 19:53:29.717929
2797,Andrew,Mcpherson,1970-05-27,sha256_002796,user2796@example.com,555-629-7974,2026-05-07,A,SMALL_BIZ,386,2026-06-29 19:53:29.717929,2026-06-29 19:53:29.717929
2798,Jimmy,Morse,1978-10-09,sha256_002797,user2797@example.com,555-613-9808,2018-10-24,A,MASS,167,2026-06-29 19:53:29.717929,2026-06-29 19:53:29.717929
2799,Melissa,Davis,1950-04-25,sha256_002798,user2798@example.com,555-801-1380,2020-07-19,C,STUDENT,403,2026-06-29 19:53:29.717929,2026-06-29 19:53:29.717929
2800,Ashley,White,1956-02-13,sha256_002799,user2799@example.com,555-232-3279,2026-04-17,A,DIGITAL,488,2026-06-29 19:53:29.717929,2026-06-29 19:53:29.717929
2801,Jessica,Morales,1952-02-25,sha256_002800,user2800@example.com,555-538-7404,2023-02-02,A,WEALTH,105,2026-06-29 19:53:29.717929,2026-06-29 19:53:29.717929
2802,Robert,Greene,1968-11-10,sha256_002801,user2801@example.com,555-600-2043,2022-09-12,I,STUDENT,198,2026-06-29 19:53:29.717929,2026-06-29 19:53:29.717929
2803,Daniel,Dyer,1962-11-22,sha256_002802,user2802@example.com,555-392-8778,2016-11-27,I,PREMIER,169,2026-06-29 19:53:29.717929,2026-06-29 19:53:29.717929
2804,Louis,Nichols,2005-10-29,sha256_002803,user2803@example.com,555-783-8397,2022-11-08,C,SMALL_BIZ,459,2026-06-29 19:53:29.717929,2026-06-29 19:53:29.717929
2805,Troy,Marshall,1967-10-07,sha256_002804,user2804@example.com,555-511-2527,2024-04-21,A,DIGITAL,54,2026-06-29 19:53:29.717929,2026-06-29 19:53:29.717929
2806,Sandra,Thompson,1996-11-03,sha256_002805,user2805@example.com,555-891-3910,2018-03-13,C,PREMIER,424,2026-06-29 19:53:29.717929,2026-06-29 19:53:29.717929
2807,Matthew,Marshall,1960-10-24,sha256_002806,user2806@example.com,555-905-9005,2019-06-09,A,PREMIER,96,2026-06-29 19:53:29.717929,2026-06-29 19:53:29.717929
2808,Patrick,Delgado,1953-01-12,sha256_002807,user2807@example.com,555-403-2138,2025-01-09,A,WEALTH,146,2026-06-29 19:53:29.717929,2026-06-29 19:53:29.717929
2809,Dana,Montgomery,2006-10-06,sha256_002808,user2808@example.com,555-410-4818,2017-08-11,A,MASS,338,2026-06-29 19:53:29.717929,2026-06-29 19:53:29.717929
2810,Yolanda,Greene,1950-10-10,sha256_002809,user2809@example.com,555-736-2146,2020-09-26,A,WEALTH,30,2026-06-29 19:53:29.717929,2026-06-29 19:53:29.717929
2811,Mark,Wright,1990-07-18,sha256_002810,user2810@example.com,555-577-9495,2025-08-05,A,PREMIER,88,2026-06-29 19:53:29.717929,2026-06-29 19:53:29.717929
2812,Christopher,Wood,1979-08-20,sha256_002811,user2811@example.com,555-534-7731,2018-07-13,A,WEALTH,81,2026-06-29 19:53:29.717929,2026-06-29 19:53:29.717929
2813,Destiny,Arnold,1991-04-09,sha256_002812,user2812@example.com,555-313-3115,2024-09-02,A,STUDENT,215,2026-06-29 19:53:29.717929,2026-06-29 19:53:29.717929
2814,Evan,Wood,1999-05-05,sha256_002813,user2813@example.com,555-689-2126,2024-03-05,A,WEALTH,490,2026-06-29 19:53:29.717929,2026-06-29 19:53:29.717929
2815,Sharon,Morse,2000-02-03,sha256_002814,user2814@example.com,555-411-3128,2014-02-07,A,DIGITAL,159,2026-06-29 19:53:29.717929,2026-06-29 19:53:29.717929
2816,Patricia,Clark,1963-02-11,sha256_002815,user2815@example.com,555-642-8778,2015-11-11,A,DIGITAL,310,2026-06-29 19:53:29.717929,2026-06-29 19:53:29.717929
2817,Carrie,Fritz,1972-05-22,sha256_002816,user2816@example.com,555-788-6084,2015-02-23,A,STUDENT,104,2026-06-29 19:53:29.717929,2026-06-29 19:53:29.717929
2818,Vincent,Rodriguez,1994-11-15,sha256_002817,user2817@example.com,555-714-8519,2026-01-01,A,MASS,104,2026-06-29 19:53:29.717929,2026-06-29 19:53:29.717929
2819,Samantha,Moore,1981-12-16,sha256_002818,user2818@example.com,555-207-3337,2016-06-07,A,WEALTH,33,2026-06-29 19:53:29.717929,2026-06-29 19:53:29.717929
2820,Adam,Johnson,1972-06-16,sha256_002819,user2819@example.com,555-608-5044,2025-11-06,A,STUDENT,169,2026-06-29 19:53:29.717929,2026-06-29 19:53:29.717929
2821,Wendy,Atkins,1986-11-03,sha256_002820,user2820@example.com,555-782-9043,2024-06-04,I,WEALTH,237,2026-06-29 19:53:29.717929,2026-06-29 19:53:29.717929
2822,Jordan,Baldwin,1946-03-16,sha256_002821,user2821@example.com,555-789-1640,2017-09-17,A,SMALL_BIZ,47,2026-06-29 19:53:29.717929,2026-06-29 19:53:29.717929
2823,Deborah,Ferguson,1949-08-06,sha256_002822,user2822@example.com,555-494-8476,2023-01-28,A,MASS,359,2026-06-29 19:53:29.717929,2026-06-29 19:53:29.717929
2824,Jessica,Carter,1943-01-30,sha256_002823,user2823@example.com,555-928-5873,2018-08-30,A,WEALTH,314,2026-06-29 19:53:29.717929,2026-06-29 19:53:29.717929
2825,Kayla,Cox,1968-03-08,sha256_002824,user2824@example.com,555-379-7800,2023-10-04,A,DIGITAL,92,2026-06-29 19:53:29.717929,2026-06-29 19:53:29.717929
2826,Debra,Patterson,1989-07-03,sha256_002825,user2825@example.com,555-832-8079,2019-02-14,I,WEALTH,197,2026-06-29 19:53:29.717929,2026-06-29 19:53:29.717929
2827,Jose,Bryan,1949-10-20,sha256_002826,user2826@example.com,555-874-4005,2013-09-01,A,SMALL_BIZ,292,2026-06-29 19:53:29.717929,2026-06-29 19:53:29.717929
2828,Gary,Gutierrez,1991-12-24,sha256_002827,user2827@example.com,555-297-7447,2013-02-27,A,SMALL_BIZ,485,2026-06-29 19:53:29.717929,2026-06-29 19:53:29.717929
2829,Laura,Clark,1964-04-05,sha256_002828,user2828@example.com,555-244-4927,2025-02-09,A,DIGITAL,141,2026-06-29 19:53:29.717929,2026-06-29 19:53:29.717929
2830,Charles,Nolan,1947-12-31,sha256_002829,user2829@example.com,555-843-9810,2021-01-25,A,MASS,342,2026-06-29 19:53:29.717929,2026-06-29 19:53:29.717929
2831,Jordan,Phillips,1974-06-05,sha256_002830,user2830@example.com,555-268-4559,2015-02-21,A,WEALTH,211,2026-06-29 19:53:29.717929,2026-06-29 19:53:29.717929
2832,Holly,Carroll,1971-04-14,sha256_002831,user2831@example.com,555-980-2986,2023-03-28,A,MASS,40,2026-06-29 19:53:29.717929,2026-06-29 19:53:29.717929
2833,Earl,Roberts,1981-04-26,sha256_002832,user2832@example.com,555-973-2723,2022-11-06,A,STUDENT,393,2026-06-29 19:53:29.717929,2026-06-29 19:53:29.717929
2834,Michael,Carter,1956-04-19,sha256_002833,user2833@example.com,555-998-6341,2017-01-08,A,WEALTH,231,2026-06-29 19:53:29.717929,2026-06-29 19:53:29.717929
2835,Cynthia,Alvarez,2004-10-16,sha256_002834,user2834@example.com,555-368-5141,2013-11-07,A,DIGITAL,260,2026-06-29 19:53:29.717929,2026-06-29 19:53:29.717929
2836,Julia,Neal,1970-12-17,sha256_002835,user2835@example.com,555-245-8572,2015-11-21,I,PREMIER,38,2026-06-29 19:53:29.717929,2026-06-29 19:53:29.717929
2837,Patrick,Walsh,1951-04-23,sha256_002836,user2836@example.com,555-854-8567,2015-11-07,C,WEALTH,176,2026-06-29 19:53:29.717929,2026-06-29 19:53:29.717929
2838,Kevin,Silva,1943-05-15,sha256_002837,user2837@example.com,555-963-7542,2014-08-25,A,DIGITAL,204,2026-06-29 19:53:29.717929,2026-06-29 19:53:29.717929
2839,Julie,Ferrell,1958-11-15,sha256_002838,user2838@example.com,555-238-1175,2022-04-01,A,MASS,59,2026-06-29 19:53:29.717929,2026-06-29 19:53:29.717929
2840,George,Cooper,1968-09-06,sha256_002839,user2839@example.com,555-926-3236,2020-09-18,A,MASS,344,2026-06-29 19:53:29.717929,2026-06-29 19:53:29.717929
2841,Leon,Brooks,1951-12-08,sha256_002840,user2840@example.com,555-966-8606,2024-03-17,A,WEALTH,237,2026-06-29 19:53:29.717929,2026-06-29 19:53:29.717929
2842,Gary,Fox,1999-06-22,sha256_002841,user2841@example.com,555-269-2352,2018-09-24,A,STUDENT,337,2026-06-29 19:53:29.717929,2026-06-29 19:53:29.717929
2843,Alexis,Arroyo,1953-03-29,sha256_002842,user2842@example.com,555-448-8171,2024-11-15,I,DIGITAL,242,2026-06-29 19:53:29.717929,2026-06-29 19:53:29.717929
2844,Jeffrey,Ramirez,1964-06-06,sha256_002843,user2843@example.com,555-485-3643,2016-02-08,C,DIGITAL,430,2026-06-29 19:53:29.717929,2026-06-29 19:53:29.717929
2845,Debra,Kelly,1993-08-13,sha256_002844,user2844@example.com,555-218-2646,2023-04-07,A,DIGITAL,151,2026-06-29 19:53:29.717929,2026-06-29 19:53:29.717929
2846,Rebecca,Larsen,1972-04-07,sha256_002845,user2845@example.com,555-327-9759,2025-02-08,A,SMALL_BIZ,201,2026-06-29 19:53:29.717929,2026-06-29 19:53:29.717929
2847,Alexandria,Perez,1998-02-26,sha256_002846,user2846@example.com,555-372-2271,2023-03-05,A,SMALL_BIZ,391,2026-06-29 19:53:29.717929,2026-06-29 19:53:29.717929
2848,Raymond,Garcia,1955-01-23,sha256_002847,user2847@example.com,555-211-5476,2021-05-26,A,DIGITAL,226,2026-06-29 19:53:29.717929,2026-06-29 19:53:29.717929
2849,Angela,Nichols,1963-07-27,sha256_002848,user2848@example.com,555-566-3915,2012-06-29,A,DIGITAL,366,2026-06-29 19:53:29.717929,2026-06-29 19:53:29.717929
2850,Tara,Brown,1991-02-26,sha256_002849,user2849@example.com,555-235-9721,2024-07-04,A,DIGITAL,227,2026-06-29 19:53:29.717929,2026-06-29 19:53:29.717929
2851,Jonathan,Stevenson,1979-06-17,sha256_002850,user2850@example.com,555-913-1782,2015-03-11,A,SMALL_BIZ,416,2026-06-29 19:53:29.717929,2026-06-29 19:53:29.717929
2852,John,Norris,1987-09-13,sha256_002851,user2851@example.com,555-735-2684,2021-03-14,A,WEALTH,354,2026-06-29 19:53:29.717929,2026-06-29 19:53:29.717929
2853,Chelsea,Arnold,1972-01-18,sha256_002852,user2852@example.com,555-515-8274,2012-02-03,A,PREMIER,307,2026-06-29 19:53:29.717929,2026-06-29 19:53:29.717929
2854,Mariah,Brown,1947-08-12,sha256_002853,user2853@example.com,555-204-1797,2014-04-29,I,WEALTH,393,2026-06-29 19:53:29.717929,2026-06-29 19:53:29.717929
2855,Bruce,Perez,2001-12-31,sha256_002854,user2854@example.com,555-406-5091,2019-04-15,A,MASS,466,2026-06-29 19:53:29.717929,2026-06-29 19:53:29.717929
2856,Steven,Herrera,1980-09-24,sha256_002855,user2855@example.com,555-444-4276,2020-02-29,A,PREMIER,9,2026-06-29 19:53:29.717929,2026-06-29 19:53:29.717929
2857,Cynthia,Gonzalez,1993-11-04,sha256_002856,user2856@example.com,555-631-1457,2016-03-31,A,PREMIER,173,2026-06-29 19:53:29.717929,2026-06-29 19:53:29.717929
2858,James,Daniels,1949-04-16,sha256_002857,user2857@example.com,555-396-2035,2012-09-25,A,DIGITAL,491,2026-06-29 19:53:29.717929,2026-06-29 19:53:29.717929
2859,Ashley,Perkins,1955-11-24,sha256_002858,user2858@example.com,555-298-3750,2018-10-04,A,SMALL_BIZ,86,2026-06-29 19:53:29.717929,2026-06-29 19:53:29.717929
2860,Olivia,Waters,1999-03-09,sha256_002859,user2859@example.com,555-245-7810,2013-02-25,A,STUDENT,56,2026-06-29 19:53:29.717929,2026-06-29 19:53:29.717929
2861,Christina,Bryant,1954-07-17,sha256_002860,user2860@example.com,555-534-6286,2023-07-06,I,STUDENT,321,2026-06-29 19:53:29.717929,2026-06-29 19:53:29.717929
2862,Carolyn,Vasquez,1941-07-11,sha256_002861,user2861@example.com,555-394-4393,2022-09-30,A,STUDENT,203,2026-06-29 19:53:29.717929,2026-06-29 19:53:29.717929
2863,Willie,Bean,1953-04-26,sha256_002862,user2862@example.com,555-638-2979,2019-01-22,C,DIGITAL,110,2026-06-29 19:53:29.717929,2026-06-29 19:53:29.717929
2864,John,Hill,1961-07-26,sha256_002863,user2863@example.com,555-308-6842,2024-06-05,A,MASS,89,2026-06-29 19:53:29.717929,2026-06-29 19:53:29.717929
2865,Scott,Rowland,1979-02-04,sha256_002864,user2864@example.com,555-215-7588,2016-02-05,A,SMALL_BIZ,162,2026-06-29 19:53:29.717929,2026-06-29 19:53:29.717929
2866,Luis,Mccann,2004-11-07,sha256_002865,user2865@example.com,555-212-7376,2018-10-06,A,DIGITAL,235,2026-06-29 19:53:29.717929,2026-06-29 19:53:29.717929
2867,Cameron,Reynolds,1973-01-05,sha256_002866,user2866@example.com,555-425-2081,2013-12-03,A,SMALL_BIZ,418,2026-06-29 19:53:29.717929,2026-06-29 19:53:29.717929
2868,Scott,Little,1961-11-25,sha256_002867,user2867@example.com,555-485-7045,2025-04-17,A,PREMIER,35,2026-06-29 19:53:29.717929,2026-06-29 19:53:29.717929
2869,Kimberly,Hines,1977-07-29,sha256_002868,user2868@example.com,555-423-7735,2014-03-20,A,MASS,393,2026-06-29 19:53:29.717929,2026-06-29 19:53:29.717929
2870,Luke,Moreno,1955-10-11,sha256_002869,user2869@example.com,555-813-9185,2018-12-23,A,PREMIER,365,2026-06-29 19:53:29.717929,2026-06-29 19:53:29.717929
2871,Chelsea,Duncan,1948-05-21,sha256_002870,user2870@example.com,555-749-3809,2015-12-20,I,MASS,492,2026-06-29 19:53:29.717929,2026-06-29 19:53:29.717929
2872,Katie,Floyd,1951-11-07,sha256_002871,user2871@example.com,555-297-6314,2013-10-28,I,SMALL_BIZ,357,2026-06-29 19:53:29.717929,2026-06-29 19:53:29.717929
2873,Eric,Frye,1998-08-07,sha256_002872,user2872@example.com,555-597-3177,2020-08-04,I,MASS,90,2026-06-29 19:53:29.717929,2026-06-29 19:53:29.717929
2874,Kristina,Chan,2007-03-24,sha256_002873,user2873@example.com,555-850-6209,2021-03-28,A,SMALL_BIZ,247,2026-06-29 19:53:29.717929,2026-06-29 19:53:29.717929
2875,Thomas,Chase,1959-07-17,sha256_002874,user2874@example.com,555-269-6490,2025-05-29,A,PREMIER,312,2026-06-29 19:53:29.717929,2026-06-29 19:53:29.717929
2876,Matthew,Gomez,1961-10-31,sha256_002875,user2875@example.com,555-799-8354,2013-08-27,A,WEALTH,262,2026-06-29 19:53:29.717929,2026-06-29 19:53:29.717929
2877,Ronald,Long,1991-06-03,sha256_002876,user2876@example.com,555-855-4808,2018-03-14,A,STUDENT,301,2026-06-29 19:53:29.717929,2026-06-29 19:53:29.717929
2878,Richard,Schmitt,1969-06-09,sha256_002877,user2877@example.com,555-921-1217,2022-11-11,A,DIGITAL,11,2026-06-29 19:53:29.717929,2026-06-29 19:53:29.717929
2879,Theresa,Wang,1965-03-08,sha256_002878,user2878@example.com,555-831-3032,2023-07-04,A,MASS,122,2026-06-29 19:53:29.717929,2026-06-29 19:53:29.717929
2880,Jason,Moran,1942-10-18,sha256_002879,user2879@example.com,555-955-8020,2021-12-30,A,DIGITAL,318,2026-06-29 19:53:29.717929,2026-06-29 19:53:29.717929
2881,Marc,Gibbs,1961-03-29,sha256_002880,user2880@example.com,555-281-1981,2017-01-23,A,DIGITAL,192,2026-06-29 19:53:29.717929,2026-06-29 19:53:29.717929
2882,James,Lewis,1963-04-24,sha256_002881,user2881@example.com,555-710-5859,2019-11-05,I,DIGITAL,78,2026-06-29 19:53:29.717929,2026-06-29 19:53:29.717929
2883,Daniel,Sanchez,1975-03-10,sha256_002882,user2882@example.com,555-584-4348,2024-04-07,A,SMALL_BIZ,20,2026-06-29 19:53:29.717929,2026-06-29 19:53:29.717929
2884,Jennifer,Harrison,1963-04-19,sha256_002883,user2883@example.com,555-443-8270,2018-08-24,A,SMALL_BIZ,450,2026-06-29 19:53:29.717929,2026-06-29 19:53:29.717929
2885,Donna,Watts,2006-07-22,sha256_002884,user2884@example.com,555-536-3199,2012-03-05,A,MASS,163,2026-06-29 19:53:29.717929,2026-06-29 19:53:29.717929
2886,Joshua,Lawson,2002-05-21,sha256_002885,user2885@example.com,555-859-1648,2018-10-03,I,STUDENT,406,2026-06-29 19:53:29.717929,2026-06-29 19:53:29.717929
2887,Danielle,Hill,1966-08-14,sha256_002886,user2886@example.com,555-624-5726,2013-01-01,A,PREMIER,118,2026-06-29 19:53:29.717929,2026-06-29 19:53:29.717929
2888,Daniel,Taylor,1966-03-30,sha256_002887,user2887@example.com,555-950-6427,2025-04-08,A,MASS,125,2026-06-29 19:53:29.717929,2026-06-29 19:53:29.717929
2889,Kimberly,Gutierrez,1991-09-23,sha256_002888,user2888@example.com,555-410-9836,2016-05-01,A,PREMIER,465,2026-06-29 19:53:29.717929,2026-06-29 19:53:29.717929
2890,Kent,Gonzalez,1951-08-30,sha256_002889,user2889@example.com,555-880-5068,2013-09-25,I,SMALL_BIZ,357,2026-06-29 19:53:29.717929,2026-06-29 19:53:29.717929
2891,Ashley,Farmer,1947-05-22,sha256_002890,user2890@example.com,555-936-4644,2015-02-24,A,STUDENT,447,2026-06-29 19:53:29.717929,2026-06-29 19:53:29.717929
2892,Kelly,Johnson,1958-12-17,sha256_002891,user2891@example.com,555-590-9543,2019-05-31,A,MASS,94,2026-06-29 19:53:29.717929,2026-06-29 19:53:29.717929
2893,Kristi,Dawson,1993-03-22,sha256_002892,user2892@example.com,555-652-1099,2012-07-03,A,PREMIER,446,2026-06-29 19:53:29.717929,2026-06-29 19:53:29.717929
2894,Rebecca,Griffin,1962-07-11,sha256_002893,user2893@example.com,555-703-2146,2024-03-22,A,DIGITAL,27,2026-06-29 19:53:29.717929,2026-06-29 19:53:29.717929
2895,Taylor,Murray,2000-10-03,sha256_002894,user2894@example.com,555-849-3318,2014-03-28,A,DIGITAL,65,2026-06-29 19:53:29.717929,2026-06-29 19:53:29.717929
2896,Jane,Scott,1963-10-21,sha256_002895,user2895@example.com,555-293-3845,2021-08-07,I,STUDENT,282,2026-06-29 19:53:29.717929,2026-06-29 19:53:29.717929
2897,David,Jenkins,1991-08-01,sha256_002896,user2896@example.com,555-409-4871,2011-11-02,A,STUDENT,41,2026-06-29 19:53:29.717929,2026-06-29 19:53:29.717929
2898,Brandon,Rice,1968-01-17,sha256_002897,user2897@example.com,555-636-8652,2018-09-30,A,MASS,85,2026-06-29 19:53:29.717929,2026-06-29 19:53:29.717929
2899,Allen,Kim,2002-08-29,sha256_002898,user2898@example.com,555-938-4236,2019-02-18,A,DIGITAL,218,2026-06-29 19:53:29.717929,2026-06-29 19:53:29.717929
2900,Lauren,Tyler,1943-08-23,sha256_002899,user2899@example.com,555-380-5079,2019-01-05,A,MASS,147,2026-06-29 19:53:29.717929,2026-06-29 19:53:29.717929
2901,Cynthia,Navarro,1974-06-15,sha256_002900,user2900@example.com,555-790-8344,2020-01-25,A,SMALL_BIZ,104,2026-06-29 19:53:29.717929,2026-06-29 19:53:29.717929
2902,Kimberly,Schmidt,1979-05-14,sha256_002901,user2901@example.com,555-478-8883,2026-01-09,A,PREMIER,487,2026-06-29 19:53:29.717929,2026-06-29 19:53:29.717929
2903,Christopher,Nielsen,1994-12-30,sha256_002902,user2902@example.com,555-568-7524,2024-02-12,A,WEALTH,86,2026-06-29 19:53:29.717929,2026-06-29 19:53:29.717929
2904,Karen,Wang,1982-05-13,sha256_002903,user2903@example.com,555-682-8231,2026-04-21,A,WEALTH,259,2026-06-29 19:53:29.717929,2026-06-29 19:53:29.717929
2905,Shannon,Gilmore,1970-05-13,sha256_002904,user2904@example.com,555-824-8101,2015-08-15,A,DIGITAL,420,2026-06-29 19:53:29.717929,2026-06-29 19:53:29.717929
2906,Charles,Holland,1990-12-31,sha256_002905,user2905@example.com,555-693-1324,2021-03-12,A,WEALTH,219,2026-06-29 19:53:29.717929,2026-06-29 19:53:29.717929
2907,Heather,Wilkins,1964-04-04,sha256_002906,user2906@example.com,555-285-5918,2019-05-13,C,STUDENT,276,2026-06-29 19:53:29.717929,2026-06-29 19:53:29.717929
2908,Autumn,Smith,1970-06-18,sha256_002907,user2907@example.com,555-356-3878,2011-10-24,A,MASS,195,2026-06-29 19:53:29.717929,2026-06-29 19:53:29.717929
2909,Jeffrey,Simmons,1996-12-24,sha256_002908,user2908@example.com,555-674-6011,2011-10-09,A,WEALTH,146,2026-06-29 19:53:29.717929,2026-06-29 19:53:29.717929
2910,Emily,Nguyen,1958-11-01,sha256_002909,user2909@example.com,555-584-8878,2014-10-25,A,PREMIER,171,2026-06-29 19:53:29.717929,2026-06-29 19:53:29.717929
2911,Kayla,Andrews,1972-02-28,sha256_002910,user2910@example.com,555-339-8688,2021-06-01,A,DIGITAL,80,2026-06-29 19:53:29.717929,2026-06-29 19:53:29.717929
2912,Michelle,Hernandez,1965-04-02,sha256_002911,user2911@example.com,555-394-1068,2024-08-15,A,PREMIER,442,2026-06-29 19:53:29.717929,2026-06-29 19:53:29.717929
2913,Hunter,Johnson,1993-04-12,sha256_002912,user2912@example.com,555-712-7131,2014-07-26,A,WEALTH,208,2026-06-29 19:53:29.717929,2026-06-29 19:53:29.717929
2914,Kimberly,Fernandez,1981-10-26,sha256_002913,user2913@example.com,555-625-7465,2024-02-03,C,SMALL_BIZ,192,2026-06-29 19:53:29.717929,2026-06-29 19:53:29.717929
2915,Leslie,Hall,2005-06-14,sha256_002914,user2914@example.com,555-593-9020,2016-05-17,A,MASS,329,2026-06-29 19:53:29.717929,2026-06-29 19:53:29.717929
2916,Roger,Nelson,1955-06-25,sha256_002915,user2915@example.com,555-802-2167,2016-01-04,A,WEALTH,454,2026-06-29 19:53:29.717929,2026-06-29 19:53:29.717929
2917,Michael,Taylor,2004-03-22,sha256_002916,user2916@example.com,555-239-3039,2014-09-24,A,WEALTH,478,2026-06-29 19:53:29.717929,2026-06-29 19:53:29.717929
2918,Mary,Brooks,2001-09-18,sha256_002917,user2917@example.com,555-779-3660,2018-01-18,I,DIGITAL,391,2026-06-29 19:53:29.717929,2026-06-29 19:53:29.717929
2919,Jodi,James,1971-03-27,sha256_002918,user2918@example.com,555-646-5182,2022-08-03,A,SMALL_BIZ,179,2026-06-29 19:53:29.717929,2026-06-29 19:53:29.717929
2920,Jamie,James,1971-06-05,sha256_002919,user2919@example.com,555-721-9005,2017-06-12,A,SMALL_BIZ,353,2026-06-29 19:53:29.717929,2026-06-29 19:53:29.717929
2921,Gregory,Gentry,1996-01-23,sha256_002920,user2920@example.com,555-577-1945,2012-11-15,A,SMALL_BIZ,198,2026-06-29 19:53:29.717929,2026-06-29 19:53:29.717929
2922,Katherine,Martinez,1990-01-12,sha256_002921,user2921@example.com,555-634-5043,2013-04-22,A,DIGITAL,245,2026-06-29 19:53:29.717929,2026-06-29 19:53:29.717929
2923,Kara,Stewart,1974-04-05,sha256_002922,user2922@example.com,555-235-6921,2020-07-06,A,SMALL_BIZ,362,2026-06-29 19:53:29.717929,2026-06-29 19:53:29.717929
2924,Lauren,Ward,1954-04-15,sha256_002923,user2923@example.com,555-892-1462,2026-03-10,A,SMALL_BIZ,341,2026-06-29 19:53:29.717929,2026-06-29 19:53:29.717929
2925,Stephen,Smith,1958-08-06,sha256_002924,user2924@example.com,555-860-3422,2013-02-28,A,MASS,310,2026-06-29 19:53:29.717929,2026-06-29 19:53:29.717929
2926,Meredith,Gomez,1995-04-27,sha256_002925,user2925@example.com,555-666-3414,2017-06-18,I,MASS,127,2026-06-29 19:53:29.717929,2026-06-29 19:53:29.717929
2927,Ryan,Abbott,2004-11-08,sha256_002926,user2926@example.com,555-816-3644,2023-12-21,A,PREMIER,60,2026-06-29 19:53:29.717929,2026-06-29 19:53:29.717929
2928,Christopher,Schneider,1961-08-21,sha256_002927,user2927@example.com,555-989-2512,2026-05-28,C,SMALL_BIZ,365,2026-06-29 19:53:29.717929,2026-06-29 19:53:29.717929
2929,Stephanie,Hill,1967-08-08,sha256_002928,user2928@example.com,555-593-7515,2018-07-10,A,SMALL_BIZ,301,2026-06-29 19:53:29.717929,2026-06-29 19:53:29.717929
2930,Donald,Wright,1984-11-11,sha256_002929,user2929@example.com,555-282-9495,2016-04-24,A,DIGITAL,449,2026-06-29 19:53:29.717929,2026-06-29 19:53:29.717929
2931,Eric,Neal,1979-04-26,sha256_002930,user2930@example.com,555-633-3716,2013-05-26,A,WEALTH,130,2026-06-29 19:53:29.717929,2026-06-29 19:53:29.717929
2932,Leah,Cline,1992-07-24,sha256_002931,user2931@example.com,555-908-5951,2012-05-27,A,STUDENT,496,2026-06-29 19:53:29.717929,2026-06-29 19:53:29.717929
2933,Robert,Moore,1985-10-10,sha256_002932,user2932@example.com,555-745-7271,2017-01-13,A,STUDENT,158,2026-06-29 19:53:29.717929,2026-06-29 19:53:29.717929
2934,Tammy,Harmon,1953-01-16,sha256_002933,user2933@example.com,555-951-7743,2025-06-16,A,SMALL_BIZ,446,2026-06-29 19:53:29.717929,2026-06-29 19:53:29.717929
2935,Natasha,Rodriguez,1995-10-13,sha256_002934,user2934@example.com,555-291-2790,2014-03-14,A,SMALL_BIZ,294,2026-06-29 19:53:29.717929,2026-06-29 19:53:29.717929
2936,Kevin,Garrett,1952-05-15,sha256_002935,user2935@example.com,555-995-6642,2018-11-30,A,DIGITAL,138,2026-06-29 19:53:29.717929,2026-06-29 19:53:29.717929
2937,Manuel,Logan,2002-05-23,sha256_002936,user2936@example.com,555-966-4432,2015-06-12,A,SMALL_BIZ,204,2026-06-29 19:53:29.717929,2026-06-29 19:53:29.717929
2938,Austin,Wiggins,1963-09-16,sha256_002937,user2937@example.com,555-915-6047,2024-10-01,A,PREMIER,87,2026-06-29 19:53:29.717929,2026-06-29 19:53:29.717929
2939,Nicholas,George,2002-09-13,sha256_002938,user2938@example.com,555-703-1025,2012-03-08,C,PREMIER,36,2026-06-29 19:53:29.717929,2026-06-29 19:53:29.717929
2940,Alexis,Prince,1976-09-05,sha256_002939,user2939@example.com,555-992-7845,2013-11-06,A,STUDENT,214,2026-06-29 19:53:29.717929,2026-06-29 19:53:29.717929
2941,Daniel,Alvarez,1947-08-31,sha256_002940,user2940@example.com,555-870-5724,2026-03-26,A,SMALL_BIZ,221,2026-06-29 19:53:29.717929,2026-06-29 19:53:29.717929
2942,Amanda,Taylor,2007-05-18,sha256_002941,user2941@example.com,555-374-3890,2024-04-06,A,MASS,96,2026-06-29 19:53:29.717929,2026-06-29 19:53:29.717929
2943,Larry,Harrison,1981-11-28,sha256_002942,user2942@example.com,555-920-3200,2020-12-28,A,DIGITAL,250,2026-06-29 19:53:29.717929,2026-06-29 19:53:29.717929
2944,Diana,Diaz,2001-12-25,sha256_002943,user2943@example.com,555-386-9234,2013-05-27,A,PREMIER,231,2026-06-29 19:53:29.717929,2026-06-29 19:53:29.717929
2945,Tim,Goodman,1982-08-08,sha256_002944,user2944@example.com,555-780-4482,2022-03-06,A,DIGITAL,103,2026-06-29 19:53:29.717929,2026-06-29 19:53:29.717929
2946,Jeffrey,Anderson,1998-07-28,sha256_002945,user2945@example.com,555-260-3993,2014-06-02,A,DIGITAL,133,2026-06-29 19:53:29.717929,2026-06-29 19:53:29.717929
2947,Christopher,Davis,2004-08-15,sha256_002946,user2946@example.com,555-618-8220,2014-11-09,A,SMALL_BIZ,468,2026-06-29 19:53:29.717929,2026-06-29 19:53:29.717929
2948,Daniel,Perez,1968-07-19,sha256_002947,user2947@example.com,555-839-2789,2024-09-20,A,SMALL_BIZ,86,2026-06-29 19:53:29.717929,2026-06-29 19:53:29.717929
2949,Mark,Dickson,1953-11-11,sha256_002948,user2948@example.com,555-281-5802,2021-04-29,A,PREMIER,194,2026-06-29 19:53:29.717929,2026-06-29 19:53:29.717929
2950,Barbara,Stephenson,1986-04-09,sha256_002949,user2949@example.com,555-327-5534,2019-04-01,I,PREMIER,176,2026-06-29 19:53:29.717929,2026-06-29 19:53:29.717929
2951,Robert,Stanley,1992-05-27,sha256_002950,user2950@example.com,555-230-4846,2013-06-15,I,WEALTH,249,2026-06-29 19:53:29.717929,2026-06-29 19:53:29.717929
2952,Austin,Bullock,1980-04-22,sha256_002951,user2951@example.com,555-888-2651,2025-06-07,A,PREMIER,32,2026-06-29 19:53:29.717929,2026-06-29 19:53:29.717929
2953,James,White,1967-04-16,sha256_002952,user2952@example.com,555-472-1118,2012-03-16,A,SMALL_BIZ,299,2026-06-29 19:53:29.717929,2026-06-29 19:53:29.717929
2954,Laura,Martin,1951-01-26,sha256_002953,user2953@example.com,555-242-2586,2011-12-31,A,DIGITAL,268,2026-06-29 19:53:29.717929,2026-06-29 19:53:29.717929
2955,Timothy,Cooper,1963-02-06,sha256_002954,user2954@example.com,555-207-7154,2020-01-10,I,STUDENT,267,2026-06-29 19:53:29.717929,2026-06-29 19:53:29.717929
2956,Barbara,Hayes,1983-08-13,sha256_002955,user2955@example.com,555-979-5355,2023-09-05,A,WEALTH,243,2026-06-29 19:53:29.717929,2026-06-29 19:53:29.717929
2957,Amy,Wilson,1955-11-20,sha256_002956,user2956@example.com,555-975-6521,2020-10-04,A,STUDENT,220,2026-06-29 19:53:29.717929,2026-06-29 19:53:29.717929
2958,Sandra,Rogers,1960-03-15,sha256_002957,user2957@example.com,555-544-7074,2022-12-15,I,SMALL_BIZ,456,2026-06-29 19:53:29.717929,2026-06-29 19:53:29.717929
2959,Lindsay,Freeman,2001-04-16,sha256_002958,user2958@example.com,555-551-6164,2015-04-20,A,DIGITAL,482,2026-06-29 19:53:29.717929,2026-06-29 19:53:29.717929
2960,Elizabeth,Peterson,1978-04-08,sha256_002959,user2959@example.com,555-569-7528,2021-05-21,A,WEALTH,313,2026-06-29 19:53:29.717929,2026-06-29 19:53:29.717929
2961,Michael,May,1976-04-08,sha256_002960,user2960@example.com,555-258-6833,2012-06-06,A,MASS,413,2026-06-29 19:53:29.717929,2026-06-29 19:53:29.717929
2962,Jeremy,Ellis,2006-02-16,sha256_002961,user2961@example.com,555-302-1050,2013-05-16,A,WEALTH,446,2026-06-29 19:53:29.717929,2026-06-29 19:53:29.717929
2963,Kenneth,Marks,1948-12-08,sha256_002962,user2962@example.com,555-915-7583,2019-09-14,A,SMALL_BIZ,428,2026-06-29 19:53:29.717929,2026-06-29 19:53:29.717929
2964,Tracey,Miller,1962-01-23,sha256_002963,user2963@example.com,555-342-1420,2017-12-30,C,STUDENT,63,2026-06-29 19:53:29.717929,2026-06-29 19:53:29.717929
2965,Raymond,Pugh,1999-07-30,sha256_002964,user2964@example.com,555-743-5578,2019-01-08,I,SMALL_BIZ,385,2026-06-29 19:53:29.717929,2026-06-29 19:53:29.717929
2966,Mary,Walker,2008-05-23,sha256_002965,user2965@example.com,555-454-7036,2014-05-25,A,WEALTH,317,2026-06-29 19:53:29.717929,2026-06-29 19:53:29.717929
2967,Michael,Burke,1942-08-12,sha256_002966,user2966@example.com,555-902-8785,2022-06-07,A,STUDENT,212,2026-06-29 19:53:29.717929,2026-06-29 19:53:29.717929
2968,Alicia,Mcbride,1951-08-29,sha256_002967,user2967@example.com,555-876-4079,2024-04-26,A,PREMIER,327,2026-06-29 19:53:29.717929,2026-06-29 19:53:29.717929
2969,Stacey,Schmidt,1965-10-15,sha256_002968,user2968@example.com,555-529-1272,2014-12-05,I,SMALL_BIZ,185,2026-06-29 19:53:29.717929,2026-06-29 19:53:29.717929
2970,Gabriel,Walters,1966-07-31,sha256_002969,user2969@example.com,555-246-6333,2012-12-25,A,SMALL_BIZ,228,2026-06-29 19:53:29.717929,2026-06-29 19:53:29.717929
2971,Karen,Hernandez,1982-11-28,sha256_002970,user2970@example.com,555-439-8938,2024-01-26,A,WEALTH,379,2026-06-29 19:53:29.717929,2026-06-29 19:53:29.717929
2972,Michele,Ramirez,2004-08-13,sha256_002971,user2971@example.com,555-827-2333,2020-08-02,A,MASS,220,2026-06-29 19:53:29.717929,2026-06-29 19:53:29.717929
2973,Kenneth,Santana,2005-09-30,sha256_002972,user2972@example.com,555-687-2645,2025-08-24,A,SMALL_BIZ,198,2026-06-29 19:53:29.717929,2026-06-29 19:53:29.717929
2974,Taylor,Taylor,2006-08-13,sha256_002973,user2973@example.com,555-500-4196,2024-10-28,A,SMALL_BIZ,74,2026-06-29 19:53:29.717929,2026-06-29 19:53:29.717929
2975,John,Peters,2004-05-06,sha256_002974,user2974@example.com,555-732-9267,2011-06-30,A,PREMIER,66,2026-06-29 19:53:29.717929,2026-06-29 19:53:29.717929
2976,Christie,Chung,1962-05-15,sha256_002975,user2975@example.com,555-709-2426,2025-04-05,A,MASS,427,2026-06-29 19:53:29.717929,2026-06-29 19:53:29.717929
2977,Douglas,Carson,1945-06-17,sha256_002976,user2976@example.com,555-889-9990,2017-08-12,I,WEALTH,87,2026-06-29 19:53:29.717929,2026-06-29 19:53:29.717929
2978,Stephanie,Sanchez,1992-09-19,sha256_002977,user2977@example.com,555-656-2895,2023-07-13,A,WEALTH,340,2026-06-29 19:53:29.717929,2026-06-29 19:53:29.717929
2979,Peter,Lee,1994-03-04,sha256_002978,user2978@example.com,555-753-4946,2021-02-16,A,DIGITAL,109,2026-06-29 19:53:29.717929,2026-06-29 19:53:29.717929
2980,Tabitha,Hill,1997-05-22,sha256_002979,user2979@example.com,555-374-2465,2012-07-17,C,PREMIER,223,2026-06-29 19:53:29.717929,2026-06-29 19:53:29.717929
2981,Jodi,Blackburn,2001-04-18,sha256_002980,user2980@example.com,555-932-1478,2013-05-01,A,DIGITAL,476,2026-06-29 19:53:29.717929,2026-06-29 19:53:29.717929
2982,Emily,Hodges,1951-08-31,sha256_002981,user2981@example.com,555-534-7283,2018-02-07,A,MASS,113,2026-06-29 19:53:29.717929,2026-06-29 19:53:29.717929
2983,Larry,Garcia,1942-03-19,sha256_002982,user2982@example.com,555-936-5220,2013-03-29,A,SMALL_BIZ,244,2026-06-29 19:53:29.717929,2026-06-29 19:53:29.717929
2984,Donna,Evans,1983-08-09,sha256_002983,user2983@example.com,555-886-3016,2018-07-09,A,SMALL_BIZ,70,2026-06-29 19:53:29.717929,2026-06-29 19:53:29.717929
2985,Shawn,Jones,1949-11-09,sha256_002984,user2984@example.com,555-747-9060,2022-07-29,A,PREMIER,408,2026-06-29 19:53:29.717929,2026-06-29 19:53:29.717929
2986,Matthew,Nelson,2007-01-30,sha256_002985,user2985@example.com,555-908-6452,2025-01-27,C,DIGITAL,478,2026-06-29 19:53:29.717929,2026-06-29 19:53:29.717929
2987,Patricia,Rodriguez,2007-09-07,sha256_002986,user2986@example.com,555-789-2059,2017-03-07,A,SMALL_BIZ,176,2026-06-29 19:53:29.717929,2026-06-29 19:53:29.717929
2988,Nancy,Holt,1972-09-30,sha256_002987,user2987@example.com,555-586-7252,2020-03-20,A,SMALL_BIZ,329,2026-06-29 19:53:29.717929,2026-06-29 19:53:29.717929
2989,Jeffrey,Garcia,1994-09-20,sha256_002988,user2988@example.com,555-775-8159,2022-10-21,A,DIGITAL,115,2026-06-29 19:53:29.717929,2026-06-29 19:53:29.717929
2990,Carol,Cox,2008-04-30,sha256_002989,user2989@example.com,555-465-2895,2020-06-28,I,MASS,45,2026-06-29 19:53:29.717929,2026-06-29 19:53:29.717929
2991,Mary,Richmond,1999-09-27,sha256_002990,user2990@example.com,555-314-2460,2021-05-30,A,MASS,380,2026-06-29 19:53:29.717929,2026-06-29 19:53:29.717929
2992,Michelle,Ramirez,1969-09-28,sha256_002991,user2991@example.com,555-806-4082,2021-01-03,A,SMALL_BIZ,483,2026-06-29 19:53:29.717929,2026-06-29 19:53:29.717929
2993,Johnathan,Romero,1990-01-01,sha256_002992,user2992@example.com,555-318-7025,2015-08-10,A,DIGITAL,437,2026-06-29 19:53:29.717929,2026-06-29 19:53:29.717929
2994,Tonya,Miller,1969-08-10,sha256_002993,user2993@example.com,555-520-7229,2023-12-19,A,STUDENT,378,2026-06-29 19:53:29.717929,2026-06-29 19:53:29.717929
2995,John,Simpson,1948-04-07,sha256_002994,user2994@example.com,555-201-6092,2023-07-07,A,PREMIER,303,2026-06-29 19:53:29.717929,2026-06-29 19:53:29.717929
2996,Dalton,Norman,1981-02-03,sha256_002995,user2995@example.com,555-748-4110,2021-06-03,I,WEALTH,217,2026-06-29 19:53:29.717929,2026-06-29 19:53:29.717929
2997,Mary,Bennett,1988-12-17,sha256_002996,user2996@example.com,555-527-6980,2019-11-09,A,SMALL_BIZ,479,2026-06-29 19:53:29.717929,2026-06-29 19:53:29.717929
2998,Patrick,Guzman,1976-04-05,sha256_002997,user2997@example.com,555-329-9515,2025-04-17,A,SMALL_BIZ,309,2026-06-29 19:53:29.717929,2026-06-29 19:53:29.717929
2999,Stephanie,Johnston,1981-01-16,sha256_002998,user2998@example.com,555-804-4639,2023-05-01,A,PREMIER,203,2026-06-29 19:53:29.717929,2026-06-29 19:53:29.717929
3000,Michael,Chambers,1949-05-12,sha256_002999,user2999@example.com,555-209-9819,2022-11-21,I,WEALTH,162,2026-06-29 19:53:29.717929,2026-06-29 19:53:29.717929
3001,Phillip,Garner,2002-01-16,sha256_003000,user3000@example.com,555-348-5863,2017-10-13,A,DIGITAL,256,2026-06-29 19:53:29.717929,2026-06-29 19:53:29.717929
3002,Melissa,Berry,1964-10-04,sha256_003001,user3001@example.com,555-896-8467,2023-04-01,A,DIGITAL,308,2026-06-29 19:53:29.717929,2026-06-29 19:53:29.717929
3003,Lisa,Fuller,1976-07-07,sha256_003002,user3002@example.com,555-490-3389,2025-07-08,A,SMALL_BIZ,341,2026-06-29 19:53:29.717929,2026-06-29 19:53:29.717929
3004,Anthony,Bradley,1993-08-04,sha256_003003,user3003@example.com,555-919-1562,2021-06-21,A,STUDENT,164,2026-06-29 19:53:29.717929,2026-06-29 19:53:29.717929
3005,Corey,Knapp,1943-02-09,sha256_003004,user3004@example.com,555-516-9230,2025-08-08,A,SMALL_BIZ,64,2026-06-29 19:53:29.717929,2026-06-29 19:53:29.717929
3006,Melissa,King,1995-03-21,sha256_003005,user3005@example.com,555-480-8836,2022-05-14,I,SMALL_BIZ,425,2026-06-29 19:53:29.717929,2026-06-29 19:53:29.717929
3007,Teresa,Wright,1996-04-27,sha256_003006,user3006@example.com,555-420-9110,2016-08-15,I,MASS,361,2026-06-29 19:53:29.717929,2026-06-29 19:53:29.717929
3008,Stephen,Ritter,1971-05-17,sha256_003007,user3007@example.com,555-585-1963,2012-03-15,A,MASS,79,2026-06-29 19:53:29.717929,2026-06-29 19:53:29.717929
3009,Jason,Townsend,1959-02-15,sha256_003008,user3008@example.com,555-933-4450,2023-05-01,A,SMALL_BIZ,479,2026-06-29 19:53:29.717929,2026-06-29 19:53:29.717929
3010,Richard,Bailey,1978-02-27,sha256_003009,user3009@example.com,555-430-1861,2016-04-16,A,DIGITAL,439,2026-06-29 19:53:29.717929,2026-06-29 19:53:29.717929
3011,Melissa,Cook,1996-02-16,sha256_003010,user3010@example.com,555-699-7419,2024-02-03,A,MASS,418,2026-06-29 19:53:29.717929,2026-06-29 19:53:29.717929
3012,Mary,Perez,1982-10-15,sha256_003011,user3011@example.com,555-875-3608,2022-07-12,A,PREMIER,281,2026-06-29 19:53:29.717929,2026-06-29 19:53:29.717929
3013,Jennifer,Fowler,1997-01-04,sha256_003012,user3012@example.com,555-601-6528,2012-12-31,A,WEALTH,348,2026-06-29 19:53:29.717929,2026-06-29 19:53:29.717929
3014,Jacob,Reyes,1962-06-16,sha256_003013,user3013@example.com,555-684-6706,2018-11-28,A,WEALTH,201,2026-06-29 19:53:29.717929,2026-06-29 19:53:29.717929
3015,Michael,Shaffer,1959-03-23,sha256_003014,user3014@example.com,555-273-9648,2022-01-16,A,SMALL_BIZ,145,2026-06-29 19:53:29.717929,2026-06-29 19:53:29.717929
3016,Susan,Morris,2001-07-04,sha256_003015,user3015@example.com,555-489-4196,2022-10-01,A,SMALL_BIZ,439,2026-06-29 19:53:29.717929,2026-06-29 19:53:29.717929
3017,Regina,Graves,1948-12-17,sha256_003016,user3016@example.com,555-761-7451,2020-03-03,A,PREMIER,68,2026-06-29 19:53:29.717929,2026-06-29 19:53:29.717929
3018,Amanda,Sanders,1979-01-16,sha256_003017,user3017@example.com,555-531-1886,2022-10-12,A,SMALL_BIZ,156,2026-06-29 19:53:29.717929,2026-06-29 19:53:29.717929
3019,Christopher,Harper,1988-02-05,sha256_003018,user3018@example.com,555-668-3681,2014-06-15,A,STUDENT,71,2026-06-29 19:53:29.717929,2026-06-29 19:53:29.717929
3020,Jose,Baldwin,2000-03-30,sha256_003019,user3019@example.com,555-652-8904,2017-07-11,A,MASS,460,2026-06-29 19:53:29.717929,2026-06-29 19:53:29.717929
3021,Samantha,Garcia,1977-03-10,sha256_003020,user3020@example.com,555-348-4436,2017-05-29,A,DIGITAL,412,2026-06-29 19:53:29.717929,2026-06-29 19:53:29.717929
3022,Paige,Carter,2005-07-19,sha256_003021,user3021@example.com,555-966-4205,2023-08-23,A,SMALL_BIZ,334,2026-06-29 19:53:29.717929,2026-06-29 19:53:29.717929
3023,Yvonne,Ramos,1979-09-09,sha256_003022,user3022@example.com,555-209-6934,2012-09-18,A,SMALL_BIZ,439,2026-06-29 19:53:29.717929,2026-06-29 19:53:29.717929
3024,Elizabeth,Hill,1944-03-22,sha256_003023,user3023@example.com,555-789-2670,2019-08-31,A,SMALL_BIZ,403,2026-06-29 19:53:29.717929,2026-06-29 19:53:29.717929
3025,Tonya,Sanchez,1974-08-15,sha256_003024,user3024@example.com,555-351-7169,2023-12-03,A,WEALTH,348,2026-06-29 19:53:29.717929,2026-06-29 19:53:29.717929
3026,Jason,Smith,1956-08-15,sha256_003025,user3025@example.com,555-372-1922,2021-02-26,A,PREMIER,183,2026-06-29 19:53:29.717929,2026-06-29 19:53:29.717929
3027,Cheryl,Massey,1957-10-26,sha256_003026,user3026@example.com,555-685-3943,2011-10-20,I,PREMIER,61,2026-06-29 19:53:29.717929,2026-06-29 19:53:29.717929
3028,Ashley,Gutierrez,1969-04-06,sha256_003027,user3027@example.com,555-727-6545,2019-09-18,A,STUDENT,223,2026-06-29 19:53:29.717929,2026-06-29 19:53:29.717929
3029,Courtney,Oneal,1998-04-20,sha256_003028,user3028@example.com,555-352-7619,2020-02-27,A,DIGITAL,18,2026-06-29 19:53:29.717929,2026-06-29 19:53:29.717929
3030,Jasmine,Holden,2007-02-03,sha256_003029,user3029@example.com,555-321-4946,2022-08-19,A,WEALTH,251,2026-06-29 19:53:29.717929,2026-06-29 19:53:29.717929
3031,Mitchell,Mccullough,1995-04-27,sha256_003030,user3030@example.com,555-509-3826,2015-06-04,A,SMALL_BIZ,382,2026-06-29 19:53:29.717929,2026-06-29 19:53:29.717929
3032,Michael,Rubio,2004-04-06,sha256_003031,user3031@example.com,555-584-2468,2016-04-07,A,WEALTH,443,2026-06-29 19:53:29.717929,2026-06-29 19:53:29.717929
3033,Valerie,Wright,1950-07-03,sha256_003032,user3032@example.com,555-865-7260,2024-04-26,A,MASS,324,2026-06-29 19:53:29.717929,2026-06-29 19:53:29.717929
3034,Tina,Mueller,1977-07-22,sha256_003033,user3033@example.com,555-868-8292,2013-05-30,A,MASS,6,2026-06-29 19:53:29.717929,2026-06-29 19:53:29.717929
3035,Lawrence,Aguirre,1975-06-28,sha256_003034,user3034@example.com,555-322-2910,2018-08-03,A,PREMIER,63,2026-06-29 19:53:29.717929,2026-06-29 19:53:29.717929
3036,Jennifer,Newman,1981-12-18,sha256_003035,user3035@example.com,555-700-9351,2022-03-26,A,DIGITAL,12,2026-06-29 19:53:29.717929,2026-06-29 19:53:29.717929
3037,Steven,Andrews,1978-08-12,sha256_003036,user3036@example.com,555-800-8856,2026-03-09,A,MASS,356,2026-06-29 19:53:29.717929,2026-06-29 19:53:29.717929
3038,Tyler,Graham,1945-01-20,sha256_003037,user3037@example.com,555-963-2549,2020-09-20,C,STUDENT,93,2026-06-29 19:53:29.717929,2026-06-29 19:53:29.717929
3039,Ann,Hansen,2005-05-08,sha256_003038,user3038@example.com,555-593-8932,2014-01-17,A,SMALL_BIZ,360,2026-06-29 19:53:29.717929,2026-06-29 19:53:29.717929
3040,Mikayla,Hernandez,1945-05-07,sha256_003039,user3039@example.com,555-644-5888,2016-09-04,A,STUDENT,65,2026-06-29 19:53:29.717929,2026-06-29 19:53:29.717929
3041,Jennifer,Hudson,1987-03-09,sha256_003040,user3040@example.com,555-301-6328,2012-06-19,A,PREMIER,366,2026-06-29 19:53:29.717929,2026-06-29 19:53:29.717929
3042,Jennifer,Henry,2004-12-17,sha256_003041,user3041@example.com,555-750-4029,2022-05-07,C,WEALTH,417,2026-06-29 19:53:29.717929,2026-06-29 19:53:29.717929
3043,Valerie,Lewis,1988-09-02,sha256_003042,user3042@example.com,555-917-1323,2025-07-22,A,WEALTH,285,2026-06-29 19:53:29.717929,2026-06-29 19:53:29.717929
3044,Emily,Rivera,1971-10-13,sha256_003043,user3043@example.com,555-749-9684,2019-07-10,A,WEALTH,33,2026-06-29 19:53:29.717929,2026-06-29 19:53:29.717929
3045,Sophia,Thomas,1979-09-02,sha256_003044,user3044@example.com,555-731-9830,2024-07-23,A,SMALL_BIZ,420,2026-06-29 19:53:29.717929,2026-06-29 19:53:29.717929
3046,Leonard,Smith,1977-08-23,sha256_003045,user3045@example.com,555-867-3033,2021-08-27,A,DIGITAL,495,2026-06-29 19:53:29.717929,2026-06-29 19:53:29.717929
3047,Michael,Wilson,1982-05-02,sha256_003046,user3046@example.com,555-874-2922,2022-02-11,A,DIGITAL,442,2026-06-29 19:53:29.717929,2026-06-29 19:53:29.717929
3048,Alyssa,Cross,2006-12-21,sha256_003047,user3047@example.com,555-813-3948,2020-08-24,A,PREMIER,285,2026-06-29 19:53:29.717929,2026-06-29 19:53:29.717929
3049,Carolyn,Blake,1990-07-28,sha256_003048,user3048@example.com,555-657-6149,2015-03-15,A,PREMIER,21,2026-06-29 19:53:29.717929,2026-06-29 19:53:29.717929
3050,Debra,Simpson,1953-07-04,sha256_003049,user3049@example.com,555-331-4378,2014-03-12,A,SMALL_BIZ,83,2026-06-29 19:53:29.717929,2026-06-29 19:53:29.717929
3051,Sophia,Berry,1949-07-01,sha256_003050,user3050@example.com,555-289-5206,2012-10-26,A,PREMIER,44,2026-06-29 19:53:29.717929,2026-06-29 19:53:29.717929
3052,Rick,Horton,2005-01-27,sha256_003051,user3051@example.com,555-327-9292,2017-04-09,A,MASS,187,2026-06-29 19:53:29.717929,2026-06-29 19:53:29.717929
3053,Cody,Kelly,1950-10-09,sha256_003052,user3052@example.com,555-757-3811,2016-08-11,A,WEALTH,484,2026-06-29 19:53:29.717929,2026-06-29 19:53:29.717929
3054,Victor,Lopez,1988-11-16,sha256_003053,user3053@example.com,555-873-1001,2024-08-09,A,DIGITAL,154,2026-06-29 19:53:29.717929,2026-06-29 19:53:29.717929
3055,Valerie,Schultz,1968-05-21,sha256_003054,user3054@example.com,555-247-9510,2014-11-14,A,MASS,338,2026-06-29 19:53:29.717929,2026-06-29 19:53:29.717929
3056,Alexandria,Smith,1964-04-02,sha256_003055,user3055@example.com,555-746-8289,2022-09-15,C,DIGITAL,296,2026-06-29 19:53:29.717929,2026-06-29 19:53:29.717929
3057,Brian,Brooks,1982-02-07,sha256_003056,user3056@example.com,555-702-6127,2026-02-20,A,STUDENT,467,2026-06-29 19:53:29.717929,2026-06-29 19:53:29.717929
3058,Allison,Smith,1952-10-12,sha256_003057,user3057@example.com,555-560-9818,2025-11-12,A,STUDENT,108,2026-06-29 19:53:29.717929,2026-06-29 19:53:29.717929
3059,Rebecca,Elliott,1967-04-09,sha256_003058,user3058@example.com,555-904-2622,2011-11-26,A,SMALL_BIZ,420,2026-06-29 19:53:29.717929,2026-06-29 19:53:29.717929
3060,Jacob,Oliver,1999-01-25,sha256_003059,user3059@example.com,555-245-4884,2025-09-30,C,PREMIER,97,2026-06-29 19:53:29.717929,2026-06-29 19:53:29.717929
3061,Michael,Wiggins,1953-09-02,sha256_003060,user3060@example.com,555-345-5910,2014-09-30,A,DIGITAL,491,2026-06-29 19:53:29.717929,2026-06-29 19:53:29.717929
3062,Audrey,Vance,2002-08-20,sha256_003061,user3061@example.com,555-337-4539,2020-06-08,A,STUDENT,184,2026-06-29 19:53:29.717929,2026-06-29 19:53:29.717929
3063,Gregory,Hernandez,1988-10-25,sha256_003062,user3062@example.com,555-484-3105,2024-08-12,A,SMALL_BIZ,319,2026-06-29 19:53:29.717929,2026-06-29 19:53:29.717929
3064,Benjamin,Medina,1996-05-12,sha256_003063,user3063@example.com,555-632-2218,2011-12-11,A,STUDENT,131,2026-06-29 19:53:29.717929,2026-06-29 19:53:29.717929
3065,Lindsay,Collins,2005-09-04,sha256_003064,user3064@example.com,555-466-7255,2025-07-10,A,SMALL_BIZ,463,2026-06-29 19:53:29.717929,2026-06-29 19:53:29.717929
3066,Henry,Stone,1961-01-06,sha256_003065,user3065@example.com,555-367-7554,2016-09-11,A,WEALTH,43,2026-06-29 19:53:29.717929,2026-06-29 19:53:29.717929
3067,Carrie,Osborn,2001-10-21,sha256_003066,user3066@example.com,555-460-7968,2018-11-30,A,SMALL_BIZ,74,2026-06-29 19:53:29.717929,2026-06-29 19:53:29.717929
3068,Sarah,Kelley,2003-02-17,sha256_003067,user3067@example.com,555-748-4338,2025-06-25,C,PREMIER,323,2026-06-29 19:53:29.717929,2026-06-29 19:53:29.717929
3069,Darren,Spencer,1967-07-18,sha256_003068,user3068@example.com,555-950-5413,2018-03-04,A,SMALL_BIZ,357,2026-06-29 19:53:29.717929,2026-06-29 19:53:29.717929
3070,John,Roth,1964-02-28,sha256_003069,user3069@example.com,555-861-4156,2016-12-11,A,SMALL_BIZ,191,2026-06-29 19:53:29.717929,2026-06-29 19:53:29.717929
3071,Michael,Rangel,1954-02-09,sha256_003070,user3070@example.com,555-777-9379,2017-07-09,A,STUDENT,84,2026-06-29 19:53:29.717929,2026-06-29 19:53:29.717929
3072,Renee,Zimmerman,2003-03-16,sha256_003071,user3071@example.com,555-629-3514,2023-08-03,A,MASS,404,2026-06-29 19:53:29.717929,2026-06-29 19:53:29.717929
3073,April,Alvarado,1997-09-15,sha256_003072,user3072@example.com,555-644-7208,2012-12-18,A,PREMIER,494,2026-06-29 19:53:29.717929,2026-06-29 19:53:29.717929
3074,Bailey,Patel,1962-12-20,sha256_003073,user3073@example.com,555-818-5055,2019-05-11,A,PREMIER,139,2026-06-29 19:53:29.717929,2026-06-29 19:53:29.717929
3075,James,Flores,1967-11-26,sha256_003074,user3074@example.com,555-327-9707,2019-08-23,A,PREMIER,351,2026-06-29 19:53:29.717929,2026-06-29 19:53:29.717929
3076,Sheryl,Simmons,1971-07-02,sha256_003075,user3075@example.com,555-761-7664,2014-06-12,I,PREMIER,169,2026-06-29 19:53:29.717929,2026-06-29 19:53:29.717929
3077,Andrew,Garcia,1970-08-24,sha256_003076,user3076@example.com,555-855-2457,2012-09-19,I,MASS,466,2026-06-29 19:53:29.717929,2026-06-29 19:53:29.717929
3078,Kevin,Gay,1979-02-04,sha256_003077,user3077@example.com,555-541-5476,2020-08-02,A,DIGITAL,445,2026-06-29 19:53:29.717929,2026-06-29 19:53:29.717929
3079,Holly,Rose,1993-02-16,sha256_003078,user3078@example.com,555-431-5483,2022-12-28,A,PREMIER,51,2026-06-29 19:53:29.717929,2026-06-29 19:53:29.717929
3080,Kurt,Matthews,1944-04-12,sha256_003079,user3079@example.com,555-586-4640,2025-08-13,I,WEALTH,488,2026-06-29 19:53:29.717929,2026-06-29 19:53:29.717929
3081,Danielle,Stevenson,2001-10-22,sha256_003080,user3080@example.com,555-307-3023,2019-08-03,A,DIGITAL,270,2026-06-29 19:53:29.717929,2026-06-29 19:53:29.717929
3082,Kevin,Lopez,1977-04-15,sha256_003081,user3081@example.com,555-945-6022,2012-03-12,I,STUDENT,421,2026-06-29 19:53:29.717929,2026-06-29 19:53:29.717929
3083,Marcia,Russo,2006-02-02,sha256_003082,user3082@example.com,555-701-2565,2012-04-09,A,STUDENT,179,2026-06-29 19:53:29.717929,2026-06-29 19:53:29.717929
3084,Gregory,Wood,1990-12-21,sha256_003083,user3083@example.com,555-917-5620,2019-04-23,A,STUDENT,139,2026-06-29 19:53:29.717929,2026-06-29 19:53:29.717929
3085,Corey,Dodson,1988-05-02,sha256_003084,user3084@example.com,555-822-2623,2025-01-28,A,PREMIER,88,2026-06-29 19:53:29.717929,2026-06-29 19:53:29.717929
3086,Charles,Harris,2001-04-11,sha256_003085,user3085@example.com,555-525-7382,2022-02-12,A,DIGITAL,177,2026-06-29 19:53:29.717929,2026-06-29 19:53:29.717929
3087,Alexis,Weeks,1955-05-06,sha256_003086,user3086@example.com,555-959-9711,2021-01-16,A,STUDENT,305,2026-06-29 19:53:29.717929,2026-06-29 19:53:29.717929
3088,Sandra,Smith,1955-04-18,sha256_003087,user3087@example.com,555-612-8812,2021-10-10,A,STUDENT,66,2026-06-29 19:53:29.717929,2026-06-29 19:53:29.717929
3089,Marie,Joyce,1957-08-06,sha256_003088,user3088@example.com,555-465-1155,2023-08-18,A,SMALL_BIZ,263,2026-06-29 19:53:29.717929,2026-06-29 19:53:29.717929
3090,Nathan,Monroe,2007-08-16,sha256_003089,user3089@example.com,555-930-3547,2023-10-27,A,SMALL_BIZ,65,2026-06-29 19:53:29.717929,2026-06-29 19:53:29.717929
3091,John,Barnett,1944-06-28,sha256_003090,user3090@example.com,555-346-7206,2013-08-08,A,STUDENT,377,2026-06-29 19:53:29.717929,2026-06-29 19:53:29.717929
3092,Ashley,Shields,2000-07-31,sha256_003091,user3091@example.com,555-473-1866,2017-10-19,C,SMALL_BIZ,328,2026-06-29 19:53:29.717929,2026-06-29 19:53:29.717929
3093,Natasha,Doyle,1983-06-12,sha256_003092,user3092@example.com,555-579-5081,2014-07-19,A,SMALL_BIZ,312,2026-06-29 19:53:29.717929,2026-06-29 19:53:29.717929
3094,Robert,Gutierrez,1959-10-04,sha256_003093,user3093@example.com,555-628-8500,2021-10-15,I,DIGITAL,225,2026-06-29 19:53:29.717929,2026-06-29 19:53:29.717929
3095,Lisa,Freeman,1960-02-15,sha256_003094,user3094@example.com,555-562-8678,2024-12-06,A,STUDENT,147,2026-06-29 19:53:29.717929,2026-06-29 19:53:29.717929
3096,Randall,Dominguez,1981-09-12,sha256_003095,user3095@example.com,555-482-8008,2020-11-02,A,STUDENT,483,2026-06-29 19:53:29.717929,2026-06-29 19:53:29.717929
3097,Jeffrey,Walsh,1971-08-01,sha256_003096,user3096@example.com,555-935-4748,2021-05-19,C,MASS,326,2026-06-29 19:53:29.717929,2026-06-29 19:53:29.717929
3098,Tracy,White,1949-03-19,sha256_003097,user3097@example.com,555-289-6007,2024-12-13,A,WEALTH,395,2026-06-29 19:53:29.717929,2026-06-29 19:53:29.717929
3099,Jonathan,Becker,1963-06-05,sha256_003098,user3098@example.com,555-520-2476,2025-07-26,A,SMALL_BIZ,41,2026-06-29 19:53:29.717929,2026-06-29 19:53:29.717929
3100,Amanda,Mitchell,2003-11-04,sha256_003099,user3099@example.com,555-278-4932,2017-06-06,A,PREMIER,85,2026-06-29 19:53:29.717929,2026-06-29 19:53:29.717929
3101,David,Carson,1979-09-09,sha256_003100,user3100@example.com,555-789-1940,2013-02-09,A,PREMIER,381,2026-06-29 19:53:29.717929,2026-06-29 19:53:29.717929
3102,Angela,Jimenez,2000-09-20,sha256_003101,user3101@example.com,555-492-9074,2025-08-31,A,PREMIER,493,2026-06-29 19:53:29.717929,2026-06-29 19:53:29.717929
3103,Taylor,Rodriguez,1950-01-03,sha256_003102,user3102@example.com,555-634-9334,2026-05-05,I,SMALL_BIZ,70,2026-06-29 19:53:29.717929,2026-06-29 19:53:29.717929
3104,Jack,Farmer,1956-10-23,sha256_003103,user3103@example.com,555-691-9156,2023-12-02,A,STUDENT,351,2026-06-29 19:53:29.717929,2026-06-29 19:53:29.717929
3105,Christina,Kim,1995-07-09,sha256_003104,user3104@example.com,555-893-9722,2015-02-05,A,SMALL_BIZ,64,2026-06-29 19:53:29.717929,2026-06-29 19:53:29.717929
3106,Blake,Peck,1951-01-21,sha256_003105,user3105@example.com,555-615-1227,2020-05-25,A,STUDENT,98,2026-06-29 19:53:29.717929,2026-06-29 19:53:29.717929
3107,Jason,Stewart,1992-11-12,sha256_003106,user3106@example.com,555-963-1119,2014-04-23,A,SMALL_BIZ,218,2026-06-29 19:53:29.717929,2026-06-29 19:53:29.717929
3108,Matthew,Clements,1979-08-08,sha256_003107,user3107@example.com,555-919-9754,2025-08-22,A,SMALL_BIZ,177,2026-06-29 19:53:29.717929,2026-06-29 19:53:29.717929
3109,James,Schneider,2003-04-03,sha256_003108,user3108@example.com,555-450-9652,2016-09-17,A,SMALL_BIZ,312,2026-06-29 19:53:29.717929,2026-06-29 19:53:29.717929
3110,Kelly,Brown,1967-09-16,sha256_003109,user3109@example.com,555-243-8350,2013-10-10,A,DIGITAL,346,2026-06-29 19:53:29.717929,2026-06-29 19:53:29.717929
3111,Diane,Gonzales,1953-10-25,sha256_003110,user3110@example.com,555-982-9577,2014-05-22,A,DIGITAL,90,2026-06-29 19:53:29.717929,2026-06-29 19:53:29.717929
3112,John,Rice,1999-11-14,sha256_003111,user3111@example.com,555-276-7013,2012-07-11,A,DIGITAL,264,2026-06-29 19:53:29.717929,2026-06-29 19:53:29.717929
3113,Tamara,Brown,1978-10-19,sha256_003112,user3112@example.com,555-561-1834,2013-08-18,A,WEALTH,254,2026-06-29 19:53:29.717929,2026-06-29 19:53:29.717929
3114,Amanda,Montgomery,1987-05-15,sha256_003113,user3113@example.com,555-588-3793,2017-08-09,A,MASS,497,2026-06-29 19:53:29.717929,2026-06-29 19:53:29.717929
3115,Mitchell,Thomas,1952-11-15,sha256_003114,user3114@example.com,555-315-6537,2025-05-28,A,SMALL_BIZ,128,2026-06-29 19:53:29.717929,2026-06-29 19:53:29.717929
3116,Patrick,Hart,1948-06-11,sha256_003115,user3115@example.com,555-752-2931,2014-12-23,I,MASS,154,2026-06-29 19:53:29.717929,2026-06-29 19:53:29.717929
3117,David,Walker,1996-01-04,sha256_003116,user3116@example.com,555-694-5809,2022-12-16,A,MASS,110,2026-06-29 19:53:29.717929,2026-06-29 19:53:29.717929
3118,Charles,Banks,1983-08-02,sha256_003117,user3117@example.com,555-202-7449,2019-11-25,A,DIGITAL,473,2026-06-29 19:53:29.717929,2026-06-29 19:53:29.717929
3119,Deanna,Campbell,2002-07-07,sha256_003118,user3118@example.com,555-512-9446,2025-06-21,A,PREMIER,479,2026-06-29 19:53:29.717929,2026-06-29 19:53:29.717929
3120,Kaitlin,Vega,1982-10-07,sha256_003119,user3119@example.com,555-674-8999,2018-03-14,A,PREMIER,183,2026-06-29 19:53:29.717929,2026-06-29 19:53:29.717929
3121,Vanessa,Gibson,1982-07-15,sha256_003120,user3120@example.com,555-206-8542,2016-08-21,A,MASS,153,2026-06-29 19:53:29.717929,2026-06-29 19:53:29.717929
3122,Amanda,Ward,2003-02-03,sha256_003121,user3121@example.com,555-562-2755,2013-10-10,A,PREMIER,180,2026-06-29 19:53:29.717929,2026-06-29 19:53:29.717929
3123,Greg,Coffey,1951-03-02,sha256_003122,user3122@example.com,555-939-4050,2020-12-29,A,WEALTH,182,2026-06-29 19:53:29.717929,2026-06-29 19:53:29.717929
3124,Micheal,Smith,2008-06-06,sha256_003123,user3123@example.com,555-209-2660,2024-08-24,A,WEALTH,252,2026-06-29 19:53:29.717929,2026-06-29 19:53:29.717929
3125,Steve,Page,1995-06-16,sha256_003124,user3124@example.com,555-402-2388,2013-08-21,A,STUDENT,264,2026-06-29 19:53:29.717929,2026-06-29 19:53:29.717929
3126,Richard,Larsen,1977-10-09,sha256_003125,user3125@example.com,555-357-7729,2014-11-16,A,PREMIER,468,2026-06-29 19:53:29.717929,2026-06-29 19:53:29.717929
3127,Robert,Butler,1965-02-19,sha256_003126,user3126@example.com,555-699-1113,2025-07-17,A,DIGITAL,394,2026-06-29 19:53:29.717929,2026-06-29 19:53:29.717929
3128,Paul,Cox,1990-08-19,sha256_003127,user3127@example.com,555-872-5098,2018-02-10,A,DIGITAL,241,2026-06-29 19:53:29.717929,2026-06-29 19:53:29.717929
3129,Jennifer,Harris,1963-05-02,sha256_003128,user3128@example.com,555-604-7132,2017-06-10,C,MASS,187,2026-06-29 19:53:29.717929,2026-06-29 19:53:29.717929
3130,James,Russo,1956-01-11,sha256_003129,user3129@example.com,555-638-3984,2014-05-04,I,STUDENT,416,2026-06-29 19:53:29.717929,2026-06-29 19:53:29.717929
3131,Rachel,Kelley,1985-08-31,sha256_003130,user3130@example.com,555-475-2780,2020-09-21,A,WEALTH,337,2026-06-29 19:53:29.717929,2026-06-29 19:53:29.717929
3132,Dawn,Lewis,1992-09-04,sha256_003131,user3131@example.com,555-649-3651,2017-07-31,I,DIGITAL,182,2026-06-29 19:53:29.717929,2026-06-29 19:53:29.717929
3133,Denise,Evans,1950-12-17,sha256_003132,user3132@example.com,555-965-8110,2013-02-10,I,PREMIER,184,2026-06-29 19:53:29.717929,2026-06-29 19:53:29.717929
3134,Cindy,Williams,1997-04-17,sha256_003133,user3133@example.com,555-926-4251,2023-01-17,A,PREMIER,98,2026-06-29 19:53:29.717929,2026-06-29 19:53:29.717929
3135,Eric,Cruz,1956-01-16,sha256_003134,user3134@example.com,555-491-1659,2019-09-21,A,DIGITAL,203,2026-06-29 19:53:29.717929,2026-06-29 19:53:29.717929
3136,Scott,Benson,1976-02-29,sha256_003135,user3135@example.com,555-631-6426,2014-03-07,A,PREMIER,83,2026-06-29 19:53:29.717929,2026-06-29 19:53:29.717929
3137,Joshua,Reese,1967-05-09,sha256_003136,user3136@example.com,555-882-4260,2021-06-10,A,WEALTH,492,2026-06-29 19:53:29.717929,2026-06-29 19:53:29.717929
3138,Richard,Casey,1979-03-28,sha256_003137,user3137@example.com,555-881-5354,2013-10-25,A,PREMIER,216,2026-06-29 19:53:29.717929,2026-06-29 19:53:29.717929
3139,Taylor,Parrish,1954-09-29,sha256_003138,user3138@example.com,555-700-9119,2017-08-17,A,SMALL_BIZ,366,2026-06-29 19:53:29.717929,2026-06-29 19:53:29.717929
3140,Leslie,Fitzpatrick,1950-03-28,sha256_003139,user3139@example.com,555-330-6322,2025-05-20,A,WEALTH,257,2026-06-29 19:53:29.717929,2026-06-29 19:53:29.717929
3141,Nancy,Lowe,1982-07-08,sha256_003140,user3140@example.com,555-943-7370,2022-06-17,A,DIGITAL,57,2026-06-29 19:53:29.717929,2026-06-29 19:53:29.717929
3142,Alan,Atkins,1994-03-20,sha256_003141,user3141@example.com,555-310-1346,2012-10-08,I,DIGITAL,80,2026-06-29 19:53:29.717929,2026-06-29 19:53:29.717929
3143,Lawrence,Winters,1945-01-09,sha256_003142,user3142@example.com,555-552-9192,2024-03-17,A,PREMIER,393,2026-06-29 19:53:29.717929,2026-06-29 19:53:29.717929
3144,Jason,Pittman,1955-02-03,sha256_003143,user3143@example.com,555-900-4874,2013-09-26,A,PREMIER,348,2026-06-29 19:53:29.717929,2026-06-29 19:53:29.717929
3145,Brandy,Clayton,1965-10-22,sha256_003144,user3144@example.com,555-550-8039,2025-01-20,A,STUDENT,378,2026-06-29 19:53:29.717929,2026-06-29 19:53:29.717929
3146,Keith,Garcia,1973-04-27,sha256_003145,user3145@example.com,555-208-8116,2021-12-26,A,WEALTH,149,2026-06-29 19:53:29.717929,2026-06-29 19:53:29.717929
3147,Edwin,Perry,1979-02-19,sha256_003146,user3146@example.com,555-488-8961,2024-12-05,I,PREMIER,390,2026-06-29 19:53:29.717929,2026-06-29 19:53:29.717929
3148,Eric,Tran,1977-02-26,sha256_003147,user3147@example.com,555-639-5059,2020-09-18,A,STUDENT,79,2026-06-29 19:53:29.717929,2026-06-29 19:53:29.717929
3149,Hannah,Mckee,1972-12-13,sha256_003148,user3148@example.com,555-946-9376,2026-02-28,A,DIGITAL,128,2026-06-29 19:53:29.717929,2026-06-29 19:53:29.717929
3150,Dwayne,Wallace,2006-11-21,sha256_003149,user3149@example.com,555-487-2884,2021-05-24,A,MASS,359,2026-06-29 19:53:29.717929,2026-06-29 19:53:29.717929
3151,Parker,Gray,1992-02-14,sha256_003150,user3150@example.com,555-453-8031,2013-07-06,A,DIGITAL,243,2026-06-29 19:53:29.717929,2026-06-29 19:53:29.717929
3152,Hailey,Meyers,1952-11-29,sha256_003151,user3151@example.com,555-923-2688,2011-10-15,A,SMALL_BIZ,374,2026-06-29 19:53:29.717929,2026-06-29 19:53:29.717929
3153,Hunter,Shannon,2003-11-12,sha256_003152,user3152@example.com,555-714-3968,2020-03-20,A,DIGITAL,438,2026-06-29 19:53:29.717929,2026-06-29 19:53:29.717929
3154,Ashley,Blackwell,2006-07-02,sha256_003153,user3153@example.com,555-805-3436,2025-08-12,A,DIGITAL,62,2026-06-29 19:53:29.717929,2026-06-29 19:53:29.717929
3155,Casey,Taylor,2007-09-03,sha256_003154,user3154@example.com,555-335-7574,2024-09-18,A,PREMIER,141,2026-06-29 19:53:29.717929,2026-06-29 19:53:29.717929
3156,Edward,Haney,1961-08-06,sha256_003155,user3155@example.com,555-396-3395,2017-05-12,A,WEALTH,10,2026-06-29 19:53:29.717929,2026-06-29 19:53:29.717929
3157,Suzanne,Flores,1994-06-26,sha256_003156,user3156@example.com,555-831-4270,2021-06-20,I,PREMIER,443,2026-06-29 19:53:29.717929,2026-06-29 19:53:29.717929
3158,Christopher,Morrison,1989-02-25,sha256_003157,user3157@example.com,555-252-7231,2025-08-23,A,WEALTH,269,2026-06-29 19:53:29.717929,2026-06-29 19:53:29.717929
3159,Patricia,Butler,1995-01-17,sha256_003158,user3158@example.com,555-513-4791,2011-09-23,I,DIGITAL,173,2026-06-29 19:53:29.717929,2026-06-29 19:53:29.717929
3160,James,Ramirez,1952-10-26,sha256_003159,user3159@example.com,555-636-8851,2024-03-10,A,PREMIER,262,2026-06-29 19:53:29.717929,2026-06-29 19:53:29.717929
3161,Tracy,Bullock,1976-05-11,sha256_003160,user3160@example.com,555-637-1846,2025-02-25,A,MASS,57,2026-06-29 19:53:29.717929,2026-06-29 19:53:29.717929
3162,Kristopher,Cole,1944-12-22,sha256_003161,user3161@example.com,555-475-6956,2015-01-20,A,MASS,483,2026-06-29 19:53:29.717929,2026-06-29 19:53:29.717929
3163,Karen,Wolf,1970-07-01,sha256_003162,user3162@example.com,555-559-7849,2012-02-04,A,DIGITAL,164,2026-06-29 19:53:29.717929,2026-06-29 19:53:29.717929
3164,Andrea,Anderson,1972-03-07,sha256_003163,user3163@example.com,555-248-3977,2012-09-08,A,PREMIER,1,2026-06-29 19:53:29.717929,2026-06-29 19:53:29.717929
3165,Jessica,Smith,2007-01-12,sha256_003164,user3164@example.com,555-253-6269,2020-10-20,A,DIGITAL,147,2026-06-29 19:53:29.717929,2026-06-29 19:53:29.717929
3166,Norman,Johnson,1966-12-30,sha256_003165,user3165@example.com,555-683-5590,2024-12-25,A,STUDENT,52,2026-06-29 19:53:29.717929,2026-06-29 19:53:29.717929
3167,Matthew,Pratt,1986-07-05,sha256_003166,user3166@example.com,555-641-4028,2021-11-20,I,MASS,486,2026-06-29 19:53:29.717929,2026-06-29 19:53:29.717929
3168,Richard,Peterson,1998-09-07,sha256_003167,user3167@example.com,555-703-6956,2023-03-10,A,MASS,156,2026-06-29 19:53:29.717929,2026-06-29 19:53:29.717929
3169,Andrea,Burns,2004-08-30,sha256_003168,user3168@example.com,555-314-2587,2022-03-21,A,SMALL_BIZ,7,2026-06-29 19:53:29.717929,2026-06-29 19:53:29.717929
3170,Samantha,Miller,1959-05-11,sha256_003169,user3169@example.com,555-899-3134,2025-02-11,A,MASS,185,2026-06-29 19:53:29.717929,2026-06-29 19:53:29.717929
3171,William,Wilson,1986-02-16,sha256_003170,user3170@example.com,555-959-6920,2016-03-30,A,SMALL_BIZ,399,2026-06-29 19:53:29.717929,2026-06-29 19:53:29.717929
3172,Daniel,Jones,1995-10-23,sha256_003171,user3171@example.com,555-803-9664,2023-07-09,A,STUDENT,191,2026-06-29 19:53:29.717929,2026-06-29 19:53:29.717929
3173,Laurie,Maxwell,1966-07-05,sha256_003172,user3172@example.com,555-443-5521,2013-10-15,A,DIGITAL,300,2026-06-29 19:53:29.717929,2026-06-29 19:53:29.717929
3174,Alexander,Roman,1999-05-11,sha256_003173,user3173@example.com,555-593-2429,2011-08-20,A,PREMIER,67,2026-06-29 19:53:29.717929,2026-06-29 19:53:29.717929
3175,Eric,Sims,1999-10-16,sha256_003174,user3174@example.com,555-844-2971,2020-09-13,A,PREMIER,301,2026-06-29 19:53:29.717929,2026-06-29 19:53:29.717929
3176,Morgan,Hartman,1999-11-14,sha256_003175,user3175@example.com,555-870-4120,2018-05-13,A,DIGITAL,361,2026-06-29 19:53:29.717929,2026-06-29 19:53:29.717929
3177,Janet,Gonzalez,1948-07-31,sha256_003176,user3176@example.com,555-656-2616,2013-04-23,A,PREMIER,483,2026-06-29 19:53:29.717929,2026-06-29 19:53:29.717929
3178,Christopher,Bean,1991-06-23,sha256_003177,user3177@example.com,555-759-6618,2012-09-13,I,MASS,372,2026-06-29 19:53:29.717929,2026-06-29 19:53:29.717929
3179,Jesse,Williams,1941-09-30,sha256_003178,user3178@example.com,555-685-4309,2023-04-20,A,STUDENT,370,2026-06-29 19:53:29.717929,2026-06-29 19:53:29.717929
3180,Alyssa,Alvarez,1946-10-24,sha256_003179,user3179@example.com,555-357-1717,2016-04-08,A,DIGITAL,99,2026-06-29 19:53:29.717929,2026-06-29 19:53:29.717929
3181,Catherine,Lopez,1954-09-17,sha256_003180,user3180@example.com,555-628-5137,2026-03-25,A,STUDENT,500,2026-06-29 19:53:29.717929,2026-06-29 19:53:29.717929
3182,Michelle,Brown,1960-10-16,sha256_003181,user3181@example.com,555-555-6996,2021-07-30,A,WEALTH,323,2026-06-29 19:53:29.717929,2026-06-29 19:53:29.717929
3183,Gregory,Gonzalez,1953-11-18,sha256_003182,user3182@example.com,555-934-2923,2011-08-02,A,WEALTH,35,2026-06-29 19:53:29.717929,2026-06-29 19:53:29.717929
3184,Teresa,Graves,1951-02-18,sha256_003183,user3183@example.com,555-694-7864,2019-07-30,A,STUDENT,477,2026-06-29 19:53:29.717929,2026-06-29 19:53:29.717929
3185,Jacob,Morris,1988-07-31,sha256_003184,user3184@example.com,555-715-1358,2012-08-14,A,DIGITAL,307,2026-06-29 19:53:29.717929,2026-06-29 19:53:29.717929
3186,Cynthia,Vargas,2007-12-14,sha256_003185,user3185@example.com,555-480-3112,2013-11-30,A,MASS,24,2026-06-29 19:53:29.717929,2026-06-29 19:53:29.717929
3187,Justin,Simmons,1981-10-17,sha256_003186,user3186@example.com,555-779-1996,2019-01-18,A,SMALL_BIZ,98,2026-06-29 19:53:29.717929,2026-06-29 19:53:29.717929
3188,Alyssa,Pena,1996-09-23,sha256_003187,user3187@example.com,555-958-7512,2022-06-18,A,WEALTH,351,2026-06-29 19:53:29.717929,2026-06-29 19:53:29.717929
3189,Karen,Brown,2006-05-10,sha256_003188,user3188@example.com,555-745-9412,2015-03-31,I,PREMIER,85,2026-06-29 19:53:29.717929,2026-06-29 19:53:29.717929
3190,Jessica,Harvey,1945-09-12,sha256_003189,user3189@example.com,555-648-9344,2016-08-16,A,WEALTH,288,2026-06-29 19:53:29.717929,2026-06-29 19:53:29.717929
3191,Kathy,Moran,1996-04-11,sha256_003190,user3190@example.com,555-998-7393,2012-09-06,A,WEALTH,311,2026-06-29 19:53:29.717929,2026-06-29 19:53:29.717929
3192,Christopher,Chapman,1942-04-18,sha256_003191,user3191@example.com,555-478-4390,2022-08-05,I,DIGITAL,2,2026-06-29 19:53:29.717929,2026-06-29 19:53:29.717929
3193,Erin,Gregory,2002-11-19,sha256_003192,user3192@example.com,555-363-4568,2016-11-18,C,STUDENT,357,2026-06-29 19:53:29.717929,2026-06-29 19:53:29.717929
3194,Mary,Hayes,1945-11-27,sha256_003193,user3193@example.com,555-209-9401,2015-05-29,A,WEALTH,258,2026-06-29 19:53:29.717929,2026-06-29 19:53:29.717929
3195,Victor,Hines,1991-03-21,sha256_003194,user3194@example.com,555-924-9602,2018-08-28,A,MASS,156,2026-06-29 19:53:29.717929,2026-06-29 19:53:29.717929
3196,James,Matthews,1962-06-30,sha256_003195,user3195@example.com,555-425-5855,2026-05-25,A,SMALL_BIZ,138,2026-06-29 19:53:29.717929,2026-06-29 19:53:29.717929
3197,Steven,Murray,1944-05-08,sha256_003196,user3196@example.com,555-765-2951,2016-10-02,I,DIGITAL,115,2026-06-29 19:53:29.717929,2026-06-29 19:53:29.717929
3198,Teresa,Ford,2003-05-12,sha256_003197,user3197@example.com,555-246-9741,2024-02-13,I,DIGITAL,150,2026-06-29 19:53:29.717929,2026-06-29 19:53:29.717929
3199,Douglas,Christensen,2001-09-23,sha256_003198,user3198@example.com,555-240-3427,2018-03-27,A,MASS,475,2026-06-29 19:53:29.717929,2026-06-29 19:53:29.717929
3200,Donald,Stewart,1969-08-08,sha256_003199,user3199@example.com,555-336-5430,2011-11-09,A,PREMIER,329,2026-06-29 19:53:29.717929,2026-06-29 19:53:29.717929
3201,Reginald,Smith,2007-10-21,sha256_003200,user3200@example.com,555-454-4440,2020-12-02,A,STUDENT,60,2026-06-29 19:53:29.717929,2026-06-29 19:53:29.717929
3202,Gerald,Watkins,1994-07-06,sha256_003201,user3201@example.com,555-201-6692,2021-05-12,A,SMALL_BIZ,310,2026-06-29 19:53:29.717929,2026-06-29 19:53:29.717929
3203,Peter,Hernandez,1953-10-24,sha256_003202,user3202@example.com,555-577-6317,2012-11-26,A,PREMIER,485,2026-06-29 19:53:29.717929,2026-06-29 19:53:29.717929
3204,Philip,Torres,1964-02-03,sha256_003203,user3203@example.com,555-922-9999,2011-10-25,I,MASS,370,2026-06-29 19:53:29.717929,2026-06-29 19:53:29.717929
3205,Jeremy,Tucker,2005-06-27,sha256_003204,user3204@example.com,555-336-7690,2019-09-08,A,STUDENT,151,2026-06-29 19:53:29.717929,2026-06-29 19:53:29.717929
3206,Stacey,Moore,1989-12-24,sha256_003205,user3205@example.com,555-532-1938,2017-12-12,I,SMALL_BIZ,418,2026-06-29 19:53:29.717929,2026-06-29 19:53:29.717929
3207,Suzanne,Jones,2006-06-02,sha256_003206,user3206@example.com,555-210-6824,2012-05-19,I,DIGITAL,375,2026-06-29 19:53:29.717929,2026-06-29 19:53:29.717929
3208,Keith,Young,1963-02-25,sha256_003207,user3207@example.com,555-486-3895,2018-08-08,A,MASS,498,2026-06-29 19:53:29.717929,2026-06-29 19:53:29.717929
3209,Robert,Smith,2004-09-10,sha256_003208,user3208@example.com,555-216-9804,2023-06-24,A,SMALL_BIZ,445,2026-06-29 19:53:29.717929,2026-06-29 19:53:29.717929
3210,Crystal,Sutton,1962-02-16,sha256_003209,user3209@example.com,555-996-2743,2013-11-09,A,SMALL_BIZ,382,2026-06-29 19:53:29.717929,2026-06-29 19:53:29.717929
3211,David,Campbell,1970-03-26,sha256_003210,user3210@example.com,555-904-7258,2013-04-22,A,SMALL_BIZ,132,2026-06-29 19:53:29.717929,2026-06-29 19:53:29.717929
3212,Michelle,Wood,1990-01-18,sha256_003211,user3211@example.com,555-841-4377,2023-07-14,A,WEALTH,113,2026-06-29 19:53:29.717929,2026-06-29 19:53:29.717929
3213,Sergio,Butler,2006-07-05,sha256_003212,user3212@example.com,555-532-5403,2012-06-06,A,DIGITAL,298,2026-06-29 19:53:29.717929,2026-06-29 19:53:29.717929
3214,Jesus,Wiggins,1955-07-11,sha256_003213,user3213@example.com,555-844-7479,2016-05-10,A,DIGITAL,229,2026-06-29 19:53:29.717929,2026-06-29 19:53:29.717929
3215,Teresa,Buchanan,1962-06-07,sha256_003214,user3214@example.com,555-437-8109,2025-02-24,A,MASS,76,2026-06-29 19:53:29.717929,2026-06-29 19:53:29.717929
3216,Mark,Lee,1978-09-04,sha256_003215,user3215@example.com,555-690-2535,2020-02-07,A,WEALTH,93,2026-06-29 19:53:29.717929,2026-06-29 19:53:29.717929
3217,Cynthia,Maddox,1950-01-04,sha256_003216,user3216@example.com,555-670-4031,2016-04-16,A,DIGITAL,97,2026-06-29 19:53:29.717929,2026-06-29 19:53:29.717929
3218,Joel,Weiss,1956-10-30,sha256_003217,user3217@example.com,555-783-9036,2020-05-02,A,SMALL_BIZ,93,2026-06-29 19:53:29.717929,2026-06-29 19:53:29.717929
3219,Andrew,Dixon,1974-03-24,sha256_003218,user3218@example.com,555-863-5621,2018-07-01,A,PREMIER,159,2026-06-29 19:53:29.717929,2026-06-29 19:53:29.717929
3220,Cindy,Miller,1947-11-24,sha256_003219,user3219@example.com,555-366-3911,2022-09-06,A,WEALTH,352,2026-06-29 19:53:29.717929,2026-06-29 19:53:29.717929
3221,Patricia,Mullen,1974-05-20,sha256_003220,user3220@example.com,555-822-4077,2020-06-24,A,PREMIER,74,2026-06-29 19:53:29.717929,2026-06-29 19:53:29.717929
3222,Kimberly,Moody,1959-04-25,sha256_003221,user3221@example.com,555-273-7986,2018-03-13,A,DIGITAL,233,2026-06-29 19:53:29.717929,2026-06-29 19:53:29.717929
3223,Melanie,Brown,1959-12-31,sha256_003222,user3222@example.com,555-860-7594,2013-08-16,A,PREMIER,371,2026-06-29 19:53:29.717929,2026-06-29 19:53:29.717929
3224,Mark,Summers,1958-01-05,sha256_003223,user3223@example.com,555-739-3249,2020-12-07,A,SMALL_BIZ,385,2026-06-29 19:53:29.717929,2026-06-29 19:53:29.717929
3225,Joseph,Flores,1973-10-27,sha256_003224,user3224@example.com,555-212-2633,2013-09-02,A,WEALTH,197,2026-06-29 19:53:29.717929,2026-06-29 19:53:29.717929
3226,Amanda,Holloway,2007-07-03,sha256_003225,user3225@example.com,555-221-2802,2020-07-06,I,PREMIER,391,2026-06-29 19:53:29.717929,2026-06-29 19:53:29.717929
3227,Carla,Martinez,1984-10-05,sha256_003226,user3226@example.com,555-859-1716,2025-10-11,A,DIGITAL,128,2026-06-29 19:53:29.717929,2026-06-29 19:53:29.717929
3228,James,Lindsey,1990-08-18,sha256_003227,user3227@example.com,555-988-2369,2022-06-18,A,MASS,74,2026-06-29 19:53:29.717929,2026-06-29 19:53:29.717929
3229,Rodney,Cardenas,1960-05-31,sha256_003228,user3228@example.com,555-842-1221,2023-04-15,A,PREMIER,491,2026-06-29 19:53:29.717929,2026-06-29 19:53:29.717929
3230,Douglas,Johnson,1942-03-23,sha256_003229,user3229@example.com,555-308-9886,2015-05-21,A,SMALL_BIZ,419,2026-06-29 19:53:29.717929,2026-06-29 19:53:29.717929
3231,Christian,Marshall,1985-02-24,sha256_003230,user3230@example.com,555-546-2392,2022-11-12,A,DIGITAL,72,2026-06-29 19:53:29.717929,2026-06-29 19:53:29.717929
3232,Connie,Peters,2002-06-12,sha256_003231,user3231@example.com,555-691-8279,2013-09-10,A,DIGITAL,158,2026-06-29 19:53:29.717929,2026-06-29 19:53:29.717929
3233,Daniel,Hill,1981-04-11,sha256_003232,user3232@example.com,555-539-8846,2022-10-21,A,DIGITAL,125,2026-06-29 19:53:29.717929,2026-06-29 19:53:29.717929
3234,Shawn,Martin,1959-12-24,sha256_003233,user3233@example.com,555-257-9905,2022-01-10,A,SMALL_BIZ,137,2026-06-29 19:53:29.717929,2026-06-29 19:53:29.717929
3235,David,Parrish,1950-02-07,sha256_003234,user3234@example.com,555-842-9906,2025-10-02,A,PREMIER,11,2026-06-29 19:53:29.717929,2026-06-29 19:53:29.717929
3236,Leslie,Le,1978-07-07,sha256_003235,user3235@example.com,555-245-2684,2016-12-28,A,STUDENT,152,2026-06-29 19:53:29.717929,2026-06-29 19:53:29.717929
3237,Debbie,Foster,1978-05-08,sha256_003236,user3236@example.com,555-305-9381,2020-11-14,A,WEALTH,73,2026-06-29 19:53:29.717929,2026-06-29 19:53:29.717929
3238,Austin,Campbell,1963-05-17,sha256_003237,user3237@example.com,555-201-4675,2023-12-18,C,PREMIER,117,2026-06-29 19:53:29.717929,2026-06-29 19:53:29.717929
3239,Nicole,Brown,1979-05-22,sha256_003238,user3238@example.com,555-637-7314,2019-12-21,A,DIGITAL,181,2026-06-29 19:53:29.717929,2026-06-29 19:53:29.717929
3240,Caleb,Jones,1989-07-19,sha256_003239,user3239@example.com,555-871-5699,2013-06-16,A,DIGITAL,472,2026-06-29 19:53:29.717929,2026-06-29 19:53:29.717929
3241,Shelby,Young,1951-08-25,sha256_003240,user3240@example.com,555-900-7303,2019-04-16,A,SMALL_BIZ,453,2026-06-29 19:53:29.717929,2026-06-29 19:53:29.717929
3242,Matthew,Gutierrez,1992-01-20,sha256_003241,user3241@example.com,555-932-2841,2025-12-30,A,WEALTH,87,2026-06-29 19:53:29.717929,2026-06-29 19:53:29.717929
3243,Amy,Warren,1991-10-19,sha256_003242,user3242@example.com,555-312-4678,2018-11-02,A,PREMIER,490,2026-06-29 19:53:29.717929,2026-06-29 19:53:29.717929
3244,Eric,Carson,1984-06-28,sha256_003243,user3243@example.com,555-488-6854,2017-05-25,A,PREMIER,316,2026-06-29 19:53:29.717929,2026-06-29 19:53:29.717929
3245,Darius,Pruitt,1996-01-20,sha256_003244,user3244@example.com,555-541-2939,2018-03-07,A,MASS,473,2026-06-29 19:53:29.717929,2026-06-29 19:53:29.717929
3246,Deanna,Grant,1958-12-17,sha256_003245,user3245@example.com,555-286-1710,2015-01-22,A,STUDENT,78,2026-06-29 19:53:29.717929,2026-06-29 19:53:29.717929
3247,Jeremiah,Williams,1945-01-03,sha256_003246,user3246@example.com,555-382-8022,2024-01-24,A,STUDENT,172,2026-06-29 19:53:29.717929,2026-06-29 19:53:29.717929
3248,Elijah,Harrell,1956-03-01,sha256_003247,user3247@example.com,555-814-3971,2014-12-17,A,SMALL_BIZ,218,2026-06-29 19:53:29.717929,2026-06-29 19:53:29.717929
3249,Katelyn,Santiago,1975-01-11,sha256_003248,user3248@example.com,555-353-5940,2016-04-22,I,STUDENT,419,2026-06-29 19:53:29.717929,2026-06-29 19:53:29.717929
3250,Travis,Caldwell,1942-10-13,sha256_003249,user3249@example.com,555-493-6707,2022-11-29,A,PREMIER,139,2026-06-29 19:53:29.717929,2026-06-29 19:53:29.717929
3251,Billy,Lawrence,1988-03-13,sha256_003250,user3250@example.com,555-711-7047,2019-09-12,A,MASS,416,2026-06-29 19:53:29.717929,2026-06-29 19:53:29.717929
3252,Adrian,Miles,1955-06-26,sha256_003251,user3251@example.com,555-928-2251,2020-03-08,A,PREMIER,442,2026-06-29 19:53:29.717929,2026-06-29 19:53:29.717929
3253,Rachel,Martin,1980-06-15,sha256_003252,user3252@example.com,555-352-3401,2016-12-24,A,MASS,76,2026-06-29 19:53:29.717929,2026-06-29 19:53:29.717929
3254,Rose,Garner,1955-09-30,sha256_003253,user3253@example.com,555-599-8318,2019-06-28,A,SMALL_BIZ,408,2026-06-29 19:53:29.717929,2026-06-29 19:53:29.717929
3255,William,Moore,1960-05-06,sha256_003254,user3254@example.com,555-689-2102,2019-10-16,A,PREMIER,296,2026-06-29 19:53:29.717929,2026-06-29 19:53:29.717929
3256,Matthew,Murphy,1954-12-31,sha256_003255,user3255@example.com,555-637-5562,2020-07-21,A,DIGITAL,47,2026-06-29 19:53:29.717929,2026-06-29 19:53:29.717929
3257,Justin,Johnson,1958-12-07,sha256_003256,user3256@example.com,555-530-3089,2013-04-08,A,DIGITAL,393,2026-06-29 19:53:29.717929,2026-06-29 19:53:29.717929
3258,William,Sullivan,1981-12-01,sha256_003257,user3257@example.com,555-594-6777,2021-03-17,A,MASS,254,2026-06-29 19:53:29.717929,2026-06-29 19:53:29.717929
3259,Linda,Newton,1953-11-16,sha256_003258,user3258@example.com,555-634-8885,2012-02-11,A,SMALL_BIZ,499,2026-06-29 19:53:29.717929,2026-06-29 19:53:29.717929
3260,Ashley,Burgess,2000-01-24,sha256_003259,user3259@example.com,555-623-6463,2014-06-23,I,DIGITAL,411,2026-06-29 19:53:29.717929,2026-06-29 19:53:29.717929
3261,Olivia,Meyers,1997-04-18,sha256_003260,user3260@example.com,555-869-5028,2021-07-19,A,WEALTH,215,2026-06-29 19:53:29.717929,2026-06-29 19:53:29.717929
3262,Connie,Knight,1965-09-03,sha256_003261,user3261@example.com,555-762-9144,2012-04-20,A,STUDENT,274,2026-06-29 19:53:29.717929,2026-06-29 19:53:29.717929
3263,William,Collins,2000-09-28,sha256_003262,user3262@example.com,555-704-9724,2015-04-03,A,STUDENT,421,2026-06-29 19:53:29.717929,2026-06-29 19:53:29.717929
3264,Matthew,Porter,1955-12-29,sha256_003263,user3263@example.com,555-435-7301,2014-03-10,A,PREMIER,298,2026-06-29 19:53:29.717929,2026-06-29 19:53:29.717929
3265,Stephen,Myers,1989-09-22,sha256_003264,user3264@example.com,555-932-7911,2022-03-26,A,STUDENT,296,2026-06-29 19:53:29.717929,2026-06-29 19:53:29.717929
3266,Timothy,Carlson,1991-12-31,sha256_003265,user3265@example.com,555-995-4593,2025-03-24,A,SMALL_BIZ,45,2026-06-29 19:53:29.717929,2026-06-29 19:53:29.717929
3267,Sharon,Jones,1994-10-03,sha256_003266,user3266@example.com,555-440-6926,2021-06-10,A,PREMIER,105,2026-06-29 19:53:29.717929,2026-06-29 19:53:29.717929
3268,Anthony,Williams,1948-09-04,sha256_003267,user3267@example.com,555-217-6937,2011-06-30,A,STUDENT,243,2026-06-29 19:53:29.717929,2026-06-29 19:53:29.717929
3269,Aaron,Wallace,1942-03-30,sha256_003268,user3268@example.com,555-336-2804,2015-08-01,A,PREMIER,467,2026-06-29 19:53:29.717929,2026-06-29 19:53:29.717929
3270,Colton,Richardson,1990-04-26,sha256_003269,user3269@example.com,555-557-6912,2025-10-30,A,DIGITAL,151,2026-06-29 19:53:29.717929,2026-06-29 19:53:29.717929
3271,Judy,Watson,1984-10-03,sha256_003270,user3270@example.com,555-671-3361,2025-12-22,A,STUDENT,498,2026-06-29 19:53:29.717929,2026-06-29 19:53:29.717929
3272,Kenneth,Johnson,1960-04-01,sha256_003271,user3271@example.com,555-631-4973,2021-03-29,A,DIGITAL,424,2026-06-29 19:53:29.717929,2026-06-29 19:53:29.717929
3273,Stephen,Randolph,1949-07-15,sha256_003272,user3272@example.com,555-429-1915,2013-08-09,A,SMALL_BIZ,71,2026-06-29 19:53:29.717929,2026-06-29 19:53:29.717929
3274,David,Fields,2007-05-15,sha256_003273,user3273@example.com,555-320-3344,2025-02-18,A,WEALTH,376,2026-06-29 19:53:29.717929,2026-06-29 19:53:29.717929
3275,Nicole,Frederick,2005-04-20,sha256_003274,user3274@example.com,555-226-7958,2023-04-26,I,MASS,28,2026-06-29 19:53:29.717929,2026-06-29 19:53:29.717929
3276,Jenny,Gibson,1953-03-10,sha256_003275,user3275@example.com,555-918-2736,2013-03-03,I,SMALL_BIZ,298,2026-06-29 19:53:29.717929,2026-06-29 19:53:29.717929
3277,Joshua,Johnson,2000-11-18,sha256_003276,user3276@example.com,555-275-8812,2021-11-09,I,STUDENT,446,2026-06-29 19:53:29.717929,2026-06-29 19:53:29.717929
3278,Heather,Lewis,1979-03-24,sha256_003277,user3277@example.com,555-361-1494,2012-06-07,A,DIGITAL,188,2026-06-29 19:53:29.717929,2026-06-29 19:53:29.717929
3279,Benjamin,Reynolds,1968-02-16,sha256_003278,user3278@example.com,555-344-2294,2017-02-13,A,DIGITAL,40,2026-06-29 19:53:29.717929,2026-06-29 19:53:29.717929
3280,Alexander,Merritt,1972-09-10,sha256_003279,user3279@example.com,555-212-7823,2014-02-06,A,DIGITAL,392,2026-06-29 19:53:29.717929,2026-06-29 19:53:29.717929
3281,Nancy,Mckinney,1985-06-25,sha256_003280,user3280@example.com,555-386-8696,2025-10-20,A,SMALL_BIZ,72,2026-06-29 19:53:29.717929,2026-06-29 19:53:29.717929
3282,Joseph,Lambert,1989-08-27,sha256_003281,user3281@example.com,555-966-9641,2014-07-07,A,SMALL_BIZ,486,2026-06-29 19:53:29.717929,2026-06-29 19:53:29.717929
3283,Hannah,Patrick,2006-01-09,sha256_003282,user3282@example.com,555-506-8703,2014-04-18,I,WEALTH,370,2026-06-29 19:53:29.717929,2026-06-29 19:53:29.717929
3284,Anna,Vincent,2008-03-18,sha256_003283,user3283@example.com,555-545-8274,2012-02-24,I,SMALL_BIZ,356,2026-06-29 19:53:29.717929,2026-06-29 19:53:29.717929
3285,Latoya,Baldwin,1978-12-09,sha256_003284,user3284@example.com,555-213-5698,2021-12-23,A,PREMIER,80,2026-06-29 19:53:29.717929,2026-06-29 19:53:29.717929
3286,Christopher,Richardson,1991-03-29,sha256_003285,user3285@example.com,555-261-1526,2015-10-07,A,STUDENT,385,2026-06-29 19:53:29.717929,2026-06-29 19:53:29.717929
3287,Nathaniel,Winters,1996-06-23,sha256_003286,user3286@example.com,555-377-9245,2019-08-13,A,DIGITAL,6,2026-06-29 19:53:29.717929,2026-06-29 19:53:29.717929
3288,Malik,Fowler,1990-02-22,sha256_003287,user3287@example.com,555-605-7940,2019-07-23,A,SMALL_BIZ,486,2026-06-29 19:53:29.717929,2026-06-29 19:53:29.717929
3289,Nathan,Lucero,1968-10-04,sha256_003288,user3288@example.com,555-665-5227,2020-02-23,I,STUDENT,257,2026-06-29 19:53:29.717929,2026-06-29 19:53:29.717929
3290,Emily,Preston,1992-11-24,sha256_003289,user3289@example.com,555-513-4724,2013-09-10,A,WEALTH,477,2026-06-29 19:53:29.717929,2026-06-29 19:53:29.717929
3291,Susan,Miller,1986-10-06,sha256_003290,user3290@example.com,555-360-5453,2017-07-29,A,PREMIER,268,2026-06-29 19:53:29.717929,2026-06-29 19:53:29.717929
3292,Sandy,Brewer,1958-06-16,sha256_003291,user3291@example.com,555-586-3050,2013-07-18,I,SMALL_BIZ,109,2026-06-29 19:53:29.717929,2026-06-29 19:53:29.717929
3293,Erin,Preston,1971-09-10,sha256_003292,user3292@example.com,555-610-1917,2019-07-15,A,DIGITAL,201,2026-06-29 19:53:29.717929,2026-06-29 19:53:29.717929
3294,Tonya,Thomas,1964-07-02,sha256_003293,user3293@example.com,555-388-2264,2025-03-10,A,SMALL_BIZ,240,2026-06-29 19:53:29.717929,2026-06-29 19:53:29.717929
3295,Julie,Rosales,1964-05-19,sha256_003294,user3294@example.com,555-688-6131,2020-12-05,C,SMALL_BIZ,329,2026-06-29 19:53:29.717929,2026-06-29 19:53:29.717929
3296,Laura,Summers,1979-12-05,sha256_003295,user3295@example.com,555-614-7233,2026-01-25,A,DIGITAL,28,2026-06-29 19:53:29.717929,2026-06-29 19:53:29.717929
3297,Nicole,Mooney,1968-01-18,sha256_003296,user3296@example.com,555-580-7950,2023-10-10,A,DIGITAL,139,2026-06-29 19:53:29.717929,2026-06-29 19:53:29.717929
3298,Barbara,Scott,1977-12-09,sha256_003297,user3297@example.com,555-311-2710,2019-03-30,A,PREMIER,186,2026-06-29 19:53:29.717929,2026-06-29 19:53:29.717929
3299,Jodi,Sutton,1978-05-16,sha256_003298,user3298@example.com,555-817-6496,2025-07-19,A,PREMIER,123,2026-06-29 19:53:29.717929,2026-06-29 19:53:29.717929
3300,Mark,Copeland,1994-04-08,sha256_003299,user3299@example.com,555-488-3666,2018-10-15,A,STUDENT,55,2026-06-29 19:53:29.717929,2026-06-29 19:53:29.717929
3301,Alexandra,Weiss,1966-07-03,sha256_003300,user3300@example.com,555-266-4471,2025-06-20,A,STUDENT,6,2026-06-29 19:53:29.717929,2026-06-29 19:53:29.717929
3302,Ricky,Walton,1956-03-02,sha256_003301,user3301@example.com,555-974-6064,2016-09-23,C,DIGITAL,283,2026-06-29 19:53:29.717929,2026-06-29 19:53:29.717929
3303,Shawn,Flowers,1948-08-15,sha256_003302,user3302@example.com,555-406-1530,2021-01-16,A,DIGITAL,138,2026-06-29 19:53:29.717929,2026-06-29 19:53:29.717929
3304,Aaron,Leon,2001-06-21,sha256_003303,user3303@example.com,555-287-1735,2014-04-20,A,STUDENT,405,2026-06-29 19:53:29.717929,2026-06-29 19:53:29.717929
3305,Drew,Jones,1975-04-17,sha256_003304,user3304@example.com,555-695-1748,2013-02-05,A,PREMIER,162,2026-06-29 19:53:29.717929,2026-06-29 19:53:29.717929
3306,Richard,Bryan,2005-02-23,sha256_003305,user3305@example.com,555-295-6056,2015-02-05,A,PREMIER,183,2026-06-29 19:53:29.717929,2026-06-29 19:53:29.717929
3307,Lisa,Johnson,1977-10-20,sha256_003306,user3306@example.com,555-969-5626,2012-12-06,A,WEALTH,257,2026-06-29 19:53:29.717929,2026-06-29 19:53:29.717929
3308,Jacob,Parsons,1943-07-29,sha256_003307,user3307@example.com,555-399-6152,2013-04-18,A,WEALTH,372,2026-06-29 19:53:29.717929,2026-06-29 19:53:29.717929
3309,Stephanie,Henderson,1946-04-09,sha256_003308,user3308@example.com,555-564-3122,2015-04-09,A,SMALL_BIZ,346,2026-06-29 19:53:29.717929,2026-06-29 19:53:29.717929
3310,Heidi,Evans,1965-06-11,sha256_003309,user3309@example.com,555-299-6428,2017-07-02,A,WEALTH,460,2026-06-29 19:53:29.717929,2026-06-29 19:53:29.717929
3311,Roy,Lawrence,1967-06-21,sha256_003310,user3310@example.com,555-959-9250,2014-08-07,A,PREMIER,258,2026-06-29 19:53:29.717929,2026-06-29 19:53:29.717929
3312,Bobby,Henry,1973-07-18,sha256_003311,user3311@example.com,555-993-3460,2020-08-30,A,PREMIER,301,2026-06-29 19:53:29.717929,2026-06-29 19:53:29.717929
3313,Anthony,Haynes,1943-08-09,sha256_003312,user3312@example.com,555-591-8814,2016-04-04,A,STUDENT,445,2026-06-29 19:53:29.717929,2026-06-29 19:53:29.717929
3314,Amber,Garcia,1999-03-10,sha256_003313,user3313@example.com,555-238-5753,2017-03-20,A,DIGITAL,78,2026-06-29 19:53:29.717929,2026-06-29 19:53:29.717929
3315,Michael,Mata,1987-08-17,sha256_003314,user3314@example.com,555-898-8587,2020-09-28,A,PREMIER,454,2026-06-29 19:53:29.717929,2026-06-29 19:53:29.717929
3316,Benjamin,Freeman,1974-05-05,sha256_003315,user3315@example.com,555-840-2528,2011-11-24,A,SMALL_BIZ,119,2026-06-29 19:53:29.717929,2026-06-29 19:53:29.717929
3317,Amy,Miller,2002-03-08,sha256_003316,user3316@example.com,555-420-3307,2018-07-29,A,SMALL_BIZ,83,2026-06-29 19:53:29.717929,2026-06-29 19:53:29.717929
3318,Sandra,Gibson,1990-01-06,sha256_003317,user3317@example.com,555-713-9459,2022-03-02,A,SMALL_BIZ,312,2026-06-29 19:53:29.717929,2026-06-29 19:53:29.717929
3319,Tracey,Johnson,1991-09-05,sha256_003318,user3318@example.com,555-867-9573,2015-02-03,A,MASS,230,2026-06-29 19:53:29.717929,2026-06-29 19:53:29.717929
3320,Melissa,Robinson,1962-04-01,sha256_003319,user3319@example.com,555-334-6554,2023-01-31,A,MASS,185,2026-06-29 19:53:29.717929,2026-06-29 19:53:29.717929
3321,David,Huffman,1968-12-31,sha256_003320,user3320@example.com,555-838-8059,2011-08-24,A,PREMIER,457,2026-06-29 19:53:29.717929,2026-06-29 19:53:29.717929
3322,Sean,Shaw,1993-10-21,sha256_003321,user3321@example.com,555-929-7350,2025-06-12,A,DIGITAL,107,2026-06-29 19:53:29.717929,2026-06-29 19:53:29.717929
3323,Paul,Buckley,1972-07-10,sha256_003322,user3322@example.com,555-825-2228,2021-11-21,A,DIGITAL,291,2026-06-29 19:53:29.717929,2026-06-29 19:53:29.717929
3324,Brenda,Wolfe,1985-04-15,sha256_003323,user3323@example.com,555-842-9151,2012-03-20,A,PREMIER,413,2026-06-29 19:53:29.717929,2026-06-29 19:53:29.717929
3325,Kelly,Martin,1974-05-24,sha256_003324,user3324@example.com,555-215-3336,2024-12-13,A,MASS,281,2026-06-29 19:53:29.717929,2026-06-29 19:53:29.717929
3326,Daniel,Moore,1960-12-09,sha256_003325,user3325@example.com,555-289-9174,2016-06-07,A,PREMIER,233,2026-06-29 19:53:29.717929,2026-06-29 19:53:29.717929
3327,Todd,Smith,1997-08-05,sha256_003326,user3326@example.com,555-521-3780,2014-06-18,A,MASS,83,2026-06-29 19:53:29.717929,2026-06-29 19:53:29.717929
3328,Rebecca,Barton,1993-06-19,sha256_003327,user3327@example.com,555-269-5589,2023-07-12,A,STUDENT,187,2026-06-29 19:53:29.717929,2026-06-29 19:53:29.717929
3329,Matthew,Vega,1944-06-06,sha256_003328,user3328@example.com,555-561-2461,2014-03-20,A,PREMIER,92,2026-06-29 19:53:29.717929,2026-06-29 19:53:29.717929
3330,Sean,Haynes,1998-02-21,sha256_003329,user3329@example.com,555-927-8548,2014-11-26,A,MASS,243,2026-06-29 19:53:29.717929,2026-06-29 19:53:29.717929
3331,Donald,Yang,2002-07-28,sha256_003330,user3330@example.com,555-462-8242,2013-01-02,A,SMALL_BIZ,474,2026-06-29 19:53:29.717929,2026-06-29 19:53:29.717929
3332,Samuel,Richardson,2004-12-01,sha256_003331,user3331@example.com,555-343-3031,2019-11-20,A,STUDENT,250,2026-06-29 19:53:29.717929,2026-06-29 19:53:29.717929
3333,Alicia,Benson,1988-04-26,sha256_003332,user3332@example.com,555-240-6955,2011-10-18,A,MASS,206,2026-06-29 19:53:29.717929,2026-06-29 19:53:29.717929
3334,Thomas,Ramirez,1984-01-09,sha256_003333,user3333@example.com,555-618-3113,2013-01-28,A,WEALTH,188,2026-06-29 19:53:29.717929,2026-06-29 19:53:29.717929
3335,Cameron,Baker,1978-10-30,sha256_003334,user3334@example.com,555-724-6138,2017-10-15,I,MASS,43,2026-06-29 19:53:29.717929,2026-06-29 19:53:29.717929
3336,Richard,Calhoun,2005-01-18,sha256_003335,user3335@example.com,555-898-7769,2016-10-28,A,STUDENT,231,2026-06-29 19:53:29.717929,2026-06-29 19:53:29.717929
3337,David,Martin,2002-03-26,sha256_003336,user3336@example.com,555-469-1699,2024-07-20,I,STUDENT,330,2026-06-29 19:53:29.717929,2026-06-29 19:53:29.717929
3338,Sean,Barajas,1979-09-16,sha256_003337,user3337@example.com,555-258-5011,2021-05-28,A,SMALL_BIZ,421,2026-06-29 19:53:29.717929,2026-06-29 19:53:29.717929
3339,Carl,Tyler,1966-07-03,sha256_003338,user3338@example.com,555-774-1130,2015-06-01,A,DIGITAL,437,2026-06-29 19:53:29.717929,2026-06-29 19:53:29.717929
3340,Anita,Hall,1953-12-02,sha256_003339,user3339@example.com,555-307-5762,2017-08-27,A,WEALTH,82,2026-06-29 19:53:29.717929,2026-06-29 19:53:29.717929
3341,Jacqueline,Smith,1951-05-14,sha256_003340,user3340@example.com,555-783-7541,2013-06-23,I,PREMIER,115,2026-06-29 19:53:29.717929,2026-06-29 19:53:29.717929
3342,Daniel,Wade,1945-07-06,sha256_003341,user3341@example.com,555-597-8573,2023-04-01,A,SMALL_BIZ,48,2026-06-29 19:53:29.717929,2026-06-29 19:53:29.717929
3343,Nicole,Taylor,1980-09-21,sha256_003342,user3342@example.com,555-557-8632,2011-08-16,A,WEALTH,329,2026-06-29 19:53:29.717929,2026-06-29 19:53:29.717929
3344,Laurie,Lopez,2003-03-07,sha256_003343,user3343@example.com,555-747-8616,2024-04-30,A,PREMIER,44,2026-06-29 19:53:29.717929,2026-06-29 19:53:29.717929
3345,Cory,Hughes,1973-04-19,sha256_003344,user3344@example.com,555-384-2775,2018-08-19,A,WEALTH,394,2026-06-29 19:53:29.717929,2026-06-29 19:53:29.717929
3346,Linda,Thomas,1983-12-05,sha256_003345,user3345@example.com,555-643-4268,2019-07-27,A,WEALTH,169,2026-06-29 19:53:29.717929,2026-06-29 19:53:29.717929
3347,Michelle,Jones,1949-12-30,sha256_003346,user3346@example.com,555-266-6198,2019-02-05,A,MASS,310,2026-06-29 19:53:29.717929,2026-06-29 19:53:29.717929
3348,Ashlee,Wright,1975-11-21,sha256_003347,user3347@example.com,555-697-4483,2026-03-22,A,SMALL_BIZ,380,2026-06-29 19:53:29.717929,2026-06-29 19:53:29.717929
3349,Michael,Perez,1991-12-20,sha256_003348,user3348@example.com,555-687-2873,2024-01-07,A,MASS,233,2026-06-29 19:53:29.717929,2026-06-29 19:53:29.717929
3350,Ryan,Harrell,1959-01-28,sha256_003349,user3349@example.com,555-239-9930,2012-05-19,A,DIGITAL,486,2026-06-29 19:53:29.717929,2026-06-29 19:53:29.717929
3351,Emily,Galvan,1993-10-16,sha256_003350,user3350@example.com,555-681-3384,2011-11-26,A,SMALL_BIZ,110,2026-06-29 19:53:29.717929,2026-06-29 19:53:29.717929
3352,Michelle,Goodman,1967-09-03,sha256_003351,user3351@example.com,555-527-1513,2020-07-15,A,STUDENT,397,2026-06-29 19:53:29.717929,2026-06-29 19:53:29.717929
3353,Krystal,Oneal,1950-01-08,sha256_003352,user3352@example.com,555-589-2022,2020-08-30,I,MASS,405,2026-06-29 19:53:29.717929,2026-06-29 19:53:29.717929
3354,Eric,George,1984-10-10,sha256_003353,user3353@example.com,555-640-8756,2022-10-05,A,DIGITAL,28,2026-06-29 19:53:29.717929,2026-06-29 19:53:29.717929
3355,Ryan,Johnson,1960-10-05,sha256_003354,user3354@example.com,555-416-1375,2023-01-09,A,SMALL_BIZ,217,2026-06-29 19:53:29.717929,2026-06-29 19:53:29.717929
3356,Patricia,Thomas,1945-12-08,sha256_003355,user3355@example.com,555-476-5129,2012-10-03,A,SMALL_BIZ,91,2026-06-29 19:53:29.717929,2026-06-29 19:53:29.717929
3357,Phillip,Marshall,1984-06-18,sha256_003356,user3356@example.com,555-285-3322,2017-01-01,A,PREMIER,141,2026-06-29 19:53:29.717929,2026-06-29 19:53:29.717929
3358,Kevin,Nichols,1995-07-19,sha256_003357,user3357@example.com,555-614-2338,2025-03-04,A,MASS,448,2026-06-29 19:53:29.717929,2026-06-29 19:53:29.717929
3359,Stacy,Dixon,1963-05-29,sha256_003358,user3358@example.com,555-929-8396,2016-02-02,I,WEALTH,269,2026-06-29 19:53:29.717929,2026-06-29 19:53:29.717929
3360,Haley,Dominguez,1967-05-12,sha256_003359,user3359@example.com,555-419-5250,2024-06-26,A,DIGITAL,426,2026-06-29 19:53:29.717929,2026-06-29 19:53:29.717929
3361,Donna,Berry,2003-05-12,sha256_003360,user3360@example.com,555-255-2514,2020-07-08,A,WEALTH,176,2026-06-29 19:53:29.717929,2026-06-29 19:53:29.717929
3362,Tracy,Peterson,1972-12-07,sha256_003361,user3361@example.com,555-971-5864,2012-11-05,A,DIGITAL,102,2026-06-29 19:53:29.717929,2026-06-29 19:53:29.717929
3363,John,Adams,1976-02-17,sha256_003362,user3362@example.com,555-557-7866,2020-11-28,A,WEALTH,244,2026-06-29 19:53:29.717929,2026-06-29 19:53:29.717929
3364,William,Edwards,1959-08-31,sha256_003363,user3363@example.com,555-748-3632,2015-10-20,A,SMALL_BIZ,224,2026-06-29 19:53:29.717929,2026-06-29 19:53:29.717929
3365,Ashlee,Bailey,2002-03-07,sha256_003364,user3364@example.com,555-563-7375,2025-01-09,I,PREMIER,288,2026-06-29 19:53:29.717929,2026-06-29 19:53:29.717929
3366,Zachary,Jenkins,1962-01-06,sha256_003365,user3365@example.com,555-811-4253,2023-10-23,A,PREMIER,371,2026-06-29 19:53:29.717929,2026-06-29 19:53:29.717929
3367,Donna,Tate,1959-03-05,sha256_003366,user3366@example.com,555-883-3369,2017-10-24,A,MASS,341,2026-06-29 19:53:29.717929,2026-06-29 19:53:29.717929
3368,Kayla,Phillips,2001-02-26,sha256_003367,user3367@example.com,555-951-6185,2013-07-26,A,PREMIER,78,2026-06-29 19:53:29.717929,2026-06-29 19:53:29.717929
3369,Amy,Morris,1987-07-12,sha256_003368,user3368@example.com,555-669-3416,2016-11-18,A,WEALTH,443,2026-06-29 19:53:29.717929,2026-06-29 19:53:29.717929
3370,Glenn,Hardy,1994-12-16,sha256_003369,user3369@example.com,555-524-2861,2020-03-02,A,SMALL_BIZ,209,2026-06-29 19:53:29.717929,2026-06-29 19:53:29.717929
3371,Jamie,Tyler,2000-03-11,sha256_003370,user3370@example.com,555-469-9531,2021-01-06,A,SMALL_BIZ,2,2026-06-29 19:53:29.717929,2026-06-29 19:53:29.717929
3372,Deborah,Crawford,1997-02-15,sha256_003371,user3371@example.com,555-661-3059,2014-03-22,A,SMALL_BIZ,231,2026-06-29 19:53:29.717929,2026-06-29 19:53:29.717929
3373,Joseph,Carroll,1957-12-12,sha256_003372,user3372@example.com,555-854-2596,2018-09-19,A,PREMIER,112,2026-06-29 19:53:29.717929,2026-06-29 19:53:29.717929
3374,Catherine,King,1977-06-30,sha256_003373,user3373@example.com,555-963-4074,2013-09-03,A,WEALTH,357,2026-06-29 19:53:29.717929,2026-06-29 19:53:29.717929
3375,Tonya,Smith,2006-03-31,sha256_003374,user3374@example.com,555-759-3721,2023-08-15,A,STUDENT,194,2026-06-29 19:53:29.717929,2026-06-29 19:53:29.717929
3376,Sarah,Gibson,1954-02-24,sha256_003375,user3375@example.com,555-421-6703,2025-06-05,A,DIGITAL,488,2026-06-29 19:53:29.717929,2026-06-29 19:53:29.717929
3377,Joshua,Bradley,2007-11-17,sha256_003376,user3376@example.com,555-395-1235,2020-03-12,A,MASS,417,2026-06-29 19:53:29.717929,2026-06-29 19:53:29.717929
3378,Ronald,Holden,1954-11-02,sha256_003377,user3377@example.com,555-572-1265,2012-04-01,A,MASS,460,2026-06-29 19:53:29.717929,2026-06-29 19:53:29.717929
3379,Paul,Wilson,1981-05-16,sha256_003378,user3378@example.com,555-514-9226,2018-08-06,A,PREMIER,359,2026-06-29 19:53:29.717929,2026-06-29 19:53:29.717929
3380,Laurie,Brown,1953-08-16,sha256_003379,user3379@example.com,555-711-8471,2016-11-17,A,WEALTH,211,2026-06-29 19:53:29.717929,2026-06-29 19:53:29.717929
3381,Amy,Adams,1998-04-02,sha256_003380,user3380@example.com,555-560-6770,2015-08-18,A,STUDENT,219,2026-06-29 19:53:29.717929,2026-06-29 19:53:29.717929
3382,Gloria,Harris,1994-01-04,sha256_003381,user3381@example.com,555-735-6502,2025-04-20,A,PREMIER,475,2026-06-29 19:53:29.717929,2026-06-29 19:53:29.717929
3383,Alejandro,Morgan,2001-03-17,sha256_003382,user3382@example.com,555-380-8517,2019-12-11,A,WEALTH,192,2026-06-29 19:53:29.717929,2026-06-29 19:53:29.717929
3384,Russell,Hall,1983-04-28,sha256_003383,user3383@example.com,555-381-3664,2015-08-17,A,STUDENT,224,2026-06-29 19:53:29.717929,2026-06-29 19:53:29.717929
3385,Joseph,Tran,1982-12-01,sha256_003384,user3384@example.com,555-590-5669,2020-01-02,A,SMALL_BIZ,353,2026-06-29 19:53:29.717929,2026-06-29 19:53:29.717929
3386,Angela,Stewart,1997-10-27,sha256_003385,user3385@example.com,555-896-8167,2013-10-02,I,SMALL_BIZ,146,2026-06-29 19:53:29.717929,2026-06-29 19:53:29.717929
3387,Mandy,Harris,1956-03-22,sha256_003386,user3386@example.com,555-918-2625,2023-07-06,A,PREMIER,413,2026-06-29 19:53:29.717929,2026-06-29 19:53:29.717929
3388,Christopher,Yang,1982-10-13,sha256_003387,user3387@example.com,555-306-2468,2025-09-23,A,SMALL_BIZ,9,2026-06-29 19:53:29.717929,2026-06-29 19:53:29.717929
3389,Todd,Davis,2007-01-23,sha256_003388,user3388@example.com,555-831-7738,2015-07-07,A,PREMIER,255,2026-06-29 19:53:29.717929,2026-06-29 19:53:29.717929
3390,Stephen,Martin,1998-02-17,sha256_003389,user3389@example.com,555-967-9924,2014-10-15,A,PREMIER,325,2026-06-29 19:53:29.717929,2026-06-29 19:53:29.717929
3391,Daniel,Allen,1953-02-12,sha256_003390,user3390@example.com,555-654-9247,2014-10-11,A,STUDENT,413,2026-06-29 19:53:29.717929,2026-06-29 19:53:29.717929
3392,Carol,Hughes,1962-02-28,sha256_003391,user3391@example.com,555-233-5749,2020-02-20,I,WEALTH,109,2026-06-29 19:53:29.717929,2026-06-29 19:53:29.717929
3393,Christopher,Marquez,1955-10-15,sha256_003392,user3392@example.com,555-428-8448,2012-12-26,I,STUDENT,196,2026-06-29 19:53:29.717929,2026-06-29 19:53:29.717929
3394,Patrick,Gilbert,1971-02-21,sha256_003393,user3393@example.com,555-317-4204,2022-07-08,A,WEALTH,487,2026-06-29 19:53:29.717929,2026-06-29 19:53:29.717929
3395,Joseph,Macias,1966-12-17,sha256_003394,user3394@example.com,555-327-6744,2019-07-26,I,WEALTH,212,2026-06-29 19:53:29.717929,2026-06-29 19:53:29.717929
3396,Alexandria,Morris,1974-06-03,sha256_003395,user3395@example.com,555-860-7484,2023-04-09,C,PREMIER,482,2026-06-29 19:53:29.717929,2026-06-29 19:53:29.717929
3397,Mary,Obrien,1974-12-04,sha256_003396,user3396@example.com,555-583-4668,2020-09-03,I,STUDENT,146,2026-06-29 19:53:29.717929,2026-06-29 19:53:29.717929
3398,Carolyn,Hale,1966-06-24,sha256_003397,user3397@example.com,555-474-5333,2021-12-26,I,MASS,430,2026-06-29 19:53:29.717929,2026-06-29 19:53:29.717929
3399,Jamie,Edwards,1966-10-17,sha256_003398,user3398@example.com,555-624-4957,2023-04-01,A,PREMIER,461,2026-06-29 19:53:29.717929,2026-06-29 19:53:29.717929
3400,Kelly,Hall,1968-08-19,sha256_003399,user3399@example.com,555-624-1535,2015-03-15,A,PREMIER,14,2026-06-29 19:53:29.717929,2026-06-29 19:53:29.717929
3401,Andrew,Mcconnell,1981-09-20,sha256_003400,user3400@example.com,555-357-7134,2018-07-01,A,STUDENT,420,2026-06-29 19:53:29.717929,2026-06-29 19:53:29.717929
3402,Shaun,Mcbride,1957-11-04,sha256_003401,user3401@example.com,555-959-6201,2021-11-24,A,MASS,88,2026-06-29 19:53:29.717929,2026-06-29 19:53:29.717929
3403,Parker,Henry,1967-07-19,sha256_003402,user3402@example.com,555-785-8045,2016-08-21,C,DIGITAL,285,2026-06-29 19:53:29.717929,2026-06-29 19:53:29.717929
3404,Christopher,Scott,1990-01-04,sha256_003403,user3403@example.com,555-600-4156,2025-01-20,A,STUDENT,330,2026-06-29 19:53:29.717929,2026-06-29 19:53:29.717929
3405,Wendy,Mendoza,1956-10-21,sha256_003404,user3404@example.com,555-602-1845,2016-12-16,A,STUDENT,220,2026-06-29 19:53:29.717929,2026-06-29 19:53:29.717929
3406,Deanna,George,1952-10-13,sha256_003405,user3405@example.com,555-331-7396,2024-03-23,A,SMALL_BIZ,89,2026-06-29 19:53:29.717929,2026-06-29 19:53:29.717929
3407,Tiffany,Diaz,1995-10-08,sha256_003406,user3406@example.com,555-612-6212,2024-02-10,I,STUDENT,82,2026-06-29 19:53:29.717929,2026-06-29 19:53:29.717929
3408,Ruth,Davis,1992-06-16,sha256_003407,user3407@example.com,555-647-4784,2012-10-31,C,PREMIER,364,2026-06-29 19:53:29.717929,2026-06-29 19:53:29.717929
3409,Christian,Frederick,1988-01-28,sha256_003408,user3408@example.com,555-329-9261,2012-03-27,A,PREMIER,324,2026-06-29 19:53:29.717929,2026-06-29 19:53:29.717929
3410,Michele,Ramirez,1971-11-06,sha256_003409,user3409@example.com,555-790-7422,2015-11-12,A,SMALL_BIZ,470,2026-06-29 19:53:29.717929,2026-06-29 19:53:29.717929
3411,Larry,Meyer,2002-11-10,sha256_003410,user3410@example.com,555-466-3605,2014-11-28,A,MASS,105,2026-06-29 19:53:29.717929,2026-06-29 19:53:29.717929
3412,Brett,Pena,1957-01-08,sha256_003411,user3411@example.com,555-295-2528,2012-11-12,A,PREMIER,224,2026-06-29 19:53:29.717929,2026-06-29 19:53:29.717929
3413,Shelly,Thompson,1994-01-13,sha256_003412,user3412@example.com,555-211-3507,2025-09-20,A,PREMIER,317,2026-06-29 19:53:29.717929,2026-06-29 19:53:29.717929
3414,Patty,Young,1978-03-15,sha256_003413,user3413@example.com,555-924-9907,2025-07-18,A,PREMIER,293,2026-06-29 19:53:29.717929,2026-06-29 19:53:29.717929
3415,Jennifer,Jones,1995-08-10,sha256_003414,user3414@example.com,555-591-1414,2014-05-28,A,SMALL_BIZ,376,2026-06-29 19:53:29.717929,2026-06-29 19:53:29.717929
3416,Guy,Martinez,1948-04-17,sha256_003415,user3415@example.com,555-333-8433,2023-09-07,A,SMALL_BIZ,324,2026-06-29 19:53:29.717929,2026-06-29 19:53:29.717929
3417,Jennifer,Hernandez,1972-06-24,sha256_003416,user3416@example.com,555-996-6867,2022-11-03,A,DIGITAL,123,2026-06-29 19:53:29.717929,2026-06-29 19:53:29.717929
3418,Alan,Foley,2003-12-11,sha256_003417,user3417@example.com,555-868-4633,2015-02-26,A,MASS,100,2026-06-29 19:53:29.717929,2026-06-29 19:53:29.717929
3419,Andrew,Wagner,1992-11-01,sha256_003418,user3418@example.com,555-748-5018,2019-02-23,A,SMALL_BIZ,400,2026-06-29 19:53:29.717929,2026-06-29 19:53:29.717929
3420,Brandon,Moore,1945-04-20,sha256_003419,user3419@example.com,555-587-5267,2013-07-03,A,SMALL_BIZ,27,2026-06-29 19:53:29.717929,2026-06-29 19:53:29.717929
3421,Mary,Berry,1950-05-10,sha256_003420,user3420@example.com,555-481-2359,2024-05-06,A,DIGITAL,322,2026-06-29 19:53:29.717929,2026-06-29 19:53:29.717929
3422,Gregory,Rodriguez,1960-03-15,sha256_003421,user3421@example.com,555-223-2694,2015-02-27,A,PREMIER,236,2026-06-29 19:53:29.717929,2026-06-29 19:53:29.717929
3423,Karen,Jones,1958-02-14,sha256_003422,user3422@example.com,555-810-3010,2021-01-15,A,PREMIER,73,2026-06-29 19:53:29.717929,2026-06-29 19:53:29.717929
3424,Steven,Lindsey,1966-10-11,sha256_003423,user3423@example.com,555-489-5292,2011-07-02,A,DIGITAL,48,2026-06-29 19:53:29.717929,2026-06-29 19:53:29.717929
3425,Amber,Powell,1986-11-19,sha256_003424,user3424@example.com,555-279-9097,2017-05-20,I,MASS,468,2026-06-29 19:53:29.717929,2026-06-29 19:53:29.717929
3426,Sherry,Gomez,1976-09-01,sha256_003425,user3425@example.com,555-412-7402,2025-11-04,A,PREMIER,252,2026-06-29 19:53:29.717929,2026-06-29 19:53:29.717929
3427,Kara,Walton,1982-01-22,sha256_003426,user3426@example.com,555-222-7778,2022-03-17,A,PREMIER,250,2026-06-29 19:53:29.717929,2026-06-29 19:53:29.717929
3428,Wesley,Porter,1976-07-24,sha256_003427,user3427@example.com,555-840-2250,2017-07-28,A,DIGITAL,352,2026-06-29 19:53:29.717929,2026-06-29 19:53:29.717929
3429,Carol,Richardson,1995-06-01,sha256_003428,user3428@example.com,555-629-7148,2014-07-30,I,MASS,325,2026-06-29 19:53:29.717929,2026-06-29 19:53:29.717929
3430,Robert,Bennett,1961-06-27,sha256_003429,user3429@example.com,555-661-3639,2020-07-04,A,DIGITAL,153,2026-06-29 19:53:29.717929,2026-06-29 19:53:29.717929
3431,James,Smith,1966-07-10,sha256_003430,user3430@example.com,555-210-3927,2016-03-07,A,SMALL_BIZ,291,2026-06-29 19:53:29.717929,2026-06-29 19:53:29.717929
3432,Dylan,Grimes,1970-09-03,sha256_003431,user3431@example.com,555-846-1515,2021-01-05,C,PREMIER,500,2026-06-29 19:53:29.717929,2026-06-29 19:53:29.717929
3433,Deborah,Turner,1994-06-15,sha256_003432,user3432@example.com,555-551-6681,2022-09-01,A,WEALTH,315,2026-06-29 19:53:29.717929,2026-06-29 19:53:29.717929
3434,Jeremy,Gonzales,1957-11-14,sha256_003433,user3433@example.com,555-814-9953,2011-09-26,A,PREMIER,82,2026-06-29 19:53:29.717929,2026-06-29 19:53:29.717929
3435,Steven,Khan,1974-02-07,sha256_003434,user3434@example.com,555-734-5169,2018-06-13,A,PREMIER,99,2026-06-29 19:53:29.717929,2026-06-29 19:53:29.717929
3436,Brett,Gould,1972-07-13,sha256_003435,user3435@example.com,555-820-1484,2017-09-10,A,STUDENT,12,2026-06-29 19:53:29.717929,2026-06-29 19:53:29.717929
3437,Kenneth,Brown,2001-08-04,sha256_003436,user3436@example.com,555-730-9384,2025-04-04,A,DIGITAL,111,2026-06-29 19:53:29.717929,2026-06-29 19:53:29.717929
3438,Denise,Hamilton,1972-08-26,sha256_003437,user3437@example.com,555-573-2880,2017-04-04,A,DIGITAL,16,2026-06-29 19:53:29.717929,2026-06-29 19:53:29.717929
3439,William,Woods,1981-07-28,sha256_003438,user3438@example.com,555-535-3270,2016-10-13,I,DIGITAL,43,2026-06-29 19:53:29.717929,2026-06-29 19:53:29.717929
3440,Timothy,Gomez,2004-01-25,sha256_003439,user3439@example.com,555-945-3073,2024-06-13,I,MASS,141,2026-06-29 19:53:29.717929,2026-06-29 19:53:29.717929
3441,Gabriel,Gay,1954-06-15,sha256_003440,user3440@example.com,555-693-4264,2025-03-30,A,PREMIER,179,2026-06-29 19:53:29.717929,2026-06-29 19:53:29.717929
3442,Joseph,Johnson,1951-04-09,sha256_003441,user3441@example.com,555-925-5822,2022-02-05,A,WEALTH,382,2026-06-29 19:53:29.717929,2026-06-29 19:53:29.717929
3443,Andrew,Powell,1956-02-22,sha256_003442,user3442@example.com,555-707-8144,2019-04-07,A,STUDENT,485,2026-06-29 19:53:29.717929,2026-06-29 19:53:29.717929
3444,Christy,Mitchell,1994-12-28,sha256_003443,user3443@example.com,555-609-4163,2018-05-11,C,MASS,89,2026-06-29 19:53:29.717929,2026-06-29 19:53:29.717929
3445,David,Gonzales,1944-11-25,sha256_003444,user3444@example.com,555-402-5605,2019-03-16,C,WEALTH,53,2026-06-29 19:53:29.717929,2026-06-29 19:53:29.717929
3446,Barry,Maxwell,1974-02-26,sha256_003445,user3445@example.com,555-797-6105,2022-11-19,A,DIGITAL,407,2026-06-29 19:53:29.717929,2026-06-29 19:53:29.717929
3447,Carlos,Donaldson,1990-04-24,sha256_003446,user3446@example.com,555-410-8992,2019-12-10,A,WEALTH,453,2026-06-29 19:53:29.717929,2026-06-29 19:53:29.717929
3448,Donna,Gonzales,2003-12-31,sha256_003447,user3447@example.com,555-656-7942,2017-02-16,A,STUDENT,383,2026-06-29 19:53:29.717929,2026-06-29 19:53:29.717929
3449,Douglas,Herman,1989-11-25,sha256_003448,user3448@example.com,555-478-6222,2015-06-23,A,STUDENT,56,2026-06-29 19:53:29.717929,2026-06-29 19:53:29.717929
3450,Preston,Williams,1947-09-26,sha256_003449,user3449@example.com,555-821-7275,2017-03-20,A,WEALTH,103,2026-06-29 19:53:29.717929,2026-06-29 19:53:29.717929
3451,James,Hudson,1961-10-14,sha256_003450,user3450@example.com,555-780-6782,2025-09-18,A,MASS,460,2026-06-29 19:53:29.717929,2026-06-29 19:53:29.717929
3452,Edward,Payne,1969-06-20,sha256_003451,user3451@example.com,555-847-2052,2023-10-24,A,WEALTH,86,2026-06-29 19:53:29.717929,2026-06-29 19:53:29.717929
3453,Aaron,Jones,1958-08-02,sha256_003452,user3452@example.com,555-234-9378,2025-02-26,A,MASS,301,2026-06-29 19:53:29.717929,2026-06-29 19:53:29.717929
3454,Timothy,Jones,1999-01-12,sha256_003453,user3453@example.com,555-619-5808,2015-06-14,A,STUDENT,424,2026-06-29 19:53:29.717929,2026-06-29 19:53:29.717929
3455,Sandy,Snyder,1972-11-12,sha256_003454,user3454@example.com,555-860-9691,2026-02-16,I,MASS,204,2026-06-29 19:53:29.717929,2026-06-29 19:53:29.717929
3456,Rachel,Jensen,1946-11-06,sha256_003455,user3455@example.com,555-230-2878,2018-05-07,A,DIGITAL,415,2026-06-29 19:53:29.717929,2026-06-29 19:53:29.717929
3457,Stephanie,Scott,2007-02-11,sha256_003456,user3456@example.com,555-530-8035,2024-03-06,A,DIGITAL,184,2026-06-29 19:53:29.717929,2026-06-29 19:53:29.717929
3458,Lisa,Rivera,1978-11-30,sha256_003457,user3457@example.com,555-451-2190,2024-10-03,A,DIGITAL,337,2026-06-29 19:53:29.717929,2026-06-29 19:53:29.717929
3459,Elizabeth,Conley,1986-01-15,sha256_003458,user3458@example.com,555-580-7094,2019-05-08,A,DIGITAL,400,2026-06-29 19:53:29.717929,2026-06-29 19:53:29.717929
3460,Linda,Osborne,1981-01-02,sha256_003459,user3459@example.com,555-521-3003,2021-09-03,A,PREMIER,164,2026-06-29 19:53:29.717929,2026-06-29 19:53:29.717929
3461,Ryan,Nelson,1957-12-04,sha256_003460,user3460@example.com,555-904-1178,2023-08-25,A,SMALL_BIZ,169,2026-06-29 19:53:29.717929,2026-06-29 19:53:29.717929
3462,Teresa,Esparza,2004-06-19,sha256_003461,user3461@example.com,555-418-8624,2015-12-22,A,STUDENT,408,2026-06-29 19:53:29.717929,2026-06-29 19:53:29.717929
3463,Laurie,Scott,1944-12-05,sha256_003462,user3462@example.com,555-529-4811,2020-04-26,A,STUDENT,34,2026-06-29 19:53:29.717929,2026-06-29 19:53:29.717929
3464,Megan,Robinson,1996-09-13,sha256_003463,user3463@example.com,555-594-5646,2019-10-09,A,STUDENT,109,2026-06-29 19:53:29.717929,2026-06-29 19:53:29.717929
3465,Eric,Garcia,2005-07-21,sha256_003464,user3464@example.com,555-739-4562,2018-06-02,A,PREMIER,288,2026-06-29 19:53:29.717929,2026-06-29 19:53:29.717929
3466,Julia,Barnes,1977-10-26,sha256_003465,user3465@example.com,555-484-2225,2016-11-26,A,STUDENT,458,2026-06-29 19:53:29.717929,2026-06-29 19:53:29.717929
3467,Francisco,Olson,1963-09-07,sha256_003466,user3466@example.com,555-861-7909,2012-09-13,A,SMALL_BIZ,388,2026-06-29 19:53:29.717929,2026-06-29 19:53:29.717929
3468,Lee,Small,2003-09-11,sha256_003467,user3467@example.com,555-645-6206,2012-06-24,A,MASS,102,2026-06-29 19:53:29.717929,2026-06-29 19:53:29.717929
3469,Eric,Kennedy,1970-09-05,sha256_003468,user3468@example.com,555-401-1813,2023-08-26,I,WEALTH,256,2026-06-29 19:53:29.717929,2026-06-29 19:53:29.717929
3470,David,Young,1943-07-17,sha256_003469,user3469@example.com,555-247-5496,2025-06-23,A,WEALTH,62,2026-06-29 19:53:29.717929,2026-06-29 19:53:29.717929
3471,Susan,Chapman,2000-05-22,sha256_003470,user3470@example.com,555-327-8418,2018-10-30,A,DIGITAL,308,2026-06-29 19:53:29.717929,2026-06-29 19:53:29.717929
3472,Justin,Bishop,1968-08-24,sha256_003471,user3471@example.com,555-534-7272,2024-02-29,A,DIGITAL,296,2026-06-29 19:53:29.717929,2026-06-29 19:53:29.717929
3473,Mark,Bennett,1952-07-16,sha256_003472,user3472@example.com,555-221-5670,2013-11-12,A,PREMIER,330,2026-06-29 19:53:29.717929,2026-06-29 19:53:29.717929
3474,Laura,Smith,1947-01-17,sha256_003473,user3473@example.com,555-789-1076,2012-09-18,A,WEALTH,146,2026-06-29 19:53:29.717929,2026-06-29 19:53:29.717929
3475,Christopher,Cordova,1977-09-11,sha256_003474,user3474@example.com,555-334-7599,2018-11-03,I,PREMIER,459,2026-06-29 19:53:29.717929,2026-06-29 19:53:29.717929
3476,Victoria,Smith,1995-08-19,sha256_003475,user3475@example.com,555-746-9642,2021-02-26,A,PREMIER,173,2026-06-29 19:53:29.717929,2026-06-29 19:53:29.717929
3477,Tonya,Richardson,1953-05-22,sha256_003476,user3476@example.com,555-860-1266,2013-06-25,C,PREMIER,241,2026-06-29 19:53:29.717929,2026-06-29 19:53:29.717929
3478,Michael,Armstrong,1987-06-06,sha256_003477,user3477@example.com,555-297-7800,2023-10-29,A,SMALL_BIZ,155,2026-06-29 19:53:29.717929,2026-06-29 19:53:29.717929
3479,Mark,Williams,1944-03-14,sha256_003478,user3478@example.com,555-481-6196,2024-10-23,A,MASS,205,2026-06-29 19:53:29.717929,2026-06-29 19:53:29.717929
3480,Christina,Underwood,1980-07-17,sha256_003479,user3479@example.com,555-281-6131,2026-03-26,A,WEALTH,314,2026-06-29 19:53:29.717929,2026-06-29 19:53:29.717929
3481,Peter,Holder,1954-05-16,sha256_003480,user3480@example.com,555-248-7444,2014-01-09,A,MASS,357,2026-06-29 19:53:29.717929,2026-06-29 19:53:29.717929
3482,Christina,Fox,1948-09-11,sha256_003481,user3481@example.com,555-665-9082,2020-05-05,A,SMALL_BIZ,496,2026-06-29 19:53:29.717929,2026-06-29 19:53:29.717929
3483,Calvin,Obrien,1997-03-22,sha256_003482,user3482@example.com,555-324-7126,2015-09-25,A,STUDENT,53,2026-06-29 19:53:29.717929,2026-06-29 19:53:29.717929
3484,Holly,Davis,1958-11-29,sha256_003483,user3483@example.com,555-229-4670,2021-02-02,I,PREMIER,423,2026-06-29 19:53:29.717929,2026-06-29 19:53:29.717929
3485,Antonio,Phelps,1982-02-15,sha256_003484,user3484@example.com,555-210-3273,2021-10-08,A,PREMIER,166,2026-06-29 19:53:29.717929,2026-06-29 19:53:29.717929
3486,Lisa,Howard,1986-01-17,sha256_003485,user3485@example.com,555-904-8138,2021-11-09,A,DIGITAL,88,2026-06-29 19:53:29.717929,2026-06-29 19:53:29.717929
3487,Janice,Morales,1975-08-02,sha256_003486,user3486@example.com,555-290-4131,2015-11-15,A,SMALL_BIZ,462,2026-06-29 19:53:29.717929,2026-06-29 19:53:29.717929
3488,Tracey,Parker,1995-07-23,sha256_003487,user3487@example.com,555-577-9807,2014-12-31,A,PREMIER,479,2026-06-29 19:53:29.717929,2026-06-29 19:53:29.717929
3489,Eduardo,Moore,1963-05-17,sha256_003488,user3488@example.com,555-904-1860,2015-01-30,A,MASS,453,2026-06-29 19:53:29.717929,2026-06-29 19:53:29.717929
3490,David,Rodriguez,1946-10-25,sha256_003489,user3489@example.com,555-244-2815,2020-04-04,A,PREMIER,485,2026-06-29 19:53:29.717929,2026-06-29 19:53:29.717929
3491,Charles,Townsend,1971-07-27,sha256_003490,user3490@example.com,555-511-2229,2013-09-19,A,MASS,169,2026-06-29 19:53:29.717929,2026-06-29 19:53:29.717929
3492,Jennifer,Graham,1987-07-27,sha256_003491,user3491@example.com,555-904-7218,2020-02-18,A,MASS,358,2026-06-29 19:53:29.717929,2026-06-29 19:53:29.717929
3493,Sherri,Arnold,1949-09-15,sha256_003492,user3492@example.com,555-374-3257,2021-02-06,I,STUDENT,236,2026-06-29 19:53:29.717929,2026-06-29 19:53:29.717929
3494,Jason,Kennedy,1980-11-11,sha256_003493,user3493@example.com,555-322-3069,2025-06-23,I,MASS,442,2026-06-29 19:53:29.717929,2026-06-29 19:53:29.717929
3495,James,Jones,1943-10-05,sha256_003494,user3494@example.com,555-351-7771,2013-10-28,A,SMALL_BIZ,229,2026-06-29 19:53:29.717929,2026-06-29 19:53:29.717929
3496,Johnny,Lopez,1943-08-05,sha256_003495,user3495@example.com,555-884-3004,2024-03-20,A,STUDENT,271,2026-06-29 19:53:29.717929,2026-06-29 19:53:29.717929
3497,Raymond,Fletcher,1974-10-31,sha256_003496,user3496@example.com,555-446-8830,2021-04-24,I,SMALL_BIZ,251,2026-06-29 19:53:29.717929,2026-06-29 19:53:29.717929
3498,Mark,Levy,1963-03-04,sha256_003497,user3497@example.com,555-487-6274,2013-06-22,I,SMALL_BIZ,248,2026-06-29 19:53:29.717929,2026-06-29 19:53:29.717929
3499,Ruth,Knight,1969-10-15,sha256_003498,user3498@example.com,555-431-2504,2016-03-09,A,MASS,393,2026-06-29 19:53:29.717929,2026-06-29 19:53:29.717929
3500,Krista,Best,1988-05-19,sha256_003499,user3499@example.com,555-503-2356,2011-08-08,A,MASS,286,2026-06-29 19:53:29.717929,2026-06-29 19:53:29.717929
3501,Vanessa,Hernandez,1969-05-08,sha256_003500,user3500@example.com,555-448-4373,2018-10-03,A,SMALL_BIZ,40,2026-06-29 19:53:29.717929,2026-06-29 19:53:29.717929
3502,Cassandra,Krueger,2000-09-24,sha256_003501,user3501@example.com,555-276-9103,2015-01-26,A,PREMIER,109,2026-06-29 19:53:29.717929,2026-06-29 19:53:29.717929
3503,Robert,Townsend,2002-04-12,sha256_003502,user3502@example.com,555-213-4541,2022-03-30,C,WEALTH,420,2026-06-29 19:53:29.717929,2026-06-29 19:53:29.717929
3504,Lauren,Watson,1983-10-21,sha256_003503,user3503@example.com,555-594-4078,2022-02-07,A,WEALTH,54,2026-06-29 19:53:29.717929,2026-06-29 19:53:29.717929
3505,Madison,Mason,1941-09-03,sha256_003504,user3504@example.com,555-548-4418,2018-09-10,I,STUDENT,390,2026-06-29 19:53:29.717929,2026-06-29 19:53:29.717929
3506,Donna,Doyle,1955-08-19,sha256_003505,user3505@example.com,555-740-9420,2016-06-13,A,MASS,390,2026-06-29 19:53:29.717929,2026-06-29 19:53:29.717929
3507,Pamela,Chaney,1975-04-29,sha256_003506,user3506@example.com,555-519-8438,2019-05-30,C,SMALL_BIZ,79,2026-06-29 19:53:29.717929,2026-06-29 19:53:29.717929
3508,Ryan,Dodson,1982-07-11,sha256_003507,user3507@example.com,555-716-2731,2020-08-16,A,DIGITAL,113,2026-06-29 19:53:29.717929,2026-06-29 19:53:29.717929
3509,Jennifer,Payne,1995-02-09,sha256_003508,user3508@example.com,555-572-7317,2018-04-12,I,WEALTH,445,2026-06-29 19:53:29.717929,2026-06-29 19:53:29.717929
3510,Bradley,Cook,1977-08-03,sha256_003509,user3509@example.com,555-835-9412,2022-10-07,A,DIGITAL,400,2026-06-29 19:53:29.717929,2026-06-29 19:53:29.717929
3511,Latoya,Wells,1968-10-12,sha256_003510,user3510@example.com,555-609-4079,2020-11-04,A,PREMIER,143,2026-06-29 19:53:29.717929,2026-06-29 19:53:29.717929
3512,Robin,Lynch,2000-05-01,sha256_003511,user3511@example.com,555-633-3690,2025-05-08,A,SMALL_BIZ,158,2026-06-29 19:53:29.717929,2026-06-29 19:53:29.717929
3513,Brittany,Cole,1956-12-18,sha256_003512,user3512@example.com,555-791-2672,2016-03-11,C,DIGITAL,237,2026-06-29 19:53:29.717929,2026-06-29 19:53:29.717929
3514,Benjamin,Perez,1961-08-11,sha256_003513,user3513@example.com,555-309-2805,2021-03-21,A,DIGITAL,9,2026-06-29 19:53:29.717929,2026-06-29 19:53:29.717929
3515,Joseph,Schmidt,2002-01-31,sha256_003514,user3514@example.com,555-671-4064,2015-04-13,I,MASS,15,2026-06-29 19:53:29.717929,2026-06-29 19:53:29.717929
3516,Shannon,Sanders,1944-03-17,sha256_003515,user3515@example.com,555-687-9698,2025-09-10,I,WEALTH,181,2026-06-29 19:53:29.717929,2026-06-29 19:53:29.717929
3517,Leah,Hill,1970-04-20,sha256_003516,user3516@example.com,555-471-2938,2025-10-16,A,STUDENT,44,2026-06-29 19:53:29.717929,2026-06-29 19:53:29.717929
3518,Robert,Shaw,1996-01-21,sha256_003517,user3517@example.com,555-562-8069,2019-08-24,A,DIGITAL,78,2026-06-29 19:53:29.717929,2026-06-29 19:53:29.717929
3519,Danielle,Torres,2005-04-25,sha256_003518,user3518@example.com,555-606-9227,2023-05-06,A,WEALTH,261,2026-06-29 19:53:29.717929,2026-06-29 19:53:29.717929
3520,Vanessa,Lewis,1981-09-15,sha256_003519,user3519@example.com,555-541-1870,2012-04-02,A,WEALTH,140,2026-06-29 19:53:29.717929,2026-06-29 19:53:29.717929
3521,Darrell,Young,1985-10-18,sha256_003520,user3520@example.com,555-578-2602,2015-10-12,A,PREMIER,333,2026-06-29 19:53:29.717929,2026-06-29 19:53:29.717929
3522,Mark,Gardner,2007-10-09,sha256_003521,user3521@example.com,555-591-7923,2019-11-09,A,DIGITAL,151,2026-06-29 19:53:29.717929,2026-06-29 19:53:29.717929
3523,Christopher,Lucas,1954-11-28,sha256_003522,user3522@example.com,555-393-7597,2021-09-17,A,DIGITAL,305,2026-06-29 19:53:29.717929,2026-06-29 19:53:29.717929
3524,David,Curry,2004-11-28,sha256_003523,user3523@example.com,555-482-9676,2011-10-19,A,STUDENT,253,2026-06-29 19:53:29.717929,2026-06-29 19:53:29.717929
3525,Emily,Perry,1958-10-16,sha256_003524,user3524@example.com,555-731-8103,2021-04-19,A,PREMIER,349,2026-06-29 19:53:29.717929,2026-06-29 19:53:29.717929
3526,Frank,Davis,2002-03-10,sha256_003525,user3525@example.com,555-251-5078,2014-07-15,A,PREMIER,113,2026-06-29 19:53:29.717929,2026-06-29 19:53:29.717929
3527,Amy,Dunn,2003-12-01,sha256_003526,user3526@example.com,555-317-1870,2016-02-09,C,PREMIER,295,2026-06-29 19:53:29.717929,2026-06-29 19:53:29.717929
3528,Morgan,Farrell,1946-02-01,sha256_003527,user3527@example.com,555-472-4911,2026-02-25,A,PREMIER,273,2026-06-29 19:53:29.717929,2026-06-29 19:53:29.717929
3529,Kimberly,Bauer,1941-09-18,sha256_003528,user3528@example.com,555-303-5513,2015-01-24,C,DIGITAL,452,2026-06-29 19:53:29.717929,2026-06-29 19:53:29.717929
3530,Daniel,Hayes,2004-10-05,sha256_003529,user3529@example.com,555-835-7628,2025-11-21,A,WEALTH,202,2026-06-29 19:53:29.717929,2026-06-29 19:53:29.717929
3531,Kimberly,Marshall,1949-08-17,sha256_003530,user3530@example.com,555-303-4602,2022-12-01,A,SMALL_BIZ,422,2026-06-29 19:53:29.717929,2026-06-29 19:53:29.717929
3532,Joshua,Miller,1949-09-02,sha256_003531,user3531@example.com,555-908-5395,2021-06-15,A,WEALTH,106,2026-06-29 19:53:29.717929,2026-06-29 19:53:29.717929
3533,Paul,Lopez,1994-05-09,sha256_003532,user3532@example.com,555-375-4335,2016-10-04,A,MASS,327,2026-06-29 19:53:29.717929,2026-06-29 19:53:29.717929
3534,Rhonda,Oliver,2004-10-19,sha256_003533,user3533@example.com,555-494-5718,2022-04-24,A,SMALL_BIZ,2,2026-06-29 19:53:29.717929,2026-06-29 19:53:29.717929
3535,Victoria,Martin,2006-06-10,sha256_003534,user3534@example.com,555-296-4032,2022-12-04,A,STUDENT,465,2026-06-29 19:53:29.717929,2026-06-29 19:53:29.717929
3536,Hannah,Lee,1964-05-30,sha256_003535,user3535@example.com,555-917-8811,2019-04-12,A,SMALL_BIZ,157,2026-06-29 19:53:29.717929,2026-06-29 19:53:29.717929
3537,Michael,Peterson,2007-11-23,sha256_003536,user3536@example.com,555-904-4909,2022-10-15,A,DIGITAL,162,2026-06-29 19:53:29.717929,2026-06-29 19:53:29.717929
3538,Dale,Hunt,1967-07-29,sha256_003537,user3537@example.com,555-897-2137,2022-10-12,A,DIGITAL,96,2026-06-29 19:53:29.717929,2026-06-29 19:53:29.717929
3539,James,Walsh,1995-11-18,sha256_003538,user3538@example.com,555-540-8458,2014-08-29,A,DIGITAL,493,2026-06-29 19:53:29.717929,2026-06-29 19:53:29.717929
3540,Carl,Kaiser,1993-04-24,sha256_003539,user3539@example.com,555-213-8775,2022-08-24,A,WEALTH,172,2026-06-29 19:53:29.717929,2026-06-29 19:53:29.717929
3541,Roberta,Snyder,1956-09-06,sha256_003540,user3540@example.com,555-221-3908,2021-04-17,A,MASS,452,2026-06-29 19:53:29.717929,2026-06-29 19:53:29.717929
3542,Dawn,Gonzalez,1993-02-19,sha256_003541,user3541@example.com,555-278-3797,2017-04-08,A,SMALL_BIZ,390,2026-06-29 19:53:29.717929,2026-06-29 19:53:29.717929
3543,Adam,Kelly,1944-04-20,sha256_003542,user3542@example.com,555-209-6769,2018-03-31,A,WEALTH,299,2026-06-29 19:53:29.717929,2026-06-29 19:53:29.717929
3544,Deborah,Perry,2007-08-31,sha256_003543,user3543@example.com,555-201-9000,2025-06-03,A,DIGITAL,242,2026-06-29 19:53:29.717929,2026-06-29 19:53:29.717929
3545,Michelle,Miller,1997-08-08,sha256_003544,user3544@example.com,555-312-1740,2025-12-15,I,PREMIER,291,2026-06-29 19:53:29.717929,2026-06-29 19:53:29.717929
3546,Anna,Wilson,1997-12-21,sha256_003545,user3545@example.com,555-896-5762,2020-05-12,A,DIGITAL,269,2026-06-29 19:53:29.717929,2026-06-29 19:53:29.717929
3547,Wendy,Swanson,1950-08-03,sha256_003546,user3546@example.com,555-715-3741,2018-11-12,A,DIGITAL,397,2026-06-29 19:53:29.717929,2026-06-29 19:53:29.717929
3548,Antonio,Conley,1964-04-26,sha256_003547,user3547@example.com,555-296-2638,2020-10-24,A,MASS,412,2026-06-29 19:53:29.717929,2026-06-29 19:53:29.717929
3549,Lynn,Carter,1962-09-25,sha256_003548,user3548@example.com,555-953-6499,2016-02-23,A,WEALTH,252,2026-06-29 19:53:29.717929,2026-06-29 19:53:29.717929
3550,Kevin,Maynard,1999-01-08,sha256_003549,user3549@example.com,555-952-6747,2012-04-23,A,STUDENT,132,2026-06-29 19:53:29.717929,2026-06-29 19:53:29.717929
3551,Noah,Hernandez,1950-08-31,sha256_003550,user3550@example.com,555-879-8970,2015-05-06,A,MASS,187,2026-06-29 19:53:29.717929,2026-06-29 19:53:29.717929
3552,Charles,Schmidt,1964-04-07,sha256_003551,user3551@example.com,555-669-1222,2017-08-21,A,MASS,155,2026-06-29 19:53:29.717929,2026-06-29 19:53:29.717929
3553,Kevin,Johnson,1946-07-11,sha256_003552,user3552@example.com,555-927-6467,2016-02-03,A,STUDENT,397,2026-06-29 19:53:29.717929,2026-06-29 19:53:29.717929
3554,Jennifer,Kane,2007-03-27,sha256_003553,user3553@example.com,555-879-8935,2016-05-18,A,PREMIER,139,2026-06-29 19:53:29.717929,2026-06-29 19:53:29.717929
3555,Melissa,Cox,2003-11-23,sha256_003554,user3554@example.com,555-902-9508,2020-06-26,A,SMALL_BIZ,328,2026-06-29 19:53:29.717929,2026-06-29 19:53:29.717929
3556,Matthew,Beasley,1947-11-13,sha256_003555,user3555@example.com,555-221-3423,2015-06-07,A,WEALTH,439,2026-06-29 19:53:29.717929,2026-06-29 19:53:29.717929
3557,Lauren,Hall,1953-09-22,sha256_003556,user3556@example.com,555-425-3320,2014-08-28,A,MASS,255,2026-06-29 19:53:29.717929,2026-06-29 19:53:29.717929
3558,Andrea,Weaver,1960-01-07,sha256_003557,user3557@example.com,555-231-5003,2024-01-17,A,STUDENT,380,2026-06-29 19:53:29.717929,2026-06-29 19:53:29.717929
3559,Ana,Ray,1999-01-22,sha256_003558,user3558@example.com,555-912-8056,2023-08-07,A,MASS,106,2026-06-29 19:53:29.717929,2026-06-29 19:53:29.717929
3560,Andrea,Evans,1987-10-02,sha256_003559,user3559@example.com,555-962-2462,2015-12-04,A,DIGITAL,472,2026-06-29 19:53:29.717929,2026-06-29 19:53:29.717929
3561,Billy,Ellison,2001-06-23,sha256_003560,user3560@example.com,555-586-2768,2022-09-18,A,MASS,450,2026-06-29 19:53:29.717929,2026-06-29 19:53:29.717929
3562,Joseph,Williams,1969-08-23,sha256_003561,user3561@example.com,555-841-9927,2021-04-21,I,WEALTH,491,2026-06-29 19:53:29.717929,2026-06-29 19:53:29.717929
3563,Brianna,Rodriguez,1946-02-05,sha256_003562,user3562@example.com,555-739-3866,2025-08-25,A,MASS,467,2026-06-29 19:53:29.717929,2026-06-29 19:53:29.717929
3564,Michael,Weaver,1973-06-13,sha256_003563,user3563@example.com,555-895-6715,2018-06-28,A,MASS,201,2026-06-29 19:53:29.717929,2026-06-29 19:53:29.717929
3565,Ann,Bauer,1959-03-14,sha256_003564,user3564@example.com,555-803-7836,2020-04-21,A,MASS,159,2026-06-29 19:53:29.717929,2026-06-29 19:53:29.717929
3566,Deborah,Carroll,1946-12-26,sha256_003565,user3565@example.com,555-395-1673,2014-01-01,A,STUDENT,267,2026-06-29 19:53:29.717929,2026-06-29 19:53:29.717929
3567,Andre,Robinson,1999-07-23,sha256_003566,user3566@example.com,555-918-6624,2020-11-25,A,STUDENT,63,2026-06-29 19:53:29.717929,2026-06-29 19:53:29.717929
3568,Susan,Shields,1988-12-08,sha256_003567,user3567@example.com,555-643-8455,2014-01-06,A,STUDENT,496,2026-06-29 19:53:29.717929,2026-06-29 19:53:29.717929
3569,Adam,Mills,1975-08-22,sha256_003568,user3568@example.com,555-555-5725,2026-04-03,A,PREMIER,497,2026-06-29 19:53:29.717929,2026-06-29 19:53:29.717929
3570,Kimberly,Lopez,1959-10-21,sha256_003569,user3569@example.com,555-208-9174,2023-05-07,I,SMALL_BIZ,76,2026-06-29 19:53:29.717929,2026-06-29 19:53:29.717929
3571,Jason,Estrada,1978-03-06,sha256_003570,user3570@example.com,555-677-3461,2012-05-17,A,STUDENT,495,2026-06-29 19:53:29.717929,2026-06-29 19:53:29.717929
3572,Max,Sullivan,1954-05-21,sha256_003571,user3571@example.com,555-496-3664,2019-05-13,A,MASS,250,2026-06-29 19:53:29.717929,2026-06-29 19:53:29.717929
3573,Keith,Wright,1981-01-26,sha256_003572,user3572@example.com,555-495-2058,2025-01-28,I,MASS,8,2026-06-29 19:53:29.717929,2026-06-29 19:53:29.717929
3574,Robert,Wong,1998-11-07,sha256_003573,user3573@example.com,555-664-1670,2013-05-08,C,DIGITAL,145,2026-06-29 19:53:29.717929,2026-06-29 19:53:29.717929
3575,Richard,Lee,1974-11-01,sha256_003574,user3574@example.com,555-807-3022,2026-01-29,I,PREMIER,251,2026-06-29 19:53:29.717929,2026-06-29 19:53:29.717929
3576,Jack,Davidson,1958-06-09,sha256_003575,user3575@example.com,555-513-1083,2013-05-27,A,WEALTH,181,2026-06-29 19:53:29.717929,2026-06-29 19:53:29.717929
3577,David,Williams,1949-07-12,sha256_003576,user3576@example.com,555-876-1010,2021-07-02,A,PREMIER,129,2026-06-29 19:53:29.717929,2026-06-29 19:53:29.717929
3578,Jessica,Sutton,2008-05-13,sha256_003577,user3577@example.com,555-341-6737,2022-08-08,A,MASS,403,2026-06-29 19:53:29.717929,2026-06-29 19:53:29.717929
3579,Susan,Andrews,1950-05-26,sha256_003578,user3578@example.com,555-714-3540,2014-09-29,A,PREMIER,366,2026-06-29 19:53:29.717929,2026-06-29 19:53:29.717929
3580,Maria,Smith,1985-03-01,sha256_003579,user3579@example.com,555-477-3337,2022-03-11,A,SMALL_BIZ,101,2026-06-29 19:53:29.717929,2026-06-29 19:53:29.717929
3581,Drew,Ramsey,1948-08-28,sha256_003580,user3580@example.com,555-642-2322,2014-07-27,A,MASS,113,2026-06-29 19:53:29.717929,2026-06-29 19:53:29.717929
3582,Mark,Jenkins,1994-02-15,sha256_003581,user3581@example.com,555-232-8752,2024-06-14,I,MASS,128,2026-06-29 19:53:29.717929,2026-06-29 19:53:29.717929
3583,Scott,Harris,1985-09-05,sha256_003582,user3582@example.com,555-894-7328,2021-08-22,A,WEALTH,205,2026-06-29 19:53:29.717929,2026-06-29 19:53:29.717929
3584,Michael,Berg,1984-01-15,sha256_003583,user3583@example.com,555-300-5280,2014-07-29,I,MASS,306,2026-06-29 19:53:29.717929,2026-06-29 19:53:29.717929
3585,Tracy,Avery,1998-12-25,sha256_003584,user3584@example.com,555-518-3839,2021-05-15,A,STUDENT,224,2026-06-29 19:53:29.717929,2026-06-29 19:53:29.717929
3586,Ryan,Moore,1970-10-19,sha256_003585,user3585@example.com,555-895-6283,2015-04-02,A,STUDENT,72,2026-06-29 19:53:29.717929,2026-06-29 19:53:29.717929
3587,Kaitlin,Warren,1993-11-04,sha256_003586,user3586@example.com,555-899-4268,2023-12-05,A,MASS,70,2026-06-29 19:53:29.717929,2026-06-29 19:53:29.717929
3588,Justin,Campbell,1955-02-24,sha256_003587,user3587@example.com,555-626-4268,2013-02-19,A,MASS,157,2026-06-29 19:53:29.717929,2026-06-29 19:53:29.717929
3589,Thomas,Farmer,1953-05-09,sha256_003588,user3588@example.com,555-287-5871,2022-12-18,A,STUDENT,475,2026-06-29 19:53:29.717929,2026-06-29 19:53:29.717929
3590,Kevin,Walker,1945-11-12,sha256_003589,user3589@example.com,555-843-8555,2018-04-09,A,STUDENT,94,2026-06-29 19:53:29.717929,2026-06-29 19:53:29.717929
3591,Mary,Stuart,1954-12-14,sha256_003590,user3590@example.com,555-584-8158,2024-05-18,C,PREMIER,71,2026-06-29 19:53:29.717929,2026-06-29 19:53:29.717929
3592,Samuel,Anderson,1959-07-23,sha256_003591,user3591@example.com,555-739-8240,2018-08-28,A,SMALL_BIZ,161,2026-06-29 19:53:29.717929,2026-06-29 19:53:29.717929
3593,Patrick,Downs,1993-10-26,sha256_003592,user3592@example.com,555-715-6858,2021-02-11,A,WEALTH,182,2026-06-29 19:53:29.717929,2026-06-29 19:53:29.717929
3594,Duane,Adams,1978-06-16,sha256_003593,user3593@example.com,555-637-8643,2021-01-24,A,WEALTH,493,2026-06-29 19:53:29.717929,2026-06-29 19:53:29.717929
3595,Corey,Atkins,1966-05-03,sha256_003594,user3594@example.com,555-620-8557,2015-04-17,A,PREMIER,468,2026-06-29 19:53:29.717929,2026-06-29 19:53:29.717929
3596,Richard,Brown,1976-02-04,sha256_003595,user3595@example.com,555-772-1432,2016-02-13,A,WEALTH,46,2026-06-29 19:53:29.717929,2026-06-29 19:53:29.717929
3597,Rachel,King,2005-08-14,sha256_003596,user3596@example.com,555-973-3303,2013-02-01,A,STUDENT,465,2026-06-29 19:53:29.717929,2026-06-29 19:53:29.717929
3598,Sarah,Foley,1957-11-10,sha256_003597,user3597@example.com,555-509-4975,2025-10-11,A,STUDENT,263,2026-06-29 19:53:29.717929,2026-06-29 19:53:29.717929
3599,Sandra,Burton,1979-12-23,sha256_003598,user3598@example.com,555-582-3085,2025-04-13,A,STUDENT,279,2026-06-29 19:53:29.717929,2026-06-29 19:53:29.717929
3600,Susan,Murphy,2006-12-24,sha256_003599,user3599@example.com,555-779-5806,2011-07-17,A,PREMIER,387,2026-06-29 19:53:29.717929,2026-06-29 19:53:29.717929
3601,Ashley,Smith,1987-09-12,sha256_003600,user3600@example.com,555-602-3063,2019-10-03,A,WEALTH,344,2026-06-29 19:53:29.717929,2026-06-29 19:53:29.717929
3602,Kirk,Duran,1954-06-14,sha256_003601,user3601@example.com,555-206-8582,2013-02-09,A,STUDENT,236,2026-06-29 19:53:29.717929,2026-06-29 19:53:29.717929
3603,Brenda,Fuller,1958-04-27,sha256_003602,user3602@example.com,555-255-2387,2023-06-30,A,PREMIER,139,2026-06-29 19:53:29.717929,2026-06-29 19:53:29.717929
3604,Annette,Kelly,1986-05-15,sha256_003603,user3603@example.com,555-865-2753,2025-10-27,A,MASS,305,2026-06-29 19:53:29.717929,2026-06-29 19:53:29.717929
3605,Pamela,Nguyen,1966-12-12,sha256_003604,user3604@example.com,555-299-5760,2020-10-22,A,STUDENT,247,2026-06-29 19:53:29.717929,2026-06-29 19:53:29.717929
3606,Katherine,Patel,1998-12-18,sha256_003605,user3605@example.com,555-907-6428,2016-10-24,A,PREMIER,63,2026-06-29 19:53:29.717929,2026-06-29 19:53:29.717929
3607,Anna,Norris,1974-07-13,sha256_003606,user3606@example.com,555-958-9369,2017-12-01,I,SMALL_BIZ,368,2026-06-29 19:53:29.717929,2026-06-29 19:53:29.717929
3608,Jesse,Delacruz,1948-05-28,sha256_003607,user3607@example.com,555-254-4359,2024-11-08,A,STUDENT,74,2026-06-29 19:53:29.717929,2026-06-29 19:53:29.717929
3609,Wendy,Jones,1955-03-23,sha256_003608,user3608@example.com,555-775-9115,2017-08-22,I,DIGITAL,115,2026-06-29 19:53:29.717929,2026-06-29 19:53:29.717929
3610,Scott,Taylor,1987-02-11,sha256_003609,user3609@example.com,555-891-3535,2026-01-18,C,MASS,322,2026-06-29 19:53:29.717929,2026-06-29 19:53:29.717929
3611,Collin,Scott,1990-12-09,sha256_003610,user3610@example.com,555-518-1105,2014-10-01,A,WEALTH,320,2026-06-29 19:53:29.717929,2026-06-29 19:53:29.717929
3612,Vickie,Day,2003-01-04,sha256_003611,user3611@example.com,555-904-4288,2017-08-05,A,PREMIER,35,2026-06-29 19:53:29.717929,2026-06-29 19:53:29.717929
3613,Clayton,Mclean,2001-02-08,sha256_003612,user3612@example.com,555-200-3507,2024-10-24,A,STUDENT,451,2026-06-29 19:53:29.717929,2026-06-29 19:53:29.717929
3614,John,George,1982-06-24,sha256_003613,user3613@example.com,555-323-9516,2012-11-19,A,PREMIER,127,2026-06-29 19:53:29.717929,2026-06-29 19:53:29.717929
3615,John,Alvarez,1991-07-02,sha256_003614,user3614@example.com,555-409-2697,2025-06-27,A,WEALTH,13,2026-06-29 19:53:29.717929,2026-06-29 19:53:29.717929
3616,Katherine,Chandler,1960-01-21,sha256_003615,user3615@example.com,555-717-8271,2013-12-25,A,WEALTH,29,2026-06-29 19:53:29.717929,2026-06-29 19:53:29.717929
3617,Victoria,Flynn,2003-07-19,sha256_003616,user3616@example.com,555-324-5913,2018-10-17,A,WEALTH,248,2026-06-29 19:53:29.717929,2026-06-29 19:53:29.717929
3618,William,Perez,2000-12-13,sha256_003617,user3617@example.com,555-388-4849,2012-12-25,I,STUDENT,134,2026-06-29 19:53:29.717929,2026-06-29 19:53:29.717929
3619,Heather,Michael,1980-01-23,sha256_003618,user3618@example.com,555-827-8194,2011-06-29,A,SMALL_BIZ,316,2026-06-29 19:53:29.717929,2026-06-29 19:53:29.717929
3620,Frank,Rodgers,1991-12-18,sha256_003619,user3619@example.com,555-326-8083,2019-10-16,A,DIGITAL,326,2026-06-29 19:53:29.717929,2026-06-29 19:53:29.717929
3621,Elizabeth,Lee,2007-03-13,sha256_003620,user3620@example.com,555-222-4027,2020-01-08,A,DIGITAL,420,2026-06-29 19:53:29.717929,2026-06-29 19:53:29.717929
3622,Brandon,White,1996-08-01,sha256_003621,user3621@example.com,555-962-4943,2014-12-26,A,DIGITAL,262,2026-06-29 19:53:29.717929,2026-06-29 19:53:29.717929
3623,Kenneth,Brown,1996-12-01,sha256_003622,user3622@example.com,555-959-9956,2014-06-09,A,DIGITAL,244,2026-06-29 19:53:29.717929,2026-06-29 19:53:29.717929
3624,Anthony,Swanson,1971-08-09,sha256_003623,user3623@example.com,555-691-5751,2020-09-20,I,MASS,342,2026-06-29 19:53:29.717929,2026-06-29 19:53:29.717929
3625,Katherine,Juarez,1990-01-01,sha256_003624,user3624@example.com,555-302-9076,2016-12-16,A,MASS,342,2026-06-29 19:53:29.717929,2026-06-29 19:53:29.717929
3626,Hailey,Bass,1997-06-02,sha256_003625,user3625@example.com,555-481-7409,2017-12-07,A,WEALTH,358,2026-06-29 19:53:29.717929,2026-06-29 19:53:29.717929
3627,George,Johnson,1952-02-24,sha256_003626,user3626@example.com,555-309-8601,2017-02-17,A,WEALTH,417,2026-06-29 19:53:29.717929,2026-06-29 19:53:29.717929
3628,Robert,Miller,1953-03-22,sha256_003627,user3627@example.com,555-635-3427,2024-01-25,I,PREMIER,146,2026-06-29 19:53:29.717929,2026-06-29 19:53:29.717929
3629,Robert,Hamilton,1952-01-18,sha256_003628,user3628@example.com,555-668-2968,2012-07-31,A,STUDENT,200,2026-06-29 19:53:29.717929,2026-06-29 19:53:29.717929
3630,Jennifer,Reeves,1988-05-15,sha256_003629,user3629@example.com,555-211-5960,2013-12-20,A,PREMIER,331,2026-06-29 19:53:29.717929,2026-06-29 19:53:29.717929
3631,Rachel,Vargas,2000-09-15,sha256_003630,user3630@example.com,555-866-8282,2019-05-30,A,PREMIER,465,2026-06-29 19:53:29.717929,2026-06-29 19:53:29.717929
3632,Mark,Chavez,2005-12-08,sha256_003631,user3631@example.com,555-563-3282,2020-03-24,A,WEALTH,452,2026-06-29 19:53:29.717929,2026-06-29 19:53:29.717929
3633,Donna,Lewis,1997-01-06,sha256_003632,user3632@example.com,555-940-8509,2020-05-10,A,MASS,5,2026-06-29 19:53:29.717929,2026-06-29 19:53:29.717929
3634,Mary,Wallace,1971-07-30,sha256_003633,user3633@example.com,555-362-6861,2014-01-21,A,STUDENT,439,2026-06-29 19:53:29.717929,2026-06-29 19:53:29.717929
3635,Sara,Yates,1962-08-24,sha256_003634,user3634@example.com,555-715-4453,2020-07-14,A,MASS,463,2026-06-29 19:53:29.717929,2026-06-29 19:53:29.717929
3636,Kenneth,Barton,1997-06-23,sha256_003635,user3635@example.com,555-923-9602,2014-06-02,A,WEALTH,263,2026-06-29 19:53:29.717929,2026-06-29 19:53:29.717929
3637,Bonnie,Hogan,1972-08-20,sha256_003636,user3636@example.com,555-264-3858,2012-11-05,I,SMALL_BIZ,78,2026-06-29 19:53:29.717929,2026-06-29 19:53:29.717929
3638,Jillian,Ferguson,1949-12-26,sha256_003637,user3637@example.com,555-560-6558,2012-04-17,A,WEALTH,367,2026-06-29 19:53:29.717929,2026-06-29 19:53:29.717929
3639,Ralph,Banks,1998-12-02,sha256_003638,user3638@example.com,555-343-5560,2019-11-05,A,SMALL_BIZ,156,2026-06-29 19:53:29.717929,2026-06-29 19:53:29.717929
3640,Brian,White,1989-03-23,sha256_003639,user3639@example.com,555-603-2117,2023-09-04,A,SMALL_BIZ,248,2026-06-29 19:53:29.717929,2026-06-29 19:53:29.717929
3641,John,Williams,2000-03-02,sha256_003640,user3640@example.com,555-585-8729,2023-05-30,A,STUDENT,338,2026-06-29 19:53:29.717929,2026-06-29 19:53:29.717929
3642,Charles,Ryan,1998-12-30,sha256_003641,user3641@example.com,555-384-9306,2019-08-08,I,SMALL_BIZ,270,2026-06-29 19:53:29.717929,2026-06-29 19:53:29.717929
3643,Clayton,Green,1947-02-02,sha256_003642,user3642@example.com,555-465-3120,2019-04-29,A,SMALL_BIZ,166,2026-06-29 19:53:29.717929,2026-06-29 19:53:29.717929
3644,Bradley,Henry,1978-04-08,sha256_003643,user3643@example.com,555-802-6703,2023-11-05,A,STUDENT,317,2026-06-29 19:53:29.717929,2026-06-29 19:53:29.717929
3645,Kristy,Hale,1997-08-18,sha256_003644,user3644@example.com,555-613-2107,2013-07-29,A,PREMIER,16,2026-06-29 19:53:29.717929,2026-06-29 19:53:29.717929
3646,Scott,Henderson,1947-06-25,sha256_003645,user3645@example.com,555-950-3607,2013-09-11,A,DIGITAL,50,2026-06-29 19:53:29.717929,2026-06-29 19:53:29.717929
3647,Kathleen,Murray,1983-12-17,sha256_003646,user3646@example.com,555-881-2740,2012-09-07,A,WEALTH,479,2026-06-29 19:53:29.717929,2026-06-29 19:53:29.717929
3648,Matthew,Johnson,1987-02-21,sha256_003647,user3647@example.com,555-895-8805,2026-04-20,A,MASS,390,2026-06-29 19:53:29.717929,2026-06-29 19:53:29.717929
3649,Elizabeth,Johnson,1942-04-07,sha256_003648,user3648@example.com,555-437-4876,2011-11-24,A,PREMIER,461,2026-06-29 19:53:29.717929,2026-06-29 19:53:29.717929
3650,Marcus,Todd,1995-09-25,sha256_003649,user3649@example.com,555-378-7292,2011-12-11,C,WEALTH,473,2026-06-29 19:53:29.717929,2026-06-29 19:53:29.717929
3651,Christopher,Lee,1995-08-16,sha256_003650,user3650@example.com,555-265-2014,2020-03-25,A,STUDENT,129,2026-06-29 19:53:29.717929,2026-06-29 19:53:29.717929
3652,Kristen,Ryan,2005-05-07,sha256_003651,user3651@example.com,555-317-1613,2012-12-15,A,SMALL_BIZ,38,2026-06-29 19:53:29.717929,2026-06-29 19:53:29.717929
3653,Kaitlyn,Jacobs,1966-05-20,sha256_003652,user3652@example.com,555-652-7132,2023-03-28,I,STUDENT,324,2026-06-29 19:53:29.717929,2026-06-29 19:53:29.717929
3654,Lawrence,Chambers,1989-09-05,sha256_003653,user3653@example.com,555-230-3851,2026-03-27,A,MASS,56,2026-06-29 19:53:29.717929,2026-06-29 19:53:29.717929
3655,Kelly,Carter,1994-09-25,sha256_003654,user3654@example.com,555-915-8364,2019-01-04,A,WEALTH,69,2026-06-29 19:53:29.717929,2026-06-29 19:53:29.717929
3656,Dylan,Barnett,1952-02-29,sha256_003655,user3655@example.com,555-852-4272,2019-08-19,A,DIGITAL,130,2026-06-29 19:53:29.717929,2026-06-29 19:53:29.717929
3657,Alexa,Tate,1977-09-02,sha256_003656,user3656@example.com,555-702-8168,2015-10-10,A,SMALL_BIZ,147,2026-06-29 19:53:29.717929,2026-06-29 19:53:29.717929
3658,Keith,Howell,1951-07-31,sha256_003657,user3657@example.com,555-430-4296,2023-10-15,A,SMALL_BIZ,83,2026-06-29 19:53:29.717929,2026-06-29 19:53:29.717929
3659,Billy,Hamilton,1944-05-03,sha256_003658,user3658@example.com,555-644-9659,2017-02-24,A,DIGITAL,45,2026-06-29 19:53:29.717929,2026-06-29 19:53:29.717929
3660,Aaron,Green,1943-04-02,sha256_003659,user3659@example.com,555-796-1397,2020-06-06,I,SMALL_BIZ,492,2026-06-29 19:53:29.717929,2026-06-29 19:53:29.717929
3661,Matthew,Ward,1957-12-12,sha256_003660,user3660@example.com,555-884-2576,2016-08-22,A,DIGITAL,18,2026-06-29 19:53:29.717929,2026-06-29 19:53:29.717929
3662,Richard,Hart,1976-01-21,sha256_003661,user3661@example.com,555-343-1085,2019-05-26,A,MASS,397,2026-06-29 19:53:29.717929,2026-06-29 19:53:29.717929
3663,Joseph,Perez,1957-04-16,sha256_003662,user3662@example.com,555-617-9955,2013-09-19,A,PREMIER,175,2026-06-29 19:53:29.717929,2026-06-29 19:53:29.717929
3664,Michael,Underwood,1963-01-15,sha256_003663,user3663@example.com,555-389-9653,2021-05-10,A,WEALTH,98,2026-06-29 19:53:29.717929,2026-06-29 19:53:29.717929
3665,Bobby,Klein,1994-02-04,sha256_003664,user3664@example.com,555-412-8761,2017-02-02,A,STUDENT,181,2026-06-29 19:53:29.717929,2026-06-29 19:53:29.717929
3666,Jared,Ortiz,1983-05-14,sha256_003665,user3665@example.com,555-565-3258,2012-04-12,A,PREMIER,225,2026-06-29 19:53:29.717929,2026-06-29 19:53:29.717929
3667,Christine,Buchanan,1998-11-04,sha256_003666,user3666@example.com,555-637-7162,2019-10-26,I,PREMIER,292,2026-06-29 19:53:29.717929,2026-06-29 19:53:29.717929
3668,Daisy,Mays,1942-08-18,sha256_003667,user3667@example.com,555-280-3083,2020-10-21,A,STUDENT,153,2026-06-29 19:53:29.717929,2026-06-29 19:53:29.717929
3669,Caleb,Adams,2003-06-10,sha256_003668,user3668@example.com,555-303-2932,2014-03-31,A,WEALTH,119,2026-06-29 19:53:29.717929,2026-06-29 19:53:29.717929
3670,Peter,Davenport,1944-08-21,sha256_003669,user3669@example.com,555-252-9856,2013-04-26,A,MASS,12,2026-06-29 19:53:29.717929,2026-06-29 19:53:29.717929
3671,Allison,Smith,1949-10-25,sha256_003670,user3670@example.com,555-429-5749,2019-10-13,A,MASS,200,2026-06-29 19:53:29.717929,2026-06-29 19:53:29.717929
3672,Melody,Thompson,1983-05-28,sha256_003671,user3671@example.com,555-920-6863,2015-05-08,A,PREMIER,447,2026-06-29 19:53:29.717929,2026-06-29 19:53:29.717929
3673,Sarah,Black,2005-01-13,sha256_003672,user3672@example.com,555-361-5719,2018-12-05,A,PREMIER,274,2026-06-29 19:53:29.717929,2026-06-29 19:53:29.717929
3674,Allison,Brown,1966-10-28,sha256_003673,user3673@example.com,555-789-4955,2022-11-20,A,STUDENT,478,2026-06-29 19:53:29.717929,2026-06-29 19:53:29.717929
3675,Cameron,Horton,1959-06-08,sha256_003674,user3674@example.com,555-825-9192,2013-10-19,A,MASS,205,2026-06-29 19:53:29.717929,2026-06-29 19:53:29.717929
3676,George,Duncan,1982-12-20,sha256_003675,user3675@example.com,555-833-1928,2015-11-23,A,STUDENT,358,2026-06-29 19:53:29.717929,2026-06-29 19:53:29.717929
3677,Rickey,Moore,1986-05-07,sha256_003676,user3676@example.com,555-313-8716,2022-05-22,A,MASS,335,2026-06-29 19:53:29.717929,2026-06-29 19:53:29.717929
3678,Jennifer,Richardson,1957-10-02,sha256_003677,user3677@example.com,555-230-1528,2017-10-02,A,MASS,216,2026-06-29 19:53:29.717929,2026-06-29 19:53:29.717929
3679,Jason,Collins,1990-01-30,sha256_003678,user3678@example.com,555-467-4285,2019-05-16,A,MASS,455,2026-06-29 19:53:29.717929,2026-06-29 19:53:29.717929
3680,Morgan,Short,1993-08-20,sha256_003679,user3679@example.com,555-983-1973,2012-09-18,A,DIGITAL,105,2026-06-29 19:53:29.717929,2026-06-29 19:53:29.717929
3681,Peter,Gomez,1961-01-11,sha256_003680,user3680@example.com,555-760-6400,2026-02-22,A,SMALL_BIZ,468,2026-06-29 19:53:29.717929,2026-06-29 19:53:29.717929
3682,Michelle,Williams,1991-10-05,sha256_003681,user3681@example.com,555-263-4860,2022-10-17,A,WEALTH,38,2026-06-29 19:53:29.717929,2026-06-29 19:53:29.717929
3683,Emma,Morgan,1968-07-05,sha256_003682,user3682@example.com,555-777-1579,2014-11-28,A,MASS,37,2026-06-29 19:53:29.717929,2026-06-29 19:53:29.717929
3684,Susan,Pruitt,1987-04-07,sha256_003683,user3683@example.com,555-626-2320,2015-11-16,A,STUDENT,246,2026-06-29 19:53:29.717929,2026-06-29 19:53:29.717929
3685,Nicholas,Jenkins,1943-01-19,sha256_003684,user3684@example.com,555-332-5432,2012-10-02,A,SMALL_BIZ,22,2026-06-29 19:53:29.717929,2026-06-29 19:53:29.717929
3686,Barbara,Briggs,1960-03-27,sha256_003685,user3685@example.com,555-306-1583,2015-10-29,A,WEALTH,260,2026-06-29 19:53:29.717929,2026-06-29 19:53:29.717929
3687,Kelsey,Cross,1975-05-05,sha256_003686,user3686@example.com,555-430-6738,2025-03-09,I,WEALTH,245,2026-06-29 19:53:29.717929,2026-06-29 19:53:29.717929
3688,Vincent,White,1966-03-04,sha256_003687,user3687@example.com,555-510-4731,2019-10-15,A,PREMIER,477,2026-06-29 19:53:29.717929,2026-06-29 19:53:29.717929
3689,Teresa,Owens,2007-04-21,sha256_003688,user3688@example.com,555-256-1431,2016-06-08,A,DIGITAL,274,2026-06-29 19:53:29.717929,2026-06-29 19:53:29.717929
3690,Haley,Johnson,1997-03-20,sha256_003689,user3689@example.com,555-822-7215,2012-05-29,A,SMALL_BIZ,351,2026-06-29 19:53:29.717929,2026-06-29 19:53:29.717929
3691,Melissa,Allen,1987-07-05,sha256_003690,user3690@example.com,555-955-1296,2012-05-07,I,STUDENT,247,2026-06-29 19:53:29.717929,2026-06-29 19:53:29.717929
3692,Kathy,Kelly,2002-11-23,sha256_003691,user3691@example.com,555-253-7342,2014-08-10,A,WEALTH,357,2026-06-29 19:53:29.717929,2026-06-29 19:53:29.717929
3693,Leslie,Fletcher,1996-12-31,sha256_003692,user3692@example.com,555-328-8040,2015-05-03,A,SMALL_BIZ,219,2026-06-29 19:53:29.717929,2026-06-29 19:53:29.717929
3694,Donald,Garcia,1967-12-09,sha256_003693,user3693@example.com,555-762-3257,2014-10-20,A,PREMIER,225,2026-06-29 19:53:29.717929,2026-06-29 19:53:29.717929
3695,Alicia,Griffith,1947-10-30,sha256_003694,user3694@example.com,555-320-7024,2020-06-09,A,MASS,100,2026-06-29 19:53:29.717929,2026-06-29 19:53:29.717929
3696,Catherine,Gonzalez,1994-03-30,sha256_003695,user3695@example.com,555-551-8152,2019-08-12,A,PREMIER,122,2026-06-29 19:53:29.717929,2026-06-29 19:53:29.717929
3697,James,Robinson,1981-03-30,sha256_003696,user3696@example.com,555-437-2507,2020-11-25,C,STUDENT,6,2026-06-29 19:53:29.717929,2026-06-29 19:53:29.717929
3698,Jeremiah,Khan,1968-08-16,sha256_003697,user3697@example.com,555-432-7767,2016-04-23,A,SMALL_BIZ,386,2026-06-29 19:53:29.717929,2026-06-29 19:53:29.717929
3699,Stephanie,Hull,1998-10-06,sha256_003698,user3698@example.com,555-749-1750,2022-04-13,I,PREMIER,448,2026-06-29 19:53:29.717929,2026-06-29 19:53:29.717929
3700,Katherine,Murphy,1982-06-27,sha256_003699,user3699@example.com,555-937-5094,2019-01-09,A,PREMIER,40,2026-06-29 19:53:29.717929,2026-06-29 19:53:29.717929
3701,Vincent,Russell,1967-07-30,sha256_003700,user3700@example.com,555-258-3076,2018-05-18,A,WEALTH,93,2026-06-29 19:53:29.717929,2026-06-29 19:53:29.717929
3702,Patricia,Smith,1978-07-06,sha256_003701,user3701@example.com,555-489-1716,2024-05-19,A,MASS,180,2026-06-29 19:53:29.717929,2026-06-29 19:53:29.717929
3703,Wendy,Johnson,1953-11-15,sha256_003702,user3702@example.com,555-816-5001,2023-09-24,A,MASS,67,2026-06-29 19:53:29.717929,2026-06-29 19:53:29.717929
3704,Daniel,Anderson,1948-08-23,sha256_003703,user3703@example.com,555-820-7517,2023-02-08,I,WEALTH,337,2026-06-29 19:53:29.717929,2026-06-29 19:53:29.717929
3705,John,Bennett,1981-07-02,sha256_003704,user3704@example.com,555-325-2258,2025-04-12,I,PREMIER,129,2026-06-29 19:53:29.717929,2026-06-29 19:53:29.717929
3706,Joseph,Campbell,1973-02-17,sha256_003705,user3705@example.com,555-756-4372,2021-12-22,I,WEALTH,362,2026-06-29 19:53:29.717929,2026-06-29 19:53:29.717929
3707,Jenny,Perry,2007-01-31,sha256_003706,user3706@example.com,555-952-6848,2013-04-11,A,DIGITAL,228,2026-06-29 19:53:29.717929,2026-06-29 19:53:29.717929
3708,Jason,Richardson,1941-09-12,sha256_003707,user3707@example.com,555-930-5959,2020-10-03,A,MASS,400,2026-06-29 19:53:29.717929,2026-06-29 19:53:29.717929
3709,Brian,Collins,1994-07-24,sha256_003708,user3708@example.com,555-764-5795,2013-06-27,A,SMALL_BIZ,126,2026-06-29 19:53:29.717929,2026-06-29 19:53:29.717929
3710,Alicia,Ingram,1946-03-30,sha256_003709,user3709@example.com,555-739-5383,2013-04-30,C,MASS,358,2026-06-29 19:53:29.717929,2026-06-29 19:53:29.717929
3711,Jeremiah,Sanders,1960-09-16,sha256_003710,user3710@example.com,555-754-9248,2019-07-15,A,PREMIER,28,2026-06-29 19:53:29.717929,2026-06-29 19:53:29.717929
3712,Brenda,Avila,1973-06-22,sha256_003711,user3711@example.com,555-554-7731,2023-12-29,A,SMALL_BIZ,487,2026-06-29 19:53:29.717929,2026-06-29 19:53:29.717929
3713,Jennifer,David,1968-10-11,sha256_003712,user3712@example.com,555-836-8966,2014-01-13,A,MASS,41,2026-06-29 19:53:29.717929,2026-06-29 19:53:29.717929
3714,Charles,Hayes,1982-02-17,sha256_003713,user3713@example.com,555-408-3246,2019-01-14,A,STUDENT,119,2026-06-29 19:53:29.717929,2026-06-29 19:53:29.717929
3715,Christopher,Peck,1963-12-13,sha256_003714,user3714@example.com,555-512-4453,2017-09-24,C,PREMIER,191,2026-06-29 19:53:29.717929,2026-06-29 19:53:29.717929
3716,Kelly,Stone,1988-01-31,sha256_003715,user3715@example.com,555-942-3325,2024-04-12,A,PREMIER,121,2026-06-29 19:53:29.717929,2026-06-29 19:53:29.717929
3717,Maria,Mccoy,1968-10-10,sha256_003716,user3716@example.com,555-915-8213,2022-08-21,A,SMALL_BIZ,392,2026-06-29 19:53:29.717929,2026-06-29 19:53:29.717929
3718,Travis,Foster,1993-08-13,sha256_003717,user3717@example.com,555-664-2871,2016-07-10,A,PREMIER,256,2026-06-29 19:53:29.717929,2026-06-29 19:53:29.717929
3719,Brandon,Steele,1970-08-29,sha256_003718,user3718@example.com,555-234-5428,2023-04-15,A,MASS,302,2026-06-29 19:53:29.717929,2026-06-29 19:53:29.717929
3720,Kimberly,Smith,1949-04-19,sha256_003719,user3719@example.com,555-593-5921,2013-05-30,A,PREMIER,31,2026-06-29 19:53:29.717929,2026-06-29 19:53:29.717929
3721,Veronica,Meyer,1944-04-25,sha256_003720,user3720@example.com,555-485-7290,2014-05-15,A,WEALTH,10,2026-06-29 19:53:29.717929,2026-06-29 19:53:29.717929
3722,Nicole,Davis,1955-02-08,sha256_003721,user3721@example.com,555-591-7302,2017-04-26,I,WEALTH,23,2026-06-29 19:53:29.717929,2026-06-29 19:53:29.717929
3723,Eric,Bryant,1999-11-11,sha256_003722,user3722@example.com,555-429-4370,2011-11-24,I,WEALTH,95,2026-06-29 19:53:29.717929,2026-06-29 19:53:29.717929
3724,Cory,Thompson,1962-12-15,sha256_003723,user3723@example.com,555-875-8062,2022-08-10,A,STUDENT,27,2026-06-29 19:53:29.717929,2026-06-29 19:53:29.717929
3725,Michael,Roth,1956-02-20,sha256_003724,user3724@example.com,555-876-5999,2024-11-17,A,PREMIER,278,2026-06-29 19:53:29.717929,2026-06-29 19:53:29.717929
3726,Ashley,Washington,1975-08-07,sha256_003725,user3725@example.com,555-981-6698,2014-03-24,I,PREMIER,466,2026-06-29 19:53:29.717929,2026-06-29 19:53:29.717929
3727,Anna,Barrera,1998-04-08,sha256_003726,user3726@example.com,555-823-6508,2017-10-27,A,MASS,415,2026-06-29 19:53:29.717929,2026-06-29 19:53:29.717929
3728,Marie,Roberts,1983-02-09,sha256_003727,user3727@example.com,555-971-4547,2026-03-03,A,PREMIER,175,2026-06-29 19:53:29.717929,2026-06-29 19:53:29.717929
3729,Kevin,Spencer,2006-01-07,sha256_003728,user3728@example.com,555-943-8111,2013-03-21,A,WEALTH,401,2026-06-29 19:53:29.717929,2026-06-29 19:53:29.717929
3730,Kimberly,Cooper,1994-09-04,sha256_003729,user3729@example.com,555-946-1935,2026-03-10,A,PREMIER,284,2026-06-29 19:53:29.717929,2026-06-29 19:53:29.717929
3731,Roberta,Doyle,1957-05-26,sha256_003730,user3730@example.com,555-597-5709,2024-05-12,A,STUDENT,238,2026-06-29 19:53:29.717929,2026-06-29 19:53:29.717929
3732,Jason,Brewer,1976-11-27,sha256_003731,user3731@example.com,555-634-9501,2017-07-27,C,MASS,84,2026-06-29 19:53:29.717929,2026-06-29 19:53:29.717929
3733,Curtis,Wood,1982-08-30,sha256_003732,user3732@example.com,555-590-8656,2013-05-05,A,SMALL_BIZ,474,2026-06-29 19:53:29.717929,2026-06-29 19:53:29.717929
3734,Lynn,Romero,1987-10-18,sha256_003733,user3733@example.com,555-443-3160,2011-10-05,A,PREMIER,144,2026-06-29 19:53:29.717929,2026-06-29 19:53:29.717929
3735,Calvin,Roberts,2008-01-13,sha256_003734,user3734@example.com,555-898-5495,2020-02-27,A,PREMIER,128,2026-06-29 19:53:29.717929,2026-06-29 19:53:29.717929
3736,Jennifer,Chavez,1979-12-15,sha256_003735,user3735@example.com,555-989-9893,2025-06-09,A,MASS,173,2026-06-29 19:53:29.717929,2026-06-29 19:53:29.717929
3737,Richard,Harper,1958-08-05,sha256_003736,user3736@example.com,555-784-7465,2023-07-15,A,PREMIER,316,2026-06-29 19:53:29.717929,2026-06-29 19:53:29.717929
3738,Robert,Weber,1979-11-13,sha256_003737,user3737@example.com,555-480-6926,2025-07-21,A,MASS,338,2026-06-29 19:53:29.717929,2026-06-29 19:53:29.717929
3739,Diane,Greer,1995-08-19,sha256_003738,user3738@example.com,555-456-1202,2024-06-18,A,PREMIER,158,2026-06-29 19:53:29.717929,2026-06-29 19:53:29.717929
3740,Julie,Lowe,1984-06-27,sha256_003739,user3739@example.com,555-782-6259,2022-10-27,A,MASS,434,2026-06-29 19:53:29.717929,2026-06-29 19:53:29.717929
3741,Christopher,Boyd,1992-06-25,sha256_003740,user3740@example.com,555-383-8271,2024-03-26,I,WEALTH,9,2026-06-29 19:53:29.717929,2026-06-29 19:53:29.717929
3742,Beth,Walsh,1951-03-21,sha256_003741,user3741@example.com,555-650-1145,2023-03-07,A,WEALTH,19,2026-06-29 19:53:29.717929,2026-06-29 19:53:29.717929
3743,Annette,Phillips,1979-08-07,sha256_003742,user3742@example.com,555-567-8867,2013-09-06,A,SMALL_BIZ,433,2026-06-29 19:53:29.717929,2026-06-29 19:53:29.717929
3744,Ashley,Sparks,1993-03-26,sha256_003743,user3743@example.com,555-769-4569,2024-09-23,A,WEALTH,30,2026-06-29 19:53:29.717929,2026-06-29 19:53:29.717929
3745,Pamela,Rodriguez,1998-11-24,sha256_003744,user3744@example.com,555-793-2303,2025-09-17,A,MASS,460,2026-06-29 19:53:29.717929,2026-06-29 19:53:29.717929
3746,Jeffrey,Deleon,1997-09-18,sha256_003745,user3745@example.com,555-824-6145,2023-07-13,A,PREMIER,226,2026-06-29 19:53:29.717929,2026-06-29 19:53:29.717929
3747,Anne,Yu,1993-07-02,sha256_003746,user3746@example.com,555-384-5227,2017-11-26,A,MASS,133,2026-06-29 19:53:29.717929,2026-06-29 19:53:29.717929
3748,Andrew,Grant,1945-02-28,sha256_003747,user3747@example.com,555-706-3084,2020-10-09,A,DIGITAL,323,2026-06-29 19:53:29.717929,2026-06-29 19:53:29.717929
3749,Stephen,Butler,1951-11-17,sha256_003748,user3748@example.com,555-378-3406,2021-01-15,A,STUDENT,336,2026-06-29 19:53:29.717929,2026-06-29 19:53:29.717929
3750,Gordon,Lewis,2001-03-24,sha256_003749,user3749@example.com,555-250-4812,2021-01-24,I,PREMIER,336,2026-06-29 19:53:29.717929,2026-06-29 19:53:29.717929
3751,Jeremy,Lawson,1979-02-14,sha256_003750,user3750@example.com,555-239-4018,2026-05-01,I,SMALL_BIZ,260,2026-06-29 19:53:29.717929,2026-06-29 19:53:29.717929
3752,Rebecca,Santos,1963-04-27,sha256_003751,user3751@example.com,555-650-6199,2021-05-17,I,PREMIER,284,2026-06-29 19:53:29.717929,2026-06-29 19:53:29.717929
3753,Diane,Hoffman,2001-09-09,sha256_003752,user3752@example.com,555-934-4734,2019-04-02,A,PREMIER,488,2026-06-29 19:53:29.717929,2026-06-29 19:53:29.717929
3754,Justin,Smith,1942-08-31,sha256_003753,user3753@example.com,555-931-5244,2023-09-15,A,MASS,9,2026-06-29 19:53:29.717929,2026-06-29 19:53:29.717929
3755,Elizabeth,Jarvis,1964-08-01,sha256_003754,user3754@example.com,555-894-6789,2017-07-27,A,STUDENT,368,2026-06-29 19:53:29.717929,2026-06-29 19:53:29.717929
3756,Ryan,Johnson,2001-12-09,sha256_003755,user3755@example.com,555-245-4845,2019-12-09,A,MASS,56,2026-06-29 19:53:29.717929,2026-06-29 19:53:29.717929
3757,Richard,Hines,1995-05-26,sha256_003756,user3756@example.com,555-279-9305,2023-03-10,A,WEALTH,58,2026-06-29 19:53:29.717929,2026-06-29 19:53:29.717929
3758,Donna,Davis,1977-12-21,sha256_003757,user3757@example.com,555-723-2268,2013-09-04,A,DIGITAL,105,2026-06-29 19:53:29.717929,2026-06-29 19:53:29.717929
3759,Melvin,Mccoy,1978-05-20,sha256_003758,user3758@example.com,555-533-7084,2020-01-14,A,SMALL_BIZ,213,2026-06-29 19:53:29.717929,2026-06-29 19:53:29.717929
3760,Anna,Stokes,2003-05-13,sha256_003759,user3759@example.com,555-273-7987,2014-09-21,I,MASS,74,2026-06-29 19:53:29.717929,2026-06-29 19:53:29.717929
3761,Nicole,Miranda,1948-01-28,sha256_003760,user3760@example.com,555-225-6350,2023-11-19,A,STUDENT,404,2026-06-29 19:53:29.717929,2026-06-29 19:53:29.717929
3762,Matthew,Bradshaw,1995-07-29,sha256_003761,user3761@example.com,555-568-6488,2016-03-03,A,WEALTH,460,2026-06-29 19:53:29.717929,2026-06-29 19:53:29.717929
3763,Kimberly,Ross,1949-07-18,sha256_003762,user3762@example.com,555-867-7139,2024-01-27,A,WEALTH,483,2026-06-29 19:53:29.717929,2026-06-29 19:53:29.717929
3764,Kendra,Atkinson,1951-06-22,sha256_003763,user3763@example.com,555-501-1510,2020-04-03,A,DIGITAL,189,2026-06-29 19:53:29.717929,2026-06-29 19:53:29.717929
3765,Melissa,Wall,1959-09-16,sha256_003764,user3764@example.com,555-245-5765,2024-11-25,A,DIGITAL,467,2026-06-29 19:53:29.717929,2026-06-29 19:53:29.717929
3766,Aaron,Contreras,1952-06-30,sha256_003765,user3765@example.com,555-805-1418,2022-09-18,A,PREMIER,312,2026-06-29 19:53:29.717929,2026-06-29 19:53:29.717929
3767,Rebecca,Price,1975-12-03,sha256_003766,user3766@example.com,555-416-6129,2020-06-12,A,STUDENT,367,2026-06-29 19:53:29.717929,2026-06-29 19:53:29.717929
3768,Tina,Hughes,2008-05-20,sha256_003767,user3767@example.com,555-999-9326,2013-03-26,A,STUDENT,365,2026-06-29 19:53:29.717929,2026-06-29 19:53:29.717929
3769,James,Salazar,1955-01-11,sha256_003768,user3768@example.com,555-552-4520,2012-09-13,A,WEALTH,426,2026-06-29 19:53:29.717929,2026-06-29 19:53:29.717929
3770,Anthony,Dougherty,1996-09-01,sha256_003769,user3769@example.com,555-796-1534,2023-10-10,A,SMALL_BIZ,372,2026-06-29 19:53:29.717929,2026-06-29 19:53:29.717929
3771,Deborah,Miller,1966-08-18,sha256_003770,user3770@example.com,555-353-7243,2012-04-29,A,SMALL_BIZ,41,2026-06-29 19:53:29.717929,2026-06-29 19:53:29.717929
3772,Joan,Brown,1983-09-10,sha256_003771,user3771@example.com,555-279-4679,2012-07-31,I,STUDENT,258,2026-06-29 19:53:29.717929,2026-06-29 19:53:29.717929
3773,Crystal,Gonzalez,1968-10-24,sha256_003772,user3772@example.com,555-788-9982,2014-02-18,A,SMALL_BIZ,215,2026-06-29 19:53:29.717929,2026-06-29 19:53:29.717929
3774,Robert,Thomas,1980-07-07,sha256_003773,user3773@example.com,555-751-2986,2018-02-07,A,STUDENT,409,2026-06-29 19:53:29.717929,2026-06-29 19:53:29.717929
3775,Joshua,Smith,1990-05-26,sha256_003774,user3774@example.com,555-252-8738,2014-10-12,A,SMALL_BIZ,269,2026-06-29 19:53:29.717929,2026-06-29 19:53:29.717929
3776,Juan,Martin,1974-09-03,sha256_003775,user3775@example.com,555-732-8225,2018-02-04,I,MASS,138,2026-06-29 19:53:29.717929,2026-06-29 19:53:29.717929
3777,Donald,Powell,1989-05-08,sha256_003776,user3776@example.com,555-399-5801,2018-03-10,I,DIGITAL,169,2026-06-29 19:53:29.717929,2026-06-29 19:53:29.717929
3778,Caitlyn,Cooper,1999-04-24,sha256_003777,user3777@example.com,555-448-6930,2021-07-04,A,DIGITAL,234,2026-06-29 19:53:29.717929,2026-06-29 19:53:29.717929
3779,Monique,Hardy,1978-09-15,sha256_003778,user3778@example.com,555-522-2890,2012-11-11,A,SMALL_BIZ,124,2026-06-29 19:53:29.717929,2026-06-29 19:53:29.717929
3780,Sandra,Hendrix,1996-10-31,sha256_003779,user3779@example.com,555-655-7716,2025-04-04,I,MASS,41,2026-06-29 19:53:29.717929,2026-06-29 19:53:29.717929
3781,Carl,Strickland,1979-05-17,sha256_003780,user3780@example.com,555-560-9284,2025-05-27,A,PREMIER,469,2026-06-29 19:53:29.717929,2026-06-29 19:53:29.717929
3782,Emily,Baker,1943-01-06,sha256_003781,user3781@example.com,555-570-8932,2025-06-18,A,STUDENT,118,2026-06-29 19:53:29.717929,2026-06-29 19:53:29.717929
3783,Shawn,Davis,2006-07-02,sha256_003782,user3782@example.com,555-659-7862,2014-06-14,A,DIGITAL,292,2026-06-29 19:53:29.717929,2026-06-29 19:53:29.717929
3784,Michael,Arias,1950-05-19,sha256_003783,user3783@example.com,555-328-9808,2025-05-21,I,DIGITAL,398,2026-06-29 19:53:29.717929,2026-06-29 19:53:29.717929
3785,Richard,Mcdonald,1955-01-25,sha256_003784,user3784@example.com,555-617-3263,2025-02-25,A,STUDENT,134,2026-06-29 19:53:29.717929,2026-06-29 19:53:29.717929
3786,Jamie,Ferrell,2003-08-11,sha256_003785,user3785@example.com,555-493-6596,2018-06-01,A,MASS,61,2026-06-29 19:53:29.717929,2026-06-29 19:53:29.717929
3787,Christian,Martin,2002-04-20,sha256_003786,user3786@example.com,555-283-7692,2021-08-09,A,WEALTH,259,2026-06-29 19:53:29.717929,2026-06-29 19:53:29.717929
3788,Robert,Bryan,1966-12-09,sha256_003787,user3787@example.com,555-351-9096,2014-10-03,A,SMALL_BIZ,452,2026-06-29 19:53:29.717929,2026-06-29 19:53:29.717929
3789,Taylor,Payne,2007-02-13,sha256_003788,user3788@example.com,555-991-4245,2016-03-25,A,DIGITAL,449,2026-06-29 19:53:29.717929,2026-06-29 19:53:29.717929
3790,James,West,2006-11-29,sha256_003789,user3789@example.com,555-664-1254,2017-02-05,C,DIGITAL,62,2026-06-29 19:53:29.717929,2026-06-29 19:53:29.717929
3791,Kurt,Watkins,2001-03-19,sha256_003790,user3790@example.com,555-628-5315,2019-08-16,A,STUDENT,365,2026-06-29 19:53:29.717929,2026-06-29 19:53:29.717929
3792,Beth,Williams,1990-02-17,sha256_003791,user3791@example.com,555-681-2654,2014-01-03,A,DIGITAL,446,2026-06-29 19:53:29.717929,2026-06-29 19:53:29.717929
3793,Bradley,Roth,1999-05-21,sha256_003792,user3792@example.com,555-234-8068,2015-11-17,A,PREMIER,354,2026-06-29 19:53:29.717929,2026-06-29 19:53:29.717929
3794,Brian,Hayes,1970-05-18,sha256_003793,user3793@example.com,555-370-2196,2015-09-27,A,DIGITAL,264,2026-06-29 19:53:29.717929,2026-06-29 19:53:29.717929
3795,Raymond,Ferguson,1987-03-10,sha256_003794,user3794@example.com,555-742-7358,2023-11-26,A,WEALTH,182,2026-06-29 19:53:29.717929,2026-06-29 19:53:29.717929
3796,Joyce,Porter,2003-08-24,sha256_003795,user3795@example.com,555-330-7591,2024-12-28,A,SMALL_BIZ,286,2026-06-29 19:53:29.717929,2026-06-29 19:53:29.717929
3797,Charles,Flowers,1975-11-21,sha256_003796,user3796@example.com,555-447-5806,2025-02-21,A,PREMIER,173,2026-06-29 19:53:29.717929,2026-06-29 19:53:29.717929
3798,Patricia,Chapman,1984-04-22,sha256_003797,user3797@example.com,555-544-2765,2024-08-04,A,SMALL_BIZ,24,2026-06-29 19:53:29.717929,2026-06-29 19:53:29.717929
3799,James,Stone,1996-12-02,sha256_003798,user3798@example.com,555-275-6815,2013-01-06,A,WEALTH,467,2026-06-29 19:53:29.717929,2026-06-29 19:53:29.717929
3800,Amy,Navarro,2006-09-22,sha256_003799,user3799@example.com,555-618-8368,2014-01-19,A,SMALL_BIZ,428,2026-06-29 19:53:29.717929,2026-06-29 19:53:29.717929
3801,Catherine,Hall,1974-05-29,sha256_003800,user3800@example.com,555-646-5739,2022-05-26,A,WEALTH,359,2026-06-29 19:53:29.717929,2026-06-29 19:53:29.717929
3802,Nancy,Ryan,1970-01-13,sha256_003801,user3801@example.com,555-337-4005,2023-10-26,I,SMALL_BIZ,393,2026-06-29 19:53:29.717929,2026-06-29 19:53:29.717929
3803,Gregory,Maldonado,2000-03-23,sha256_003802,user3802@example.com,555-803-9345,2024-02-22,A,PREMIER,78,2026-06-29 19:53:29.717929,2026-06-29 19:53:29.717929
3804,Jeremy,Christensen,1962-10-29,sha256_003803,user3803@example.com,555-207-7060,2011-12-04,C,SMALL_BIZ,333,2026-06-29 19:53:29.717929,2026-06-29 19:53:29.717929
3805,Kristen,Chapman,2005-10-17,sha256_003804,user3804@example.com,555-664-7215,2011-10-31,A,MASS,225,2026-06-29 19:53:29.717929,2026-06-29 19:53:29.717929
3806,Erin,Vang,1989-09-04,sha256_003805,user3805@example.com,555-380-9334,2017-11-19,C,SMALL_BIZ,302,2026-06-29 19:53:29.717929,2026-06-29 19:53:29.717929
3807,Richard,Hurley,1971-11-18,sha256_003806,user3806@example.com,555-486-2587,2021-12-07,A,DIGITAL,153,2026-06-29 19:53:29.717929,2026-06-29 19:53:29.717929
3808,Kimberly,Thomas,1957-04-19,sha256_003807,user3807@example.com,555-705-6588,2017-07-14,A,PREMIER,289,2026-06-29 19:53:29.717929,2026-06-29 19:53:29.717929
3809,Aaron,Fernandez,1994-07-31,sha256_003808,user3808@example.com,555-730-9604,2016-12-08,A,STUDENT,261,2026-06-29 19:53:29.717929,2026-06-29 19:53:29.717929
3810,Henry,Soto,1947-02-22,sha256_003809,user3809@example.com,555-636-5673,2024-01-12,A,MASS,197,2026-06-29 19:53:29.717929,2026-06-29 19:53:29.717929
3811,Victoria,Shelton,1963-06-17,sha256_003810,user3810@example.com,555-526-3923,2013-11-12,A,DIGITAL,22,2026-06-29 19:53:29.717929,2026-06-29 19:53:29.717929
3812,Matthew,Zhang,1985-09-05,sha256_003811,user3811@example.com,555-952-4451,2011-09-17,A,WEALTH,266,2026-06-29 19:53:29.717929,2026-06-29 19:53:29.717929
3813,Richard,Hernandez,2004-04-09,sha256_003812,user3812@example.com,555-484-6150,2021-09-26,A,PREMIER,178,2026-06-29 19:53:29.717929,2026-06-29 19:53:29.717929
3814,Sharon,Jones,1946-05-17,sha256_003813,user3813@example.com,555-491-3713,2021-03-16,A,PREMIER,148,2026-06-29 19:53:29.717929,2026-06-29 19:53:29.717929
3815,Raymond,Bryant,1979-09-21,sha256_003814,user3814@example.com,555-480-8973,2016-05-16,A,WEALTH,115,2026-06-29 19:53:29.717929,2026-06-29 19:53:29.717929
3816,Brittany,Barton,1981-04-19,sha256_003815,user3815@example.com,555-373-5726,2012-01-29,A,MASS,311,2026-06-29 19:53:29.717929,2026-06-29 19:53:29.717929
3817,Chelsea,Roberts,1959-06-25,sha256_003816,user3816@example.com,555-971-2738,2017-11-26,A,DIGITAL,342,2026-06-29 19:53:29.717929,2026-06-29 19:53:29.717929
3818,Eric,Mcclain,1978-02-13,sha256_003817,user3817@example.com,555-485-3310,2011-09-25,I,PREMIER,106,2026-06-29 19:53:29.717929,2026-06-29 19:53:29.717929
3819,Austin,Jacobs,1944-01-09,sha256_003818,user3818@example.com,555-765-9334,2016-06-04,I,DIGITAL,15,2026-06-29 19:53:29.717929,2026-06-29 19:53:29.717929
3820,Amy,Proctor,1990-05-17,sha256_003819,user3819@example.com,555-812-1651,2021-05-15,A,STUDENT,276,2026-06-29 19:53:29.717929,2026-06-29 19:53:29.717929
3821,William,Carter,1981-07-28,sha256_003820,user3820@example.com,555-399-1109,2021-10-21,A,WEALTH,427,2026-06-29 19:53:29.717929,2026-06-29 19:53:29.717929
3822,Matthew,Moss,1950-03-14,sha256_003821,user3821@example.com,555-226-7054,2024-08-27,A,DIGITAL,145,2026-06-29 19:53:29.717929,2026-06-29 19:53:29.717929
3823,Deborah,Campbell,1975-10-23,sha256_003822,user3822@example.com,555-784-7987,2020-11-18,A,SMALL_BIZ,228,2026-06-29 19:53:29.717929,2026-06-29 19:53:29.717929
3824,Stephen,Patrick,1971-10-07,sha256_003823,user3823@example.com,555-733-3067,2019-08-19,A,WEALTH,152,2026-06-29 19:53:29.717929,2026-06-29 19:53:29.717929
3825,Scott,Kelly,2002-08-28,sha256_003824,user3824@example.com,555-312-2965,2021-11-11,A,WEALTH,456,2026-06-29 19:53:29.717929,2026-06-29 19:53:29.717929
3826,Richard,Myers,1953-06-27,sha256_003825,user3825@example.com,555-642-9081,2024-11-04,A,MASS,45,2026-06-29 19:53:29.717929,2026-06-29 19:53:29.717929
3827,Diane,Johnson,1954-08-16,sha256_003826,user3826@example.com,555-340-5562,2022-12-18,A,SMALL_BIZ,343,2026-06-29 19:53:29.717929,2026-06-29 19:53:29.717929
3828,Kimberly,Stuart,1982-09-25,sha256_003827,user3827@example.com,555-319-6795,2015-08-04,A,PREMIER,382,2026-06-29 19:53:29.717929,2026-06-29 19:53:29.717929
3829,Teresa,Simpson,1945-09-29,sha256_003828,user3828@example.com,555-427-2218,2020-11-08,I,MASS,81,2026-06-29 19:53:29.717929,2026-06-29 19:53:29.717929
3830,Edward,Hanson,1977-02-23,sha256_003829,user3829@example.com,555-719-6494,2017-03-24,A,MASS,233,2026-06-29 19:53:29.717929,2026-06-29 19:53:29.717929
3831,Jennifer,Moore,2002-10-25,sha256_003830,user3830@example.com,555-845-9402,2019-01-14,A,SMALL_BIZ,398,2026-06-29 19:53:29.717929,2026-06-29 19:53:29.717929
3832,Barbara,Snyder,1997-05-16,sha256_003831,user3831@example.com,555-275-6157,2016-04-07,A,PREMIER,222,2026-06-29 19:53:29.717929,2026-06-29 19:53:29.717929
3833,Amanda,Maldonado,1991-09-22,sha256_003832,user3832@example.com,555-302-9540,2023-04-14,I,MASS,98,2026-06-29 19:53:29.717929,2026-06-29 19:53:29.717929
3834,Faith,Sparks,1941-07-15,sha256_003833,user3833@example.com,555-771-1583,2021-02-02,A,SMALL_BIZ,322,2026-06-29 19:53:29.717929,2026-06-29 19:53:29.717929
3835,Nicole,Alvarado,1966-03-11,sha256_003834,user3834@example.com,555-208-5029,2021-11-12,A,DIGITAL,301,2026-06-29 19:53:29.717929,2026-06-29 19:53:29.717929
3836,Peter,Luna,1999-08-19,sha256_003835,user3835@example.com,555-585-4607,2022-10-06,A,SMALL_BIZ,101,2026-06-29 19:53:29.717929,2026-06-29 19:53:29.717929
3837,Benjamin,Nunez,1963-09-23,sha256_003836,user3836@example.com,555-471-8702,2018-04-21,I,DIGITAL,249,2026-06-29 19:53:29.717929,2026-06-29 19:53:29.717929
3838,Gregory,Francis,1952-09-28,sha256_003837,user3837@example.com,555-391-9138,2024-11-29,A,MASS,68,2026-06-29 19:53:29.717929,2026-06-29 19:53:29.717929
3839,Ian,Mills,1998-08-10,sha256_003838,user3838@example.com,555-403-2453,2015-06-30,I,STUDENT,439,2026-06-29 19:53:29.717929,2026-06-29 19:53:29.717929
3840,Donald,Serrano,1972-05-10,sha256_003839,user3839@example.com,555-940-4509,2017-05-15,A,PREMIER,223,2026-06-29 19:53:29.717929,2026-06-29 19:53:29.717929
3841,John,Lynn,1982-06-15,sha256_003840,user3840@example.com,555-268-9039,2014-04-05,A,STUDENT,313,2026-06-29 19:53:29.717929,2026-06-29 19:53:29.717929
3842,Melanie,Clarke,1987-04-15,sha256_003841,user3841@example.com,555-413-3918,2022-07-09,A,PREMIER,215,2026-06-29 19:53:29.717929,2026-06-29 19:53:29.717929
3843,Shelia,Payne,1997-02-13,sha256_003842,user3842@example.com,555-904-5310,2014-10-21,A,STUDENT,195,2026-06-29 19:53:29.717929,2026-06-29 19:53:29.717929
3844,Dakota,Sullivan,2001-11-22,sha256_003843,user3843@example.com,555-846-4845,2020-01-13,A,SMALL_BIZ,179,2026-06-29 19:53:29.717929,2026-06-29 19:53:29.717929
3845,Sabrina,Lopez,1958-12-17,sha256_003844,user3844@example.com,555-695-9691,2021-09-13,A,SMALL_BIZ,489,2026-06-29 19:53:29.717929,2026-06-29 19:53:29.717929
3846,Sarah,Thompson,1992-07-05,sha256_003845,user3845@example.com,555-384-5916,2022-04-08,A,DIGITAL,449,2026-06-29 19:53:29.717929,2026-06-29 19:53:29.717929
3847,Tanya,Jackson,2004-10-21,sha256_003846,user3846@example.com,555-499-8947,2017-04-18,C,WEALTH,408,2026-06-29 19:53:29.717929,2026-06-29 19:53:29.717929
3848,Heather,Cooper,2004-11-16,sha256_003847,user3847@example.com,555-845-7425,2014-10-18,A,STUDENT,183,2026-06-29 19:53:29.717929,2026-06-29 19:53:29.717929
3849,Curtis,Dalton,1982-03-22,sha256_003848,user3848@example.com,555-756-8880,2021-09-24,A,MASS,50,2026-06-29 19:53:29.717929,2026-06-29 19:53:29.717929
3850,Jennifer,Wood,2004-06-10,sha256_003849,user3849@example.com,555-424-2841,2013-01-27,A,MASS,215,2026-06-29 19:53:29.717929,2026-06-29 19:53:29.717929
3851,April,Huber,1943-03-18,sha256_003850,user3850@example.com,555-657-6331,2021-02-15,A,DIGITAL,340,2026-06-29 19:53:29.717929,2026-06-29 19:53:29.717929
3852,Alexis,Flores,2005-02-10,sha256_003851,user3851@example.com,555-635-2897,2019-10-29,A,DIGITAL,238,2026-06-29 19:53:29.717929,2026-06-29 19:53:29.717929
3853,Mallory,Walker,1974-03-04,sha256_003852,user3852@example.com,555-526-2860,2021-08-20,A,MASS,357,2026-06-29 19:53:29.717929,2026-06-29 19:53:29.717929
3854,David,Leonard,1954-07-02,sha256_003853,user3853@example.com,555-607-3098,2020-11-10,I,WEALTH,431,2026-06-29 19:53:29.717929,2026-06-29 19:53:29.717929
3855,Sara,Wilson,1975-10-25,sha256_003854,user3854@example.com,555-700-7750,2020-02-05,A,SMALL_BIZ,121,2026-06-29 19:53:29.717929,2026-06-29 19:53:29.717929
3856,Brandon,Boyd,1973-09-24,sha256_003855,user3855@example.com,555-229-5766,2018-09-18,A,MASS,260,2026-06-29 19:53:29.717929,2026-06-29 19:53:29.717929
3857,Joseph,Johnson,1988-09-14,sha256_003856,user3856@example.com,555-420-7701,2020-03-04,A,PREMIER,288,2026-06-29 19:53:29.717929,2026-06-29 19:53:29.717929
3858,Kyle,Nguyen,1997-09-03,sha256_003857,user3857@example.com,555-990-6295,2014-08-17,A,MASS,346,2026-06-29 19:53:29.717929,2026-06-29 19:53:29.717929
3859,Mark,Rodriguez,1971-11-20,sha256_003858,user3858@example.com,555-525-7737,2016-05-13,A,WEALTH,415,2026-06-29 19:53:29.717929,2026-06-29 19:53:29.717929
3860,Olivia,Roth,1990-04-30,sha256_003859,user3859@example.com,555-652-7966,2016-12-13,I,WEALTH,134,2026-06-29 19:53:29.717929,2026-06-29 19:53:29.717929
3861,Alice,Allen,1973-05-16,sha256_003860,user3860@example.com,555-255-5396,2024-02-10,A,WEALTH,373,2026-06-29 19:53:29.717929,2026-06-29 19:53:29.717929
3862,Brandon,Moyer,1970-01-18,sha256_003861,user3861@example.com,555-424-6567,2024-03-12,A,SMALL_BIZ,420,2026-06-29 19:53:29.717929,2026-06-29 19:53:29.717929
3863,Heidi,Schneider,1959-04-19,sha256_003862,user3862@example.com,555-246-6054,2024-02-14,A,WEALTH,210,2026-06-29 19:53:29.717929,2026-06-29 19:53:29.717929
3864,Laura,Johnson,1948-10-19,sha256_003863,user3863@example.com,555-426-3728,2025-09-01,A,STUDENT,106,2026-06-29 19:53:29.717929,2026-06-29 19:53:29.717929
3865,Christina,Gould,1965-03-14,sha256_003864,user3864@example.com,555-998-2807,2018-04-21,A,STUDENT,313,2026-06-29 19:53:29.717929,2026-06-29 19:53:29.717929
3866,Thomas,Brown,1949-08-31,sha256_003865,user3865@example.com,555-537-3117,2020-04-26,A,STUDENT,277,2026-06-29 19:53:29.717929,2026-06-29 19:53:29.717929
3867,Timothy,Nelson,1990-07-27,sha256_003866,user3866@example.com,555-220-1345,2013-06-15,A,WEALTH,47,2026-06-29 19:53:29.717929,2026-06-29 19:53:29.717929
3868,Alison,Gates,1950-03-09,sha256_003867,user3867@example.com,555-999-6460,2024-02-03,A,MASS,393,2026-06-29 19:53:29.717929,2026-06-29 19:53:29.717929
3869,Derrick,Rivera,1964-10-29,sha256_003868,user3868@example.com,555-984-2039,2013-12-02,A,SMALL_BIZ,26,2026-06-29 19:53:29.717929,2026-06-29 19:53:29.717929
3870,Ronnie,Brown,1995-09-13,sha256_003869,user3869@example.com,555-731-4448,2023-07-26,A,MASS,275,2026-06-29 19:53:29.717929,2026-06-29 19:53:29.717929
3871,William,Sparks,1963-03-25,sha256_003870,user3870@example.com,555-403-3572,2023-01-08,A,STUDENT,203,2026-06-29 19:53:29.717929,2026-06-29 19:53:29.717929
3872,Kenneth,Jackson,1971-08-17,sha256_003871,user3871@example.com,555-935-4757,2018-02-01,A,MASS,411,2026-06-29 19:53:29.717929,2026-06-29 19:53:29.717929
3873,Matthew,Yang,1974-07-03,sha256_003872,user3872@example.com,555-365-7125,2016-07-13,A,MASS,212,2026-06-29 19:53:29.717929,2026-06-29 19:53:29.717929
3874,Matthew,Chapman,1986-05-02,sha256_003873,user3873@example.com,555-420-5074,2019-07-26,I,PREMIER,19,2026-06-29 19:53:29.717929,2026-06-29 19:53:29.717929
3875,Logan,Marquez,2006-02-11,sha256_003874,user3874@example.com,555-220-9627,2023-05-17,A,PREMIER,257,2026-06-29 19:53:29.717929,2026-06-29 19:53:29.717929
3876,David,Rubio,1982-08-09,sha256_003875,user3875@example.com,555-607-8944,2014-02-21,A,PREMIER,81,2026-06-29 19:53:29.717929,2026-06-29 19:53:29.717929
3877,Lisa,Patterson,2002-06-29,sha256_003876,user3876@example.com,555-489-5939,2025-12-04,A,PREMIER,118,2026-06-29 19:53:29.717929,2026-06-29 19:53:29.717929
3878,Melissa,Khan,1963-10-03,sha256_003877,user3877@example.com,555-846-5051,2013-07-09,I,PREMIER,140,2026-06-29 19:53:29.717929,2026-06-29 19:53:29.717929
3879,Nathan,Hall,1944-05-13,sha256_003878,user3878@example.com,555-967-3025,2023-06-14,A,WEALTH,336,2026-06-29 19:53:29.717929,2026-06-29 19:53:29.717929
3880,Susan,Anderson,1984-11-11,sha256_003879,user3879@example.com,555-610-3149,2014-12-14,A,SMALL_BIZ,449,2026-06-29 19:53:29.717929,2026-06-29 19:53:29.717929
3881,Margaret,Lloyd,2000-04-10,sha256_003880,user3880@example.com,555-476-2391,2024-08-30,A,PREMIER,38,2026-06-29 19:53:29.717929,2026-06-29 19:53:29.717929
3882,Adam,Morgan,1999-09-05,sha256_003881,user3881@example.com,555-716-7805,2012-07-10,A,PREMIER,8,2026-06-29 19:53:29.717929,2026-06-29 19:53:29.717929
3883,Cynthia,Peters,1943-10-03,sha256_003882,user3882@example.com,555-960-9875,2014-07-15,C,STUDENT,471,2026-06-29 19:53:29.717929,2026-06-29 19:53:29.717929
3884,Kevin,Rosales,1953-09-11,sha256_003883,user3883@example.com,555-355-2565,2012-12-26,A,SMALL_BIZ,302,2026-06-29 19:53:29.717929,2026-06-29 19:53:29.717929
3885,Brenda,Carney,1976-08-26,sha256_003884,user3884@example.com,555-600-4183,2017-03-16,I,STUDENT,440,2026-06-29 19:53:29.717929,2026-06-29 19:53:29.717929
3886,Melissa,Mooney,1974-05-13,sha256_003885,user3885@example.com,555-519-6303,2018-12-11,I,WEALTH,263,2026-06-29 19:53:29.717929,2026-06-29 19:53:29.717929
3887,Dana,Alexander,1956-05-15,sha256_003886,user3886@example.com,555-961-1383,2018-03-10,I,MASS,141,2026-06-29 19:53:29.717929,2026-06-29 19:53:29.717929
3888,Edward,Smith,2005-02-07,sha256_003887,user3887@example.com,555-669-4320,2021-01-31,A,PREMIER,136,2026-06-29 19:53:29.717929,2026-06-29 19:53:29.717929
3889,Joanne,Jackson,1966-01-12,sha256_003888,user3888@example.com,555-871-8723,2019-03-06,A,WEALTH,150,2026-06-29 19:53:29.717929,2026-06-29 19:53:29.717929
3890,Susan,Fox,1966-03-15,sha256_003889,user3889@example.com,555-639-2524,2014-08-11,A,DIGITAL,496,2026-06-29 19:53:29.717929,2026-06-29 19:53:29.717929
3891,Amy,Velasquez,1995-06-14,sha256_003890,user3890@example.com,555-616-5563,2014-01-25,A,WEALTH,146,2026-06-29 19:53:29.717929,2026-06-29 19:53:29.717929
3892,Bryan,Gonzalez,1990-11-15,sha256_003891,user3891@example.com,555-919-9736,2014-05-01,A,STUDENT,126,2026-06-29 19:53:29.717929,2026-06-29 19:53:29.717929
3893,Adrian,Torres,1951-02-01,sha256_003892,user3892@example.com,555-591-1282,2024-01-15,A,WEALTH,373,2026-06-29 19:53:29.717929,2026-06-29 19:53:29.717929
3894,Alan,Davis,1947-09-12,sha256_003893,user3893@example.com,555-603-7106,2017-02-12,A,STUDENT,366,2026-06-29 19:53:29.717929,2026-06-29 19:53:29.717929
3895,Ethan,Robbins,1957-11-21,sha256_003894,user3894@example.com,555-310-8409,2015-05-28,A,DIGITAL,296,2026-06-29 19:53:29.717929,2026-06-29 19:53:29.717929
3896,Frederick,Ruiz,1972-07-10,sha256_003895,user3895@example.com,555-225-7510,2011-11-08,I,DIGITAL,229,2026-06-29 19:53:29.717929,2026-06-29 19:53:29.717929
3897,Stephen,Buchanan,1976-03-29,sha256_003896,user3896@example.com,555-578-8811,2012-10-15,A,STUDENT,56,2026-06-29 19:53:29.717929,2026-06-29 19:53:29.717929
3898,Manuel,Francis,2001-10-12,sha256_003897,user3897@example.com,555-858-6089,2018-08-26,I,MASS,74,2026-06-29 19:53:29.717929,2026-06-29 19:53:29.717929
3899,Timothy,Gray,1965-10-28,sha256_003898,user3898@example.com,555-845-2370,2020-11-08,A,PREMIER,288,2026-06-29 19:53:29.717929,2026-06-29 19:53:29.717929
3900,Mark,Montgomery,1999-04-18,sha256_003899,user3899@example.com,555-373-4402,2025-07-18,I,WEALTH,304,2026-06-29 19:53:29.717929,2026-06-29 19:53:29.717929
3901,Elizabeth,Chavez,1975-09-21,sha256_003900,user3900@example.com,555-455-2374,2023-01-22,A,DIGITAL,207,2026-06-29 19:53:29.717929,2026-06-29 19:53:29.717929
3902,Jessica,Long,2001-10-07,sha256_003901,user3901@example.com,555-831-8758,2019-10-02,A,STUDENT,371,2026-06-29 19:53:29.717929,2026-06-29 19:53:29.717929
3903,Scott,Martinez,1978-04-19,sha256_003902,user3902@example.com,555-780-4808,2014-03-14,I,PREMIER,393,2026-06-29 19:53:29.717929,2026-06-29 19:53:29.717929
3904,Grace,Gonzalez,1972-11-24,sha256_003903,user3903@example.com,555-705-5129,2012-06-08,A,WEALTH,160,2026-06-29 19:53:29.717929,2026-06-29 19:53:29.717929
3905,Sara,Rios,1994-03-26,sha256_003904,user3904@example.com,555-958-6535,2022-05-10,I,DIGITAL,19,2026-06-29 19:53:29.717929,2026-06-29 19:53:29.717929
3906,Sara,Nguyen,2006-04-03,sha256_003905,user3905@example.com,555-529-7660,2025-10-06,A,PREMIER,138,2026-06-29 19:53:29.717929,2026-06-29 19:53:29.717929
3907,Ashley,Mendez,1953-01-19,sha256_003906,user3906@example.com,555-906-4427,2020-02-04,A,STUDENT,407,2026-06-29 19:53:29.717929,2026-06-29 19:53:29.717929
3908,Stephanie,Oconnor,1991-02-19,sha256_003907,user3907@example.com,555-700-9938,2024-08-22,A,WEALTH,161,2026-06-29 19:53:29.717929,2026-06-29 19:53:29.717929
3909,Brenda,Bowman,1995-01-19,sha256_003908,user3908@example.com,555-867-4862,2021-04-18,A,MASS,237,2026-06-29 19:53:29.717929,2026-06-29 19:53:29.717929
3910,Joel,Jackson,1957-04-27,sha256_003909,user3909@example.com,555-925-8913,2019-09-15,A,STUDENT,285,2026-06-29 19:53:29.717929,2026-06-29 19:53:29.717929
3911,John,Lane,1985-04-06,sha256_003910,user3910@example.com,555-957-2334,2021-12-20,A,PREMIER,218,2026-06-29 19:53:29.717929,2026-06-29 19:53:29.717929
3912,Angela,Parker,2001-06-03,sha256_003911,user3911@example.com,555-916-2269,2014-07-10,A,WEALTH,66,2026-06-29 19:53:29.717929,2026-06-29 19:53:29.717929
3913,Deanna,Mclaughlin,1969-06-27,sha256_003912,user3912@example.com,555-975-1223,2018-10-15,A,DIGITAL,267,2026-06-29 19:53:29.717929,2026-06-29 19:53:29.717929
3914,Lindsey,Roberts,2000-08-13,sha256_003913,user3913@example.com,555-966-2990,2014-10-03,C,DIGITAL,102,2026-06-29 19:53:29.717929,2026-06-29 19:53:29.717929
3915,Jose,King,2004-08-06,sha256_003914,user3914@example.com,555-648-2862,2020-01-04,C,PREMIER,454,2026-06-29 19:53:29.717929,2026-06-29 19:53:29.717929
3916,Cheryl,Hardy,1995-10-24,sha256_003915,user3915@example.com,555-634-9113,2023-01-19,A,DIGITAL,321,2026-06-29 19:53:29.717929,2026-06-29 19:53:29.717929
3917,Mallory,Valencia,1953-08-01,sha256_003916,user3916@example.com,555-737-8982,2018-02-26,A,DIGITAL,384,2026-06-29 19:53:29.717929,2026-06-29 19:53:29.717929
3918,Grant,Jones,1970-11-21,sha256_003917,user3917@example.com,555-760-7850,2014-04-11,A,WEALTH,5,2026-06-29 19:53:29.717929,2026-06-29 19:53:29.717929
3919,Rachel,Mcdonald,1945-03-16,sha256_003918,user3918@example.com,555-503-2926,2015-03-03,A,WEALTH,151,2026-06-29 19:53:29.717929,2026-06-29 19:53:29.717929
3920,Daniel,Henry,1976-10-19,sha256_003919,user3919@example.com,555-937-5441,2018-11-30,A,STUDENT,166,2026-06-29 19:53:29.717929,2026-06-29 19:53:29.717929
3921,Bethany,Grant,2001-06-24,sha256_003920,user3920@example.com,555-829-7088,2016-05-14,I,STUDENT,333,2026-06-29 19:53:29.717929,2026-06-29 19:53:29.717929
3922,Edward,Burnett,2002-10-17,sha256_003921,user3921@example.com,555-369-3318,2015-02-12,A,MASS,268,2026-06-29 19:53:29.717929,2026-06-29 19:53:29.717929
3923,Laura,Sanders,1991-12-04,sha256_003922,user3922@example.com,555-901-4349,2012-12-17,A,STUDENT,488,2026-06-29 19:53:29.717929,2026-06-29 19:53:29.717929
3924,Amy,Thompson,1994-06-17,sha256_003923,user3923@example.com,555-931-7082,2024-05-13,A,STUDENT,310,2026-06-29 19:53:29.717929,2026-06-29 19:53:29.717929
3925,Angela,Obrien,2000-09-03,sha256_003924,user3924@example.com,555-457-8735,2015-06-13,C,WEALTH,108,2026-06-29 19:53:29.717929,2026-06-29 19:53:29.717929
3926,April,Hunter,2004-06-14,sha256_003925,user3925@example.com,555-538-3217,2024-09-09,A,DIGITAL,269,2026-06-29 19:53:29.717929,2026-06-29 19:53:29.717929
3927,Jason,Singh,1979-08-11,sha256_003926,user3926@example.com,555-932-8763,2016-09-13,A,PREMIER,163,2026-06-29 19:53:29.717929,2026-06-29 19:53:29.717929
3928,Willie,Lopez,1988-09-20,sha256_003927,user3927@example.com,555-626-3936,2017-01-16,A,DIGITAL,241,2026-06-29 19:53:29.717929,2026-06-29 19:53:29.717929
3929,Bruce,Monroe,1984-03-13,sha256_003928,user3928@example.com,555-268-1091,2017-05-16,A,MASS,360,2026-06-29 19:53:29.717929,2026-06-29 19:53:29.717929
3930,Kayla,Harris,1991-10-13,sha256_003929,user3929@example.com,555-392-4264,2026-05-16,A,SMALL_BIZ,49,2026-06-29 19:53:29.717929,2026-06-29 19:53:29.717929
3931,Sandra,Brewer,1960-02-16,sha256_003930,user3930@example.com,555-750-8513,2015-12-31,I,MASS,49,2026-06-29 19:53:29.717929,2026-06-29 19:53:29.717929
3932,Audrey,Rodriguez,1996-01-27,sha256_003931,user3931@example.com,555-262-8679,2024-03-31,A,STUDENT,81,2026-06-29 19:53:29.717929,2026-06-29 19:53:29.717929
3933,Frank,Clark,1945-12-10,sha256_003932,user3932@example.com,555-268-6741,2023-12-13,A,SMALL_BIZ,287,2026-06-29 19:53:29.717929,2026-06-29 19:53:29.717929
3934,Mikayla,Johnson,1990-04-06,sha256_003933,user3933@example.com,555-431-6651,2024-11-23,A,SMALL_BIZ,8,2026-06-29 19:53:29.717929,2026-06-29 19:53:29.717929
3935,Kimberly,Blair,1951-06-28,sha256_003934,user3934@example.com,555-397-5498,2020-02-07,A,MASS,421,2026-06-29 19:53:29.717929,2026-06-29 19:53:29.717929
3936,Andrew,Turner,1980-10-23,sha256_003935,user3935@example.com,555-636-6009,2016-09-07,A,MASS,320,2026-06-29 19:53:29.717929,2026-06-29 19:53:29.717929
3937,Jessica,Lee,1973-07-07,sha256_003936,user3936@example.com,555-985-7607,2021-03-30,A,MASS,288,2026-06-29 19:53:29.717929,2026-06-29 19:53:29.717929
3938,Adam,Perry,1982-07-02,sha256_003937,user3937@example.com,555-754-4319,2014-06-02,A,PREMIER,304,2026-06-29 19:53:29.717929,2026-06-29 19:53:29.717929
3939,Brittney,Davis,1972-12-26,sha256_003938,user3938@example.com,555-356-2687,2014-08-18,A,SMALL_BIZ,111,2026-06-29 19:53:29.717929,2026-06-29 19:53:29.717929
3940,Brandon,Hernandez,2006-04-22,sha256_003939,user3939@example.com,555-486-3921,2013-08-28,A,MASS,289,2026-06-29 19:53:29.717929,2026-06-29 19:53:29.717929
3941,David,Mcdaniel,1951-08-30,sha256_003940,user3940@example.com,555-304-3075,2014-08-01,A,STUDENT,301,2026-06-29 19:53:29.717929,2026-06-29 19:53:29.717929
3942,Steven,Keller,1988-06-01,sha256_003941,user3941@example.com,555-860-7274,2018-05-11,I,MASS,295,2026-06-29 19:53:29.717929,2026-06-29 19:53:29.717929
3943,Julie,Davis,1945-01-28,sha256_003942,user3942@example.com,555-990-5542,2020-07-12,A,SMALL_BIZ,447,2026-06-29 19:53:29.717929,2026-06-29 19:53:29.717929
3944,David,White,1949-01-16,sha256_003943,user3943@example.com,555-830-8756,2017-07-01,A,DIGITAL,87,2026-06-29 19:53:29.717929,2026-06-29 19:53:29.717929
3945,Sean,Sharp,1949-08-05,sha256_003944,user3944@example.com,555-202-4798,2022-04-04,A,DIGITAL,47,2026-06-29 19:53:29.717929,2026-06-29 19:53:29.717929
3946,Kathleen,Randolph,1985-10-28,sha256_003945,user3945@example.com,555-829-3400,2025-04-19,A,DIGITAL,85,2026-06-29 19:53:29.717929,2026-06-29 19:53:29.717929
3947,Jessica,Johnson,1954-10-03,sha256_003946,user3946@example.com,555-686-1004,2020-10-13,A,MASS,40,2026-06-29 19:53:29.717929,2026-06-29 19:53:29.717929
3948,Matthew,Herrera,1979-10-22,sha256_003947,user3947@example.com,555-253-3244,2017-12-04,A,STUDENT,414,2026-06-29 19:53:29.717929,2026-06-29 19:53:29.717929
3949,Natalie,Shepherd,1985-09-25,sha256_003948,user3948@example.com,555-650-7969,2018-04-14,A,SMALL_BIZ,242,2026-06-29 19:53:29.717929,2026-06-29 19:53:29.717929
3950,Kathy,Campbell,1993-07-11,sha256_003949,user3949@example.com,555-534-5957,2013-01-13,A,STUDENT,390,2026-06-29 19:53:29.717929,2026-06-29 19:53:29.717929
3951,Kristine,Vega,1948-03-22,sha256_003950,user3950@example.com,555-320-4944,2015-09-25,A,STUDENT,202,2026-06-29 19:53:29.717929,2026-06-29 19:53:29.717929
3952,Matthew,Smith,1983-05-22,sha256_003951,user3951@example.com,555-586-7316,2013-08-03,I,SMALL_BIZ,243,2026-06-29 19:53:29.717929,2026-06-29 19:53:29.717929
3953,Edward,Mitchell,1986-01-15,sha256_003952,user3952@example.com,555-563-6107,2026-02-20,C,STUDENT,163,2026-06-29 19:53:29.717929,2026-06-29 19:53:29.717929
3954,Brittany,Haynes,1950-02-14,sha256_003953,user3953@example.com,555-743-2281,2024-01-09,A,STUDENT,432,2026-06-29 19:53:29.717929,2026-06-29 19:53:29.717929
3955,Jennifer,Franco,1966-01-23,sha256_003954,user3954@example.com,555-419-3721,2025-12-04,A,SMALL_BIZ,427,2026-06-29 19:53:29.717929,2026-06-29 19:53:29.717929
3956,Diana,Trujillo,1945-11-30,sha256_003955,user3955@example.com,555-484-3341,2022-07-24,I,WEALTH,287,2026-06-29 19:53:29.717929,2026-06-29 19:53:29.717929
3957,Caitlyn,Anderson,1955-11-14,sha256_003956,user3956@example.com,555-652-9029,2021-06-10,I,SMALL_BIZ,404,2026-06-29 19:53:29.717929,2026-06-29 19:53:29.717929
3958,Andre,Davis,1988-01-10,sha256_003957,user3957@example.com,555-456-2970,2018-11-24,A,STUDENT,461,2026-06-29 19:53:29.717929,2026-06-29 19:53:29.717929
3959,Joshua,Coleman,2006-05-28,sha256_003958,user3958@example.com,555-645-6704,2013-04-05,A,DIGITAL,13,2026-06-29 19:53:29.717929,2026-06-29 19:53:29.717929
3960,Michael,Parker,1965-07-18,sha256_003959,user3959@example.com,555-574-8636,2016-05-12,A,SMALL_BIZ,178,2026-06-29 19:53:29.717929,2026-06-29 19:53:29.717929
3961,Anthony,David,2003-05-26,sha256_003960,user3960@example.com,555-945-7948,2014-08-27,A,DIGITAL,316,2026-06-29 19:53:29.717929,2026-06-29 19:53:29.717929
3962,Anthony,Branch,2000-12-28,sha256_003961,user3961@example.com,555-773-4129,2023-02-08,A,WEALTH,192,2026-06-29 19:53:29.717929,2026-06-29 19:53:29.717929
3963,Michael,Martin,2003-10-24,sha256_003962,user3962@example.com,555-383-1174,2017-10-16,A,DIGITAL,227,2026-06-29 19:53:29.717929,2026-06-29 19:53:29.717929
3964,Bruce,George,1956-12-15,sha256_003963,user3963@example.com,555-569-9618,2018-11-15,A,DIGITAL,3,2026-06-29 19:53:29.717929,2026-06-29 19:53:29.717929
3965,Tamara,Reynolds,1945-08-12,sha256_003964,user3964@example.com,555-800-6085,2022-03-19,A,MASS,49,2026-06-29 19:53:29.717929,2026-06-29 19:53:29.717929
3966,Jeremy,Martinez,1999-03-30,sha256_003965,user3965@example.com,555-577-5157,2011-10-28,A,STUDENT,472,2026-06-29 19:53:29.717929,2026-06-29 19:53:29.717929
3967,Rachel,Peterson,1960-05-06,sha256_003966,user3966@example.com,555-213-5473,2021-03-10,A,PREMIER,332,2026-06-29 19:53:29.717929,2026-06-29 19:53:29.717929
3968,Maria,Cohen,1958-12-25,sha256_003967,user3967@example.com,555-481-8843,2024-05-19,A,WEALTH,23,2026-06-29 19:53:29.717929,2026-06-29 19:53:29.717929
3969,Jennifer,Mitchell,1984-07-04,sha256_003968,user3968@example.com,555-912-5145,2014-10-19,A,MASS,321,2026-06-29 19:53:29.717929,2026-06-29 19:53:29.717929
3970,Christina,Velez,1958-03-22,sha256_003969,user3969@example.com,555-258-1498,2013-05-08,A,SMALL_BIZ,475,2026-06-29 19:53:29.717929,2026-06-29 19:53:29.717929
3971,Robin,Bowman,1968-08-29,sha256_003970,user3970@example.com,555-682-8446,2018-11-23,C,WEALTH,89,2026-06-29 19:53:29.717929,2026-06-29 19:53:29.717929
3972,Kyle,Brown,1966-03-09,sha256_003971,user3971@example.com,555-684-9938,2024-10-24,A,PREMIER,20,2026-06-29 19:53:29.717929,2026-06-29 19:53:29.717929
3973,Whitney,Watson,1971-02-28,sha256_003972,user3972@example.com,555-578-1472,2021-08-04,A,STUDENT,458,2026-06-29 19:53:29.717929,2026-06-29 19:53:29.717929
3974,John,Mendoza,1969-12-23,sha256_003973,user3973@example.com,555-930-3509,2014-01-23,A,SMALL_BIZ,377,2026-06-29 19:53:29.717929,2026-06-29 19:53:29.717929
3975,John,Hamilton,1948-08-15,sha256_003974,user3974@example.com,555-381-3156,2023-12-22,A,PREMIER,215,2026-06-29 19:53:29.717929,2026-06-29 19:53:29.717929
3976,Kayla,Robles,1948-11-24,sha256_003975,user3975@example.com,555-322-1918,2019-10-08,I,WEALTH,327,2026-06-29 19:53:29.717929,2026-06-29 19:53:29.717929
3977,Anthony,Pruitt,1975-12-10,sha256_003976,user3976@example.com,555-927-2021,2012-01-26,A,MASS,50,2026-06-29 19:53:29.717929,2026-06-29 19:53:29.717929
3978,Craig,Ross,1994-08-03,sha256_003977,user3977@example.com,555-757-5546,2019-10-02,A,DIGITAL,336,2026-06-29 19:53:29.717929,2026-06-29 19:53:29.717929
3979,Evan,Black,1992-08-22,sha256_003978,user3978@example.com,555-828-1273,2012-10-31,A,MASS,429,2026-06-29 19:53:29.717929,2026-06-29 19:53:29.717929
3980,Lisa,Santiago,1977-12-18,sha256_003979,user3979@example.com,555-888-6185,2019-03-15,A,SMALL_BIZ,87,2026-06-29 19:53:29.717929,2026-06-29 19:53:29.717929
3981,Anthony,Cortez,1971-06-29,sha256_003980,user3980@example.com,555-800-7000,2013-09-13,I,STUDENT,8,2026-06-29 19:53:29.717929,2026-06-29 19:53:29.717929
3982,Steven,Gonzalez,2006-10-05,sha256_003981,user3981@example.com,555-880-7605,2021-12-30,A,WEALTH,429,2026-06-29 19:53:29.717929,2026-06-29 19:53:29.717929
3983,John,Murray,1944-05-02,sha256_003982,user3982@example.com,555-883-2007,2018-04-01,A,PREMIER,99,2026-06-29 19:53:29.717929,2026-06-29 19:53:29.717929
3984,Brandon,Berg,1956-11-05,sha256_003983,user3983@example.com,555-979-9216,2012-09-05,A,DIGITAL,374,2026-06-29 19:53:29.717929,2026-06-29 19:53:29.717929
3985,Joshua,Evans,1965-09-07,sha256_003984,user3984@example.com,555-473-2375,2019-05-29,A,DIGITAL,228,2026-06-29 19:53:29.717929,2026-06-29 19:53:29.717929
3986,Jane,Johnson,1995-02-27,sha256_003985,user3985@example.com,555-245-5514,2014-02-06,I,STUDENT,102,2026-06-29 19:53:29.717929,2026-06-29 19:53:29.717929
3987,Amanda,Rice,1979-05-10,sha256_003986,user3986@example.com,555-905-9281,2014-03-15,A,WEALTH,89,2026-06-29 19:53:29.717929,2026-06-29 19:53:29.717929
3988,Ruben,King,1965-04-19,sha256_003987,user3987@example.com,555-850-1052,2017-11-04,A,MASS,141,2026-06-29 19:53:29.717929,2026-06-29 19:53:29.717929
3989,Adam,Gonzalez,1943-06-25,sha256_003988,user3988@example.com,555-774-6745,2013-04-15,A,PREMIER,175,2026-06-29 19:53:29.717929,2026-06-29 19:53:29.717929
3990,James,Powell,1986-06-14,sha256_003989,user3989@example.com,555-677-2410,2024-07-02,I,STUDENT,477,2026-06-29 19:53:29.717929,2026-06-29 19:53:29.717929
3991,Scott,King,1996-08-08,sha256_003990,user3990@example.com,555-674-2444,2025-03-17,A,PREMIER,471,2026-06-29 19:53:29.717929,2026-06-29 19:53:29.717929
3992,Madeline,Miller,1970-10-20,sha256_003991,user3991@example.com,555-292-3990,2017-05-12,A,SMALL_BIZ,45,2026-06-29 19:53:29.717929,2026-06-29 19:53:29.717929
3993,Mariah,Lyons,1980-09-11,sha256_003992,user3992@example.com,555-390-6201,2019-04-26,A,STUDENT,321,2026-06-29 19:53:29.717929,2026-06-29 19:53:29.717929
3994,Tina,Powell,1973-04-25,sha256_003993,user3993@example.com,555-220-3774,2011-12-20,A,PREMIER,112,2026-06-29 19:53:29.717929,2026-06-29 19:53:29.717929
3995,Mark,Lawrence,1970-01-01,sha256_003994,user3994@example.com,555-853-7136,2016-02-15,A,WEALTH,42,2026-06-29 19:53:29.717929,2026-06-29 19:53:29.717929
3996,Brent,Chapman,1992-01-30,sha256_003995,user3995@example.com,555-941-5042,2023-05-09,A,MASS,429,2026-06-29 19:53:29.717929,2026-06-29 19:53:29.717929
3997,Johnny,Smith,1986-02-23,sha256_003996,user3996@example.com,555-897-4130,2013-05-06,A,SMALL_BIZ,387,2026-06-29 19:53:29.717929,2026-06-29 19:53:29.717929
3998,Amy,David,1985-05-20,sha256_003997,user3997@example.com,555-955-3174,2020-03-23,A,MASS,28,2026-06-29 19:53:29.717929,2026-06-29 19:53:29.717929
3999,Katherine,Hodge,1946-01-16,sha256_003998,user3998@example.com,555-588-5703,2022-02-26,A,DIGITAL,143,2026-06-29 19:53:29.717929,2026-06-29 19:53:29.717929
4000,Aaron,Wright,1983-10-10,sha256_003999,user3999@example.com,555-343-6169,2015-07-06,A,WEALTH,116,2026-06-29 19:53:29.717929,2026-06-29 19:53:29.717929
4001,Kristen,Williams,2008-04-27,sha256_004000,user4000@example.com,555-392-5469,2012-06-21,A,DIGITAL,91,2026-06-29 19:53:29.717929,2026-06-29 19:53:29.717929
4002,Lindsey,Evans,1982-05-25,sha256_004001,user4001@example.com,555-502-5249,2018-12-23,A,SMALL_BIZ,226,2026-06-29 19:53:29.717929,2026-06-29 19:53:29.717929
4003,Sarah,Foster,1997-02-09,sha256_004002,user4002@example.com,555-470-2514,2023-10-01,A,WEALTH,182,2026-06-29 19:53:29.717929,2026-06-29 19:53:29.717929
4004,Danielle,Wong,1982-02-06,sha256_004003,user4003@example.com,555-792-6957,2026-04-03,A,MASS,396,2026-06-29 19:53:29.717929,2026-06-29 19:53:29.717929
4005,Gina,Cervantes,1954-10-20,sha256_004004,user4004@example.com,555-857-9569,2020-04-18,A,WEALTH,425,2026-06-29 19:53:29.717929,2026-06-29 19:53:29.717929
4006,Kelly,Jenkins,1967-02-06,sha256_004005,user4005@example.com,555-846-3793,2019-10-17,A,PREMIER,487,2026-06-29 19:53:29.717929,2026-06-29 19:53:29.717929
4007,Javier,Mitchell,1967-02-01,sha256_004006,user4006@example.com,555-799-7318,2012-12-22,A,DIGITAL,276,2026-06-29 19:53:29.717929,2026-06-29 19:53:29.717929
4008,Joseph,Hall,1944-10-12,sha256_004007,user4007@example.com,555-782-4451,2018-08-25,A,SMALL_BIZ,223,2026-06-29 19:53:29.717929,2026-06-29 19:53:29.717929
4009,Isaac,Mclaughlin,1953-02-28,sha256_004008,user4008@example.com,555-555-5729,2016-04-19,A,DIGITAL,176,2026-06-29 19:53:29.717929,2026-06-29 19:53:29.717929
4010,Brooke,Aguilar,2006-04-13,sha256_004009,user4009@example.com,555-916-9253,2021-06-25,A,STUDENT,425,2026-06-29 19:53:29.717929,2026-06-29 19:53:29.717929
4011,Sean,Smith,2002-08-04,sha256_004010,user4010@example.com,555-960-5406,2026-05-06,A,PREMIER,263,2026-06-29 19:53:29.717929,2026-06-29 19:53:29.717929
4012,Frederick,Jordan,1989-02-27,sha256_004011,user4011@example.com,555-991-4452,2025-01-30,A,MASS,112,2026-06-29 19:53:29.717929,2026-06-29 19:53:29.717929
4013,Anthony,Mcdonald,2007-09-09,sha256_004012,user4012@example.com,555-678-5273,2021-05-05,A,PREMIER,473,2026-06-29 19:53:29.717929,2026-06-29 19:53:29.717929
4014,Amber,Jackson,1976-01-13,sha256_004013,user4013@example.com,555-318-9471,2023-09-21,A,SMALL_BIZ,324,2026-06-29 19:53:29.717929,2026-06-29 19:53:29.717929
4015,Eric,Ortega,1947-06-16,sha256_004014,user4014@example.com,555-390-8785,2012-04-23,A,DIGITAL,240,2026-06-29 19:53:29.717929,2026-06-29 19:53:29.717929
4016,Courtney,Davis,1943-05-01,sha256_004015,user4015@example.com,555-800-6291,2023-06-22,A,MASS,289,2026-06-29 19:53:29.717929,2026-06-29 19:53:29.717929
4017,Sherry,Lloyd,2003-11-10,sha256_004016,user4016@example.com,555-586-1554,2025-06-18,I,MASS,360,2026-06-29 19:53:29.717929,2026-06-29 19:53:29.717929
4018,Karen,Duncan,1957-04-01,sha256_004017,user4017@example.com,555-307-6879,2021-09-13,I,PREMIER,82,2026-06-29 19:53:29.717929,2026-06-29 19:53:29.717929
4019,Kimberly,West,1981-05-21,sha256_004018,user4018@example.com,555-631-8790,2024-09-10,A,MASS,173,2026-06-29 19:53:29.717929,2026-06-29 19:53:29.717929
4020,Theresa,Estes,1951-04-25,sha256_004019,user4019@example.com,555-863-2641,2013-02-28,A,DIGITAL,468,2026-06-29 19:53:29.717929,2026-06-29 19:53:29.717929
4021,Connie,Oconnell,1990-06-19,sha256_004020,user4020@example.com,555-566-6018,2019-07-05,A,DIGITAL,240,2026-06-29 19:53:29.717929,2026-06-29 19:53:29.717929
4022,Lisa,York,2003-08-27,sha256_004021,user4021@example.com,555-759-4050,2019-01-27,A,PREMIER,225,2026-06-29 19:53:29.717929,2026-06-29 19:53:29.717929
4023,Patricia,Torres,2006-07-07,sha256_004022,user4022@example.com,555-831-8478,2025-05-03,A,STUDENT,295,2026-06-29 19:53:29.717929,2026-06-29 19:53:29.717929
4024,Shannon,Beard,1950-10-02,sha256_004023,user4023@example.com,555-911-8126,2022-10-18,I,SMALL_BIZ,205,2026-06-29 19:53:29.717929,2026-06-29 19:53:29.717929
4025,Sara,Duncan,1965-05-06,sha256_004024,user4024@example.com,555-684-4990,2019-02-23,A,MASS,371,2026-06-29 19:53:29.717929,2026-06-29 19:53:29.717929
4026,Samuel,Smith,1970-12-29,sha256_004025,user4025@example.com,555-582-6535,2019-01-19,I,WEALTH,348,2026-06-29 19:53:29.717929,2026-06-29 19:53:29.717929
4027,Jordan,Williams,1953-01-20,sha256_004026,user4026@example.com,555-610-5918,2023-08-08,A,PREMIER,498,2026-06-29 19:53:29.717929,2026-06-29 19:53:29.717929
4028,Clayton,Kirby,1973-04-08,sha256_004027,user4027@example.com,555-439-9306,2018-07-20,A,PREMIER,216,2026-06-29 19:53:29.717929,2026-06-29 19:53:29.717929
4029,Christopher,Larson,1997-11-29,sha256_004028,user4028@example.com,555-636-5413,2017-02-28,A,STUDENT,206,2026-06-29 19:53:29.717929,2026-06-29 19:53:29.717929
4030,Christopher,Moore,1947-08-16,sha256_004029,user4029@example.com,555-807-1467,2021-02-26,A,DIGITAL,263,2026-06-29 19:53:29.717929,2026-06-29 19:53:29.717929
4031,Brittany,Moody,2001-03-09,sha256_004030,user4030@example.com,555-370-5924,2021-07-20,A,STUDENT,495,2026-06-29 19:53:29.717929,2026-06-29 19:53:29.717929
4032,Rebecca,Hernandez,1981-09-07,sha256_004031,user4031@example.com,555-914-9586,2017-10-22,A,DIGITAL,488,2026-06-29 19:53:29.717929,2026-06-29 19:53:29.717929
4033,Sherry,Santiago,1990-02-22,sha256_004032,user4032@example.com,555-781-3286,2017-05-04,A,DIGITAL,340,2026-06-29 19:53:29.717929,2026-06-29 19:53:29.717929
4034,Brendan,Williams,1998-04-20,sha256_004033,user4033@example.com,555-541-1881,2021-05-28,C,PREMIER,159,2026-06-29 19:53:29.717929,2026-06-29 19:53:29.717929
4035,Jonathan,Tyler,1965-04-02,sha256_004034,user4034@example.com,555-984-3317,2022-02-18,A,MASS,235,2026-06-29 19:53:29.717929,2026-06-29 19:53:29.717929
4036,Michael,Williams,1994-06-05,sha256_004035,user4035@example.com,555-605-3708,2017-10-22,C,WEALTH,1,2026-06-29 19:53:29.717929,2026-06-29 19:53:29.717929
4037,Gregory,Mitchell,2001-10-05,sha256_004036,user4036@example.com,555-874-3416,2021-01-27,C,DIGITAL,453,2026-06-29 19:53:29.717929,2026-06-29 19:53:29.717929
4038,Angela,Cook,2001-05-16,sha256_004037,user4037@example.com,555-376-5936,2021-10-18,A,MASS,42,2026-06-29 19:53:29.717929,2026-06-29 19:53:29.717929
4039,Sarah,Carpenter,1966-10-11,sha256_004038,user4038@example.com,555-389-4869,2013-02-01,A,DIGITAL,224,2026-06-29 19:53:29.717929,2026-06-29 19:53:29.717929
4040,Danielle,White,1999-01-16,sha256_004039,user4039@example.com,555-292-5009,2021-04-25,A,DIGITAL,351,2026-06-29 19:53:29.717929,2026-06-29 19:53:29.717929
4041,Sara,Miles,1984-05-15,sha256_004040,user4040@example.com,555-768-7131,2024-09-09,I,PREMIER,245,2026-06-29 19:53:29.717929,2026-06-29 19:53:29.717929
4042,Patrick,Wright,1960-06-15,sha256_004041,user4041@example.com,555-363-6647,2020-08-02,A,PREMIER,242,2026-06-29 19:53:29.717929,2026-06-29 19:53:29.717929
4043,Anthony,Chavez,1959-03-27,sha256_004042,user4042@example.com,555-763-7456,2020-08-13,A,SMALL_BIZ,109,2026-06-29 19:53:29.717929,2026-06-29 19:53:29.717929
4044,Alexander,Hoffman,1962-06-03,sha256_004043,user4043@example.com,555-683-7165,2012-06-15,A,WEALTH,362,2026-06-29 19:53:29.717929,2026-06-29 19:53:29.717929
4045,Tina,Kelly,1948-05-04,sha256_004044,user4044@example.com,555-448-2569,2013-08-12,A,WEALTH,66,2026-06-29 19:53:29.717929,2026-06-29 19:53:29.717929
4046,Richard,Daniels,1992-05-31,sha256_004045,user4045@example.com,555-525-3187,2023-10-22,A,WEALTH,396,2026-06-29 19:53:29.717929,2026-06-29 19:53:29.717929
4047,Audrey,Clarke,1949-11-14,sha256_004046,user4046@example.com,555-534-5639,2018-12-27,A,SMALL_BIZ,374,2026-06-29 19:53:29.717929,2026-06-29 19:53:29.717929
4048,Amanda,Shaw,1956-05-13,sha256_004047,user4047@example.com,555-634-7452,2019-06-20,A,STUDENT,37,2026-06-29 19:53:29.717929,2026-06-29 19:53:29.717929
4049,Derrick,Green,1982-08-20,sha256_004048,user4048@example.com,555-555-9000,2024-08-15,I,SMALL_BIZ,380,2026-06-29 19:53:29.717929,2026-06-29 19:53:29.717929
4050,Karen,Wallace,1973-08-14,sha256_004049,user4049@example.com,555-800-1440,2026-04-08,A,DIGITAL,454,2026-06-29 19:53:29.717929,2026-06-29 19:53:29.717929
4051,Cindy,Brown,1980-01-25,sha256_004050,user4050@example.com,555-823-3918,2017-10-30,I,DIGITAL,189,2026-06-29 19:53:29.717929,2026-06-29 19:53:29.717929
4052,Maria,Willis,1961-08-01,sha256_004051,user4051@example.com,555-570-6568,2014-09-09,A,STUDENT,422,2026-06-29 19:53:29.717929,2026-06-29 19:53:29.717929
4053,Michael,Campos,1992-03-09,sha256_004052,user4052@example.com,555-201-7523,2022-04-21,I,PREMIER,331,2026-06-29 19:53:29.717929,2026-06-29 19:53:29.717929
4054,Yolanda,Marks,1981-09-02,sha256_004053,user4053@example.com,555-435-3262,2023-08-25,A,WEALTH,97,2026-06-29 19:53:29.717929,2026-06-29 19:53:29.717929
4055,Jason,Cortez,1989-05-18,sha256_004054,user4054@example.com,555-245-4460,2013-02-06,A,MASS,223,2026-06-29 19:53:29.717929,2026-06-29 19:53:29.717929
4056,Tina,Williams,2001-06-01,sha256_004055,user4055@example.com,555-295-6563,2016-08-03,A,WEALTH,335,2026-06-29 19:53:29.717929,2026-06-29 19:53:29.717929
4057,Cody,Cook,1958-07-18,sha256_004056,user4056@example.com,555-384-7974,2019-10-16,A,DIGITAL,146,2026-06-29 19:53:29.717929,2026-06-29 19:53:29.717929
4058,Gabriel,Knox,1997-02-07,sha256_004057,user4057@example.com,555-518-7337,2011-10-26,A,SMALL_BIZ,421,2026-06-29 19:53:29.717929,2026-06-29 19:53:29.717929
4059,Duane,Martinez,1960-02-23,sha256_004058,user4058@example.com,555-692-1570,2015-12-31,I,MASS,491,2026-06-29 19:53:29.717929,2026-06-29 19:53:29.717929
4060,Anthony,Lee,1948-01-06,sha256_004059,user4059@example.com,555-631-3941,2016-03-26,C,DIGITAL,204,2026-06-29 19:53:29.717929,2026-06-29 19:53:29.717929
4061,Ashley,Morales,1960-11-11,sha256_004060,user4060@example.com,555-898-9476,2011-11-29,A,PREMIER,239,2026-06-29 19:53:29.717929,2026-06-29 19:53:29.717929
4062,Todd,Buck,1945-09-22,sha256_004061,user4061@example.com,555-284-6673,2022-10-06,A,SMALL_BIZ,376,2026-06-29 19:53:29.717929,2026-06-29 19:53:29.717929
4063,David,Green,1991-07-29,sha256_004062,user4062@example.com,555-303-7626,2023-01-05,A,PREMIER,83,2026-06-29 19:53:29.717929,2026-06-29 19:53:29.717929
4064,Crystal,Payne,1977-07-21,sha256_004063,user4063@example.com,555-526-3109,2022-09-22,A,STUDENT,260,2026-06-29 19:53:29.717929,2026-06-29 19:53:29.717929
4065,Michelle,Murray,2005-07-27,sha256_004064,user4064@example.com,555-593-8449,2022-05-16,I,PREMIER,249,2026-06-29 19:53:29.717929,2026-06-29 19:53:29.717929
4066,Christopher,Nelson,1978-06-02,sha256_004065,user4065@example.com,555-869-7581,2012-12-07,A,WEALTH,395,2026-06-29 19:53:29.717929,2026-06-29 19:53:29.717929
4067,Kristin,Franco,1976-02-16,sha256_004066,user4066@example.com,555-255-5963,2026-05-04,A,WEALTH,133,2026-06-29 19:53:29.717929,2026-06-29 19:53:29.717929
4068,Courtney,Valentine,1983-03-15,sha256_004067,user4067@example.com,555-959-2899,2025-03-15,C,STUDENT,414,2026-06-29 19:53:29.717929,2026-06-29 19:53:29.717929
4069,Amanda,Ballard,1978-01-25,sha256_004068,user4068@example.com,555-661-9225,2020-09-08,A,MASS,400,2026-06-29 19:53:29.717929,2026-06-29 19:53:29.717929
4070,Randy,Montgomery,1958-03-04,sha256_004069,user4069@example.com,555-684-6489,2026-01-15,I,STUDENT,498,2026-06-29 19:53:29.717929,2026-06-29 19:53:29.717929
4071,Patrick,Edwards,1970-12-29,sha256_004070,user4070@example.com,555-573-2829,2025-05-15,A,DIGITAL,218,2026-06-29 19:53:29.717929,2026-06-29 19:53:29.717929
4072,Matthew,Green,2001-04-15,sha256_004071,user4071@example.com,555-744-7282,2012-11-02,A,SMALL_BIZ,41,2026-06-29 19:53:29.717929,2026-06-29 19:53:29.717929
4073,Daniel,Austin,1962-07-02,sha256_004072,user4072@example.com,555-353-1113,2021-05-02,A,MASS,486,2026-06-29 19:53:29.717929,2026-06-29 19:53:29.717929
4074,Brian,Mcdaniel,1989-11-21,sha256_004073,user4073@example.com,555-924-5224,2021-08-17,A,DIGITAL,264,2026-06-29 19:53:29.717929,2026-06-29 19:53:29.717929
4075,Heidi,James,1973-07-02,sha256_004074,user4074@example.com,555-829-8454,2016-11-17,A,WEALTH,25,2026-06-29 19:53:29.717929,2026-06-29 19:53:29.717929
4076,Chad,Miller,1988-01-15,sha256_004075,user4075@example.com,555-675-5615,2016-09-24,A,PREMIER,63,2026-06-29 19:53:29.717929,2026-06-29 19:53:29.717929
4077,Marissa,Medina,1987-03-27,sha256_004076,user4076@example.com,555-701-8540,2012-05-31,A,MASS,26,2026-06-29 19:53:29.717929,2026-06-29 19:53:29.717929
4078,Jamie,Edwards,1993-03-02,sha256_004077,user4077@example.com,555-813-7050,2023-07-16,A,MASS,218,2026-06-29 19:53:29.717929,2026-06-29 19:53:29.717929
4079,David,Robertson,1969-01-05,sha256_004078,user4078@example.com,555-545-5852,2022-01-27,A,PREMIER,278,2026-06-29 19:53:29.717929,2026-06-29 19:53:29.717929
4080,Brian,Washington,1958-11-27,sha256_004079,user4079@example.com,555-473-3928,2017-01-17,A,MASS,183,2026-06-29 19:53:29.717929,2026-06-29 19:53:29.717929
4081,Denise,Turner,1944-10-13,sha256_004080,user4080@example.com,555-627-1287,2020-05-09,A,WEALTH,167,2026-06-29 19:53:29.717929,2026-06-29 19:53:29.717929
4082,Betty,White,1950-08-06,sha256_004081,user4081@example.com,555-504-1583,2019-05-27,A,STUDENT,58,2026-06-29 19:53:29.717929,2026-06-29 19:53:29.717929
4083,Nicholas,Grimes,1961-02-21,sha256_004082,user4082@example.com,555-565-1599,2017-02-07,A,STUDENT,379,2026-06-29 19:53:29.717929,2026-06-29 19:53:29.717929
4084,Angela,Graham,1994-02-13,sha256_004083,user4083@example.com,555-605-5073,2022-07-16,A,DIGITAL,44,2026-06-29 19:53:29.717929,2026-06-29 19:53:29.717929
4085,Kristina,Baker,1974-10-28,sha256_004084,user4084@example.com,555-747-2549,2012-03-27,A,DIGITAL,373,2026-06-29 19:53:29.717929,2026-06-29 19:53:29.717929
4086,Lance,Henderson,1942-06-15,sha256_004085,user4085@example.com,555-348-9084,2023-04-14,A,WEALTH,458,2026-06-29 19:53:29.717929,2026-06-29 19:53:29.717929
4087,Matthew,Stafford,1965-11-22,sha256_004086,user4086@example.com,555-481-6658,2022-10-09,A,WEALTH,353,2026-06-29 19:53:29.717929,2026-06-29 19:53:29.717929
4088,Kyle,Flores,1979-10-06,sha256_004087,user4087@example.com,555-832-4999,2023-03-01,A,SMALL_BIZ,421,2026-06-29 19:53:29.717929,2026-06-29 19:53:29.717929
4089,Linda,Johnson,1956-04-12,sha256_004088,user4088@example.com,555-736-8510,2023-02-23,I,PREMIER,40,2026-06-29 19:53:29.717929,2026-06-29 19:53:29.717929
4090,Mike,Lindsey,1950-04-05,sha256_004089,user4089@example.com,555-534-7107,2024-04-10,A,PREMIER,76,2026-06-29 19:53:29.717929,2026-06-29 19:53:29.717929
4091,Melissa,Lopez,2000-03-04,sha256_004090,user4090@example.com,555-823-2656,2023-03-06,A,WEALTH,263,2026-06-29 19:53:29.717929,2026-06-29 19:53:29.717929
4092,Brian,Sanders,1969-07-18,sha256_004091,user4091@example.com,555-942-2290,2021-12-10,A,MASS,475,2026-06-29 19:53:29.717929,2026-06-29 19:53:29.717929
4093,Jeremy,Brown,1963-11-14,sha256_004092,user4092@example.com,555-852-5947,2020-07-25,A,WEALTH,206,2026-06-29 19:53:29.717929,2026-06-29 19:53:29.717929
4094,Ethan,Lopez,1988-01-16,sha256_004093,user4093@example.com,555-222-4013,2021-07-25,I,SMALL_BIZ,132,2026-06-29 19:53:29.717929,2026-06-29 19:53:29.717929
4095,Sylvia,Yates,1953-03-18,sha256_004094,user4094@example.com,555-938-2298,2015-11-17,A,WEALTH,495,2026-06-29 19:53:29.717929,2026-06-29 19:53:29.717929
4096,Heather,Wells,1970-03-07,sha256_004095,user4095@example.com,555-319-4139,2024-08-21,A,STUDENT,134,2026-06-29 19:53:29.717929,2026-06-29 19:53:29.717929
4097,Christina,Price,1968-05-16,sha256_004096,user4096@example.com,555-510-9422,2022-11-19,A,STUDENT,438,2026-06-29 19:53:29.717929,2026-06-29 19:53:29.717929
4098,Jenna,Garcia,1948-06-08,sha256_004097,user4097@example.com,555-449-1800,2014-02-16,A,MASS,294,2026-06-29 19:53:29.717929,2026-06-29 19:53:29.717929
4099,Wesley,Frye,1966-06-13,sha256_004098,user4098@example.com,555-684-4525,2025-12-30,A,WEALTH,141,2026-06-29 19:53:29.717929,2026-06-29 19:53:29.717929
4100,Paul,Brown,1977-03-25,sha256_004099,user4099@example.com,555-964-4042,2019-03-16,A,MASS,257,2026-06-29 19:53:29.717929,2026-06-29 19:53:29.717929
4101,Alexis,Wells,1992-06-11,sha256_004100,user4100@example.com,555-887-1749,2026-02-06,A,STUDENT,205,2026-06-29 19:53:29.717929,2026-06-29 19:53:29.717929
4102,Jennifer,Frey,1976-01-30,sha256_004101,user4101@example.com,555-385-5668,2017-05-26,A,MASS,3,2026-06-29 19:53:29.717929,2026-06-29 19:53:29.717929
4103,Gerald,Larson,1950-01-21,sha256_004102,user4102@example.com,555-616-4393,2024-07-15,A,PREMIER,401,2026-06-29 19:53:29.717929,2026-06-29 19:53:29.717929
4104,Kristen,Smith,2004-08-03,sha256_004103,user4103@example.com,555-624-3126,2018-02-11,A,MASS,137,2026-06-29 19:53:29.717929,2026-06-29 19:53:29.717929
4105,Virginia,Ortiz,1995-03-21,sha256_004104,user4104@example.com,555-673-6212,2018-02-22,A,PREMIER,114,2026-06-29 19:53:29.717929,2026-06-29 19:53:29.717929
4106,Lisa,Jones,1959-02-13,sha256_004105,user4105@example.com,555-430-1296,2013-12-09,A,SMALL_BIZ,167,2026-06-29 19:53:29.717929,2026-06-29 19:53:29.717929
4107,Brian,Rice,1990-06-06,sha256_004106,user4106@example.com,555-426-2044,2025-03-17,C,STUDENT,148,2026-06-29 19:53:29.717929,2026-06-29 19:53:29.717929
4108,Timothy,Perez,1956-10-27,sha256_004107,user4107@example.com,555-945-8547,2022-10-28,A,STUDENT,216,2026-06-29 19:53:29.717929,2026-06-29 19:53:29.717929
4109,Paul,Goodwin,1964-08-27,sha256_004108,user4108@example.com,555-850-6386,2020-04-10,I,STUDENT,200,2026-06-29 19:53:29.717929,2026-06-29 19:53:29.717929
4110,Terri,Reid,1944-09-17,sha256_004109,user4109@example.com,555-687-1205,2019-10-04,A,MASS,175,2026-06-29 19:53:29.717929,2026-06-29 19:53:29.717929
4111,Willie,Collins,1966-03-07,sha256_004110,user4110@example.com,555-527-6674,2015-06-10,A,WEALTH,78,2026-06-29 19:53:29.717929,2026-06-29 19:53:29.717929
4112,Karen,Gordon,1949-10-04,sha256_004111,user4111@example.com,555-673-9175,2019-10-22,A,DIGITAL,273,2026-06-29 19:53:29.717929,2026-06-29 19:53:29.717929
4113,Karen,Dodson,2000-05-11,sha256_004112,user4112@example.com,555-914-3785,2016-11-21,A,SMALL_BIZ,200,2026-06-29 19:53:29.717929,2026-06-29 19:53:29.717929
4114,Ruben,Torres,1944-08-25,sha256_004113,user4113@example.com,555-461-7601,2021-07-28,A,PREMIER,339,2026-06-29 19:53:29.717929,2026-06-29 19:53:29.717929
4115,Matthew,Thomas,1966-02-09,sha256_004114,user4114@example.com,555-785-2287,2021-03-21,A,SMALL_BIZ,250,2026-06-29 19:53:29.717929,2026-06-29 19:53:29.717929
4116,Daniel,Blackburn,1954-09-05,sha256_004115,user4115@example.com,555-774-6657,2024-08-14,A,PREMIER,107,2026-06-29 19:53:29.717929,2026-06-29 19:53:29.717929
4117,Seth,Carrillo,1951-10-27,sha256_004116,user4116@example.com,555-965-9676,2022-02-15,I,MASS,156,2026-06-29 19:53:29.717929,2026-06-29 19:53:29.717929
4118,Tiffany,Fleming,1982-09-06,sha256_004117,user4117@example.com,555-498-6166,2022-06-24,A,WEALTH,346,2026-06-29 19:53:29.717929,2026-06-29 19:53:29.717929
4119,Christopher,Gonzales,1983-01-31,sha256_004118,user4118@example.com,555-678-1484,2023-08-29,A,DIGITAL,320,2026-06-29 19:53:29.717929,2026-06-29 19:53:29.717929
4120,John,Carter,1993-04-26,sha256_004119,user4119@example.com,555-798-3731,2022-11-21,A,STUDENT,181,2026-06-29 19:53:29.717929,2026-06-29 19:53:29.717929
4121,Tracy,Johnson,1984-06-21,sha256_004120,user4120@example.com,555-778-8070,2022-07-25,A,WEALTH,392,2026-06-29 19:53:29.717929,2026-06-29 19:53:29.717929
4122,Noah,Jackson,1999-08-15,sha256_004121,user4121@example.com,555-223-5651,2019-10-09,A,STUDENT,381,2026-06-29 19:53:29.717929,2026-06-29 19:53:29.717929
4123,Jennifer,Pena,1946-05-14,sha256_004122,user4122@example.com,555-702-4845,2018-07-28,A,WEALTH,472,2026-06-29 19:53:29.717929,2026-06-29 19:53:29.717929
4124,Catherine,Hughes,1945-07-25,sha256_004123,user4123@example.com,555-750-3157,2024-02-15,I,WEALTH,311,2026-06-29 19:53:29.717929,2026-06-29 19:53:29.717929
4125,Mark,Reid,1958-01-13,sha256_004124,user4124@example.com,555-326-2588,2012-02-11,A,WEALTH,112,2026-06-29 19:53:29.717929,2026-06-29 19:53:29.717929
4126,Laura,Perez,1943-09-19,sha256_004125,user4125@example.com,555-416-2812,2020-07-28,A,STUDENT,149,2026-06-29 19:53:29.717929,2026-06-29 19:53:29.717929
4127,Duane,Hanson,1989-09-04,sha256_004126,user4126@example.com,555-382-3606,2018-12-30,A,SMALL_BIZ,206,2026-06-29 19:53:29.717929,2026-06-29 19:53:29.717929
4128,Nicole,Smith,1956-11-11,sha256_004127,user4127@example.com,555-763-7693,2024-02-20,I,MASS,385,2026-06-29 19:53:29.717929,2026-06-29 19:53:29.717929
4129,Kristin,Yang,1998-12-19,sha256_004128,user4128@example.com,555-422-7851,2024-05-14,A,STUDENT,143,2026-06-29 19:53:29.717929,2026-06-29 19:53:29.717929
4130,Randy,Wells,1975-12-23,sha256_004129,user4129@example.com,555-527-6950,2022-02-27,A,SMALL_BIZ,55,2026-06-29 19:53:29.717929,2026-06-29 19:53:29.717929
4131,Megan,Reed,1960-09-10,sha256_004130,user4130@example.com,555-880-6206,2024-12-28,A,STUDENT,275,2026-06-29 19:53:29.717929,2026-06-29 19:53:29.717929
4132,Sabrina,Moses,1953-01-12,sha256_004131,user4131@example.com,555-745-7425,2015-04-13,A,DIGITAL,440,2026-06-29 19:53:29.717929,2026-06-29 19:53:29.717929
4133,Margaret,Clark,1959-01-08,sha256_004132,user4132@example.com,555-613-9107,2017-11-13,A,WEALTH,147,2026-06-29 19:53:29.717929,2026-06-29 19:53:29.717929
4134,Cameron,Morrison,1977-05-04,sha256_004133,user4133@example.com,555-660-3571,2016-11-19,A,DIGITAL,205,2026-06-29 19:53:29.717929,2026-06-29 19:53:29.717929
4135,Andrea,Smith,1956-01-23,sha256_004134,user4134@example.com,555-495-1054,2022-01-01,A,STUDENT,425,2026-06-29 19:53:29.717929,2026-06-29 19:53:29.717929
4136,Lauren,Caldwell,1987-06-20,sha256_004135,user4135@example.com,555-542-8602,2022-10-06,A,SMALL_BIZ,89,2026-06-29 19:53:29.717929,2026-06-29 19:53:29.717929
4137,Dylan,Bryant,1957-08-19,sha256_004136,user4136@example.com,555-899-2610,2020-05-18,A,WEALTH,298,2026-06-29 19:53:29.717929,2026-06-29 19:53:29.717929
4138,Morgan,Moss,1975-02-23,sha256_004137,user4137@example.com,555-868-7850,2021-05-09,A,WEALTH,211,2026-06-29 19:53:29.717929,2026-06-29 19:53:29.717929
4139,Ronald,Willis,1995-05-09,sha256_004138,user4138@example.com,555-393-1475,2019-12-18,A,STUDENT,115,2026-06-29 19:53:29.717929,2026-06-29 19:53:29.717929
4140,Olivia,Vaughn,1975-12-18,sha256_004139,user4139@example.com,555-341-9247,2013-10-20,A,PREMIER,307,2026-06-29 19:53:29.717929,2026-06-29 19:53:29.717929
4141,Leonard,Riley,1945-07-28,sha256_004140,user4140@example.com,555-784-7697,2026-04-22,A,PREMIER,167,2026-06-29 19:53:29.717929,2026-06-29 19:53:29.717929
4142,Joshua,Cole,1950-05-23,sha256_004141,user4141@example.com,555-824-5095,2018-08-22,A,DIGITAL,292,2026-06-29 19:53:29.717929,2026-06-29 19:53:29.717929
4143,Benjamin,Davis,1950-09-15,sha256_004142,user4142@example.com,555-840-8731,2017-02-10,A,SMALL_BIZ,47,2026-06-29 19:53:29.717929,2026-06-29 19:53:29.717929
4144,Julie,James,1990-04-29,sha256_004143,user4143@example.com,555-579-1372,2020-05-31,I,SMALL_BIZ,308,2026-06-29 19:53:29.717929,2026-06-29 19:53:29.717929
4145,Rebecca,Decker,1958-06-02,sha256_004144,user4144@example.com,555-869-7378,2015-06-27,I,STUDENT,262,2026-06-29 19:53:29.717929,2026-06-29 19:53:29.717929
4146,Francisco,Young,1984-12-14,sha256_004145,user4145@example.com,555-397-3644,2020-04-29,A,WEALTH,189,2026-06-29 19:53:29.717929,2026-06-29 19:53:29.717929
4147,Theresa,Galloway,1979-07-19,sha256_004146,user4146@example.com,555-940-4920,2013-01-11,A,DIGITAL,242,2026-06-29 19:53:29.717929,2026-06-29 19:53:29.717929
4148,Philip,Montoya,1985-09-05,sha256_004147,user4147@example.com,555-929-4273,2018-12-13,A,MASS,68,2026-06-29 19:53:29.717929,2026-06-29 19:53:29.717929
4149,Tonya,Holmes,2004-09-19,sha256_004148,user4148@example.com,555-500-2061,2019-12-11,A,PREMIER,106,2026-06-29 19:53:29.717929,2026-06-29 19:53:29.717929
4150,Belinda,Glass,1975-12-22,sha256_004149,user4149@example.com,555-791-8555,2012-03-24,A,WEALTH,126,2026-06-29 19:53:29.717929,2026-06-29 19:53:29.717929
4151,Lisa,Smith,1952-09-24,sha256_004150,user4150@example.com,555-900-8268,2013-04-19,A,DIGITAL,408,2026-06-29 19:53:29.717929,2026-06-29 19:53:29.717929
4152,Allen,Holt,1956-11-25,sha256_004151,user4151@example.com,555-381-8559,2024-10-01,A,STUDENT,329,2026-06-29 19:53:29.717929,2026-06-29 19:53:29.717929
4153,Danny,Kent,1967-05-08,sha256_004152,user4152@example.com,555-313-6427,2017-12-18,A,DIGITAL,126,2026-06-29 19:53:29.717929,2026-06-29 19:53:29.717929
4154,Emily,Grant,1975-07-10,sha256_004153,user4153@example.com,555-673-2144,2020-11-28,A,PREMIER,384,2026-06-29 19:53:29.717929,2026-06-29 19:53:29.717929
4155,Paul,Smith,1995-03-24,sha256_004154,user4154@example.com,555-233-7657,2018-08-31,A,STUDENT,241,2026-06-29 19:53:29.717929,2026-06-29 19:53:29.717929
4156,Nathan,Robles,1947-02-04,sha256_004155,user4155@example.com,555-594-2152,2015-11-25,A,WEALTH,491,2026-06-29 19:53:29.717929,2026-06-29 19:53:29.717929
4157,Joe,Tran,1960-11-02,sha256_004156,user4156@example.com,555-466-9803,2025-03-05,A,PREMIER,367,2026-06-29 19:53:29.717929,2026-06-29 19:53:29.717929
4158,Danielle,Miller,2003-09-14,sha256_004157,user4157@example.com,555-995-9751,2021-03-09,I,SMALL_BIZ,13,2026-06-29 19:53:29.717929,2026-06-29 19:53:29.717929
4159,Timothy,Fisher,1975-09-07,sha256_004158,user4158@example.com,555-649-8877,2012-03-13,C,SMALL_BIZ,31,2026-06-29 19:53:29.717929,2026-06-29 19:53:29.717929
4160,Darlene,Lee,1991-10-24,sha256_004159,user4159@example.com,555-499-7527,2024-04-06,A,SMALL_BIZ,394,2026-06-29 19:53:29.717929,2026-06-29 19:53:29.717929
4161,Brianna,Collier,1962-03-20,sha256_004160,user4160@example.com,555-240-6953,2024-05-31,A,WEALTH,367,2026-06-29 19:53:29.717929,2026-06-29 19:53:29.717929
4162,James,Mejia,1994-06-05,sha256_004161,user4161@example.com,555-723-8209,2012-01-05,A,WEALTH,404,2026-06-29 19:53:29.717929,2026-06-29 19:53:29.717929
4163,Richard,White,1942-08-16,sha256_004162,user4162@example.com,555-327-2697,2023-12-14,A,DIGITAL,434,2026-06-29 19:53:29.717929,2026-06-29 19:53:29.717929
4164,Sherry,Cisneros,1966-04-14,sha256_004163,user4163@example.com,555-468-2831,2023-08-29,A,SMALL_BIZ,87,2026-06-29 19:53:29.717929,2026-06-29 19:53:29.717929
4165,Charles,Smith,1980-11-27,sha256_004164,user4164@example.com,555-575-7764,2018-01-07,A,SMALL_BIZ,174,2026-06-29 19:53:29.717929,2026-06-29 19:53:29.717929
4166,Teresa,Barnett,1987-08-28,sha256_004165,user4165@example.com,555-345-4982,2017-12-29,A,WEALTH,108,2026-06-29 19:53:29.717929,2026-06-29 19:53:29.717929
4167,Alexander,Holland,1969-10-08,sha256_004166,user4166@example.com,555-470-2591,2012-11-11,A,MASS,329,2026-06-29 19:53:29.717929,2026-06-29 19:53:29.717929
4168,Christopher,Davis,2002-11-14,sha256_004167,user4167@example.com,555-910-2213,2015-12-14,A,WEALTH,461,2026-06-29 19:53:29.717929,2026-06-29 19:53:29.717929
4169,Jeffrey,Campbell,1997-10-26,sha256_004168,user4168@example.com,555-926-9053,2026-04-22,A,DIGITAL,388,2026-06-29 19:53:29.717929,2026-06-29 19:53:29.717929
4170,Craig,Mendez,1995-08-11,sha256_004169,user4169@example.com,555-466-6610,2019-07-28,A,MASS,353,2026-06-29 19:53:29.717929,2026-06-29 19:53:29.717929
4171,Kelsey,Harrison,2003-04-16,sha256_004170,user4170@example.com,555-655-6417,2020-04-24,A,WEALTH,359,2026-06-29 19:53:29.717929,2026-06-29 19:53:29.717929
4172,Kendra,Wolf,1976-07-08,sha256_004171,user4171@example.com,555-464-5510,2011-09-18,C,STUDENT,19,2026-06-29 19:53:29.717929,2026-06-29 19:53:29.717929
4173,Kelly,Taylor,1970-04-17,sha256_004172,user4172@example.com,555-979-3294,2019-09-02,A,DIGITAL,268,2026-06-29 19:53:29.717929,2026-06-29 19:53:29.717929
4174,Christy,Moore,1977-04-15,sha256_004173,user4173@example.com,555-495-1425,2019-12-16,A,DIGITAL,451,2026-06-29 19:53:29.717929,2026-06-29 19:53:29.717929
4175,Allison,Fernandez,1982-02-26,sha256_004174,user4174@example.com,555-579-6942,2023-03-14,I,SMALL_BIZ,150,2026-06-29 19:53:29.717929,2026-06-29 19:53:29.717929
4176,Cynthia,Wilson,1978-11-17,sha256_004175,user4175@example.com,555-514-3593,2019-04-01,C,STUDENT,325,2026-06-29 19:53:29.717929,2026-06-29 19:53:29.717929
4177,Danielle,Harrington,1976-12-10,sha256_004176,user4176@example.com,555-512-8787,2021-08-31,A,SMALL_BIZ,226,2026-06-29 19:53:29.717929,2026-06-29 19:53:29.717929
4178,Leah,Patterson,1946-05-11,sha256_004177,user4177@example.com,555-889-5831,2011-12-12,A,DIGITAL,381,2026-06-29 19:53:29.717929,2026-06-29 19:53:29.717929
4179,Ashley,Mosley,1965-10-24,sha256_004178,user4178@example.com,555-911-3106,2024-01-30,A,DIGITAL,312,2026-06-29 19:53:29.717929,2026-06-29 19:53:29.717929
4180,David,Harding,1943-01-21,sha256_004179,user4179@example.com,555-499-7295,2020-05-12,A,MASS,327,2026-06-29 19:53:29.717929,2026-06-29 19:53:29.717929
4181,Kathryn,Howard,1950-05-20,sha256_004180,user4180@example.com,555-433-1458,2024-08-20,A,DIGITAL,299,2026-06-29 19:53:29.717929,2026-06-29 19:53:29.717929
4182,Barbara,Guerra,1998-05-23,sha256_004181,user4181@example.com,555-510-3430,2020-11-26,A,STUDENT,7,2026-06-29 19:53:29.717929,2026-06-29 19:53:29.717929
4183,Tiffany,Tran,1954-01-02,sha256_004182,user4182@example.com,555-465-6966,2011-09-17,A,SMALL_BIZ,261,2026-06-29 19:53:29.717929,2026-06-29 19:53:29.717929
4184,Phyllis,Richardson,1941-11-19,sha256_004183,user4183@example.com,555-963-9467,2025-07-26,A,WEALTH,245,2026-06-29 19:53:29.717929,2026-06-29 19:53:29.717929
4185,Steven,Rogers,1950-10-26,sha256_004184,user4184@example.com,555-833-3791,2012-07-29,A,MASS,330,2026-06-29 19:53:29.717929,2026-06-29 19:53:29.717929
4186,Steven,Bryant,1962-07-21,sha256_004185,user4185@example.com,555-359-9209,2025-10-09,A,MASS,268,2026-06-29 19:53:29.717929,2026-06-29 19:53:29.717929
4187,Devin,Phillips,1988-10-18,sha256_004186,user4186@example.com,555-583-7192,2021-07-02,A,WEALTH,332,2026-06-29 19:53:29.717929,2026-06-29 19:53:29.717929
4188,Colin,Chambers,1981-10-31,sha256_004187,user4187@example.com,555-373-9605,2023-03-10,A,WEALTH,90,2026-06-29 19:53:29.717929,2026-06-29 19:53:29.717929
4189,Juan,Franklin,1997-06-03,sha256_004188,user4188@example.com,555-695-7223,2019-09-19,A,PREMIER,343,2026-06-29 19:53:29.717929,2026-06-29 19:53:29.717929
4190,Ryan,Thompson,1981-03-03,sha256_004189,user4189@example.com,555-266-6609,2025-07-06,A,DIGITAL,159,2026-06-29 19:53:29.717929,2026-06-29 19:53:29.717929
4191,Matthew,Matthews,1950-12-07,sha256_004190,user4190@example.com,555-411-4675,2025-07-23,A,DIGITAL,143,2026-06-29 19:53:29.717929,2026-06-29 19:53:29.717929
4192,Nicole,Gentry,1971-08-05,sha256_004191,user4191@example.com,555-823-2959,2023-08-05,I,SMALL_BIZ,101,2026-06-29 19:53:29.717929,2026-06-29 19:53:29.717929
4193,Joseph,Anderson,1959-03-15,sha256_004192,user4192@example.com,555-565-9172,2022-05-27,A,WEALTH,292,2026-06-29 19:53:29.717929,2026-06-29 19:53:29.717929
4194,Kelly,Tucker,1996-08-26,sha256_004193,user4193@example.com,555-853-1199,2016-08-29,A,SMALL_BIZ,434,2026-06-29 19:53:29.717929,2026-06-29 19:53:29.717929
4195,Kimberly,Martinez,1997-06-08,sha256_004194,user4194@example.com,555-736-4741,2016-04-01,A,SMALL_BIZ,104,2026-06-29 19:53:29.717929,2026-06-29 19:53:29.717929
4196,Megan,Richardson,1998-02-06,sha256_004195,user4195@example.com,555-572-1538,2013-08-08,A,WEALTH,321,2026-06-29 19:53:29.717929,2026-06-29 19:53:29.717929
4197,Andrew,Navarro,1997-02-18,sha256_004196,user4196@example.com,555-301-6398,2022-02-01,A,STUDENT,35,2026-06-29 19:53:29.717929,2026-06-29 19:53:29.717929
4198,Sara,Roach,1945-09-26,sha256_004197,user4197@example.com,555-477-9761,2017-06-12,A,SMALL_BIZ,276,2026-06-29 19:53:29.717929,2026-06-29 19:53:29.717929
4199,Stephen,Lewis,1968-12-17,sha256_004198,user4198@example.com,555-281-1917,2025-09-03,A,WEALTH,291,2026-06-29 19:53:29.717929,2026-06-29 19:53:29.717929
4200,Theodore,Thompson,1950-08-09,sha256_004199,user4199@example.com,555-735-5062,2024-02-19,A,DIGITAL,132,2026-06-29 19:53:29.717929,2026-06-29 19:53:29.717929
4201,Mark,Griffith,1952-05-29,sha256_004200,user4200@example.com,555-957-3993,2019-11-05,I,SMALL_BIZ,480,2026-06-29 19:53:29.717929,2026-06-29 19:53:29.717929
4202,Christopher,Meyer,1994-04-04,sha256_004201,user4201@example.com,555-866-5015,2011-07-26,A,DIGITAL,354,2026-06-29 19:53:29.717929,2026-06-29 19:53:29.717929
4203,Ian,Barker,2004-10-28,sha256_004202,user4202@example.com,555-934-8472,2023-09-04,A,DIGITAL,21,2026-06-29 19:53:29.717929,2026-06-29 19:53:29.717929
4204,Derek,Barnes,1989-07-14,sha256_004203,user4203@example.com,555-823-5354,2015-01-28,C,STUDENT,143,2026-06-29 19:53:29.717929,2026-06-29 19:53:29.717929
4205,Sandra,Norton,1967-08-03,sha256_004204,user4204@example.com,555-293-4113,2025-06-04,A,SMALL_BIZ,426,2026-06-29 19:53:29.717929,2026-06-29 19:53:29.717929
4206,Brian,Bell,1966-06-29,sha256_004205,user4205@example.com,555-265-3171,2018-09-03,A,STUDENT,156,2026-06-29 19:53:29.717929,2026-06-29 19:53:29.717929
4207,Stacy,Davis,1979-03-05,sha256_004206,user4206@example.com,555-262-4403,2021-11-26,A,DIGITAL,125,2026-06-29 19:53:29.717929,2026-06-29 19:53:29.717929
4208,Cheryl,Anthony,1979-12-22,sha256_004207,user4207@example.com,555-799-8819,2026-01-12,A,WEALTH,51,2026-06-29 19:53:29.717929,2026-06-29 19:53:29.717929
4209,Lisa,Miller,2000-11-05,sha256_004208,user4208@example.com,555-749-1836,2013-02-13,A,MASS,405,2026-06-29 19:53:29.717929,2026-06-29 19:53:29.717929
4210,Nicole,Manning,1953-12-12,sha256_004209,user4209@example.com,555-849-2196,2012-09-11,A,DIGITAL,245,2026-06-29 19:53:29.717929,2026-06-29 19:53:29.717929
4211,Laura,Brown,1956-09-23,sha256_004210,user4210@example.com,555-319-8240,2023-09-05,A,PREMIER,244,2026-06-29 19:53:29.717929,2026-06-29 19:53:29.717929
4212,Antonio,Jones,1979-08-25,sha256_004211,user4211@example.com,555-402-2636,2014-06-20,A,STUDENT,302,2026-06-29 19:53:29.717929,2026-06-29 19:53:29.717929
4213,Alexis,Krueger,1970-04-25,sha256_004212,user4212@example.com,555-420-8982,2016-03-04,A,MASS,292,2026-06-29 19:53:29.717929,2026-06-29 19:53:29.717929
4214,Vanessa,Miller,1958-09-02,sha256_004213,user4213@example.com,555-209-8041,2021-12-10,A,PREMIER,369,2026-06-29 19:53:29.717929,2026-06-29 19:53:29.717929
4215,Anna,Murphy,1975-04-09,sha256_004214,user4214@example.com,555-653-4191,2023-03-16,A,STUDENT,413,2026-06-29 19:53:29.717929,2026-06-29 19:53:29.717929
4216,Donald,Bradley,1961-02-14,sha256_004215,user4215@example.com,555-850-8475,2023-08-02,I,PREMIER,129,2026-06-29 19:53:29.717929,2026-06-29 19:53:29.717929
4217,Ashley,Grimes,1972-11-13,sha256_004216,user4216@example.com,555-972-7671,2020-05-03,A,STUDENT,139,2026-06-29 19:53:29.717929,2026-06-29 19:53:29.717929
4218,Jonathan,Frye,1969-02-07,sha256_004217,user4217@example.com,555-704-3892,2013-06-14,A,MASS,260,2026-06-29 19:53:29.717929,2026-06-29 19:53:29.717929
4219,Jessica,Chung,1992-10-23,sha256_004218,user4218@example.com,555-694-9424,2017-08-28,A,MASS,488,2026-06-29 19:53:29.717929,2026-06-29 19:53:29.717929
4220,Donald,Wells,1994-08-16,sha256_004219,user4219@example.com,555-860-5909,2019-03-03,A,MASS,445,2026-06-29 19:53:29.717929,2026-06-29 19:53:29.717929
4221,Christopher,Winters,1995-05-30,sha256_004220,user4220@example.com,555-744-5079,2023-08-03,A,MASS,141,2026-06-29 19:53:29.717929,2026-06-29 19:53:29.717929
4222,Jonathan,Williams,1990-02-02,sha256_004221,user4221@example.com,555-894-9242,2012-07-18,A,MASS,321,2026-06-29 19:53:29.717929,2026-06-29 19:53:29.717929
4223,Cheryl,Walker,1965-01-22,sha256_004222,user4222@example.com,555-650-2826,2019-11-13,I,DIGITAL,250,2026-06-29 19:53:29.717929,2026-06-29 19:53:29.717929
4224,Kenneth,Arellano,1953-10-06,sha256_004223,user4223@example.com,555-206-6229,2018-06-23,A,STUDENT,241,2026-06-29 19:53:29.717929,2026-06-29 19:53:29.717929
4225,Samuel,Warren,1993-12-30,sha256_004224,user4224@example.com,555-707-3672,2022-05-10,A,DIGITAL,34,2026-06-29 19:53:29.717929,2026-06-29 19:53:29.717929
4226,Monica,Hernandez,2000-07-15,sha256_004225,user4225@example.com,555-978-8078,2015-02-06,A,SMALL_BIZ,156,2026-06-29 19:53:29.717929,2026-06-29 19:53:29.717929
4227,Joshua,Gardner,1976-12-30,sha256_004226,user4226@example.com,555-296-8261,2017-07-17,A,MASS,327,2026-06-29 19:53:29.717929,2026-06-29 19:53:29.717929
4228,James,Kelley,1944-02-06,sha256_004227,user4227@example.com,555-903-9824,2017-11-23,A,DIGITAL,100,2026-06-29 19:53:29.717929,2026-06-29 19:53:29.717929
4229,Patricia,Galvan,2007-10-20,sha256_004228,user4228@example.com,555-997-2781,2026-05-10,A,DIGITAL,110,2026-06-29 19:53:29.717929,2026-06-29 19:53:29.717929
4230,Tammy,Stewart,1975-03-21,sha256_004229,user4229@example.com,555-514-9221,2019-08-27,A,MASS,164,2026-06-29 19:53:29.717929,2026-06-29 19:53:29.717929
4231,Lauren,Mccoy,1956-10-03,sha256_004230,user4230@example.com,555-984-9690,2025-03-26,A,WEALTH,53,2026-06-29 19:53:29.717929,2026-06-29 19:53:29.717929
4232,Devin,Williams,1998-06-05,sha256_004231,user4231@example.com,555-901-5916,2017-07-18,A,STUDENT,108,2026-06-29 19:53:29.717929,2026-06-29 19:53:29.717929
4233,Sean,Hill,1963-11-14,sha256_004232,user4232@example.com,555-784-3532,2018-02-19,A,MASS,81,2026-06-29 19:53:29.717929,2026-06-29 19:53:29.717929
4234,Christine,Gomez,1944-11-06,sha256_004233,user4233@example.com,555-396-7491,2016-11-11,I,DIGITAL,437,2026-06-29 19:53:29.717929,2026-06-29 19:53:29.717929
4235,Jamie,White,1965-11-22,sha256_004234,user4234@example.com,555-361-3574,2017-05-31,A,MASS,490,2026-06-29 19:53:29.717929,2026-06-29 19:53:29.717929
4236,Amber,Cook,1996-09-28,sha256_004235,user4235@example.com,555-728-8762,2020-05-09,A,SMALL_BIZ,305,2026-06-29 19:53:29.717929,2026-06-29 19:53:29.717929
4237,Trevor,Graves,1992-10-15,sha256_004236,user4236@example.com,555-626-5413,2013-02-01,A,DIGITAL,478,2026-06-29 19:53:29.717929,2026-06-29 19:53:29.717929
4238,Carol,Preston,1990-06-10,sha256_004237,user4237@example.com,555-469-8732,2021-06-05,A,MASS,190,2026-06-29 19:53:29.717929,2026-06-29 19:53:29.717929
4239,Craig,Maxwell,1948-03-04,sha256_004238,user4238@example.com,555-348-6017,2012-09-25,A,MASS,373,2026-06-29 19:53:29.717929,2026-06-29 19:53:29.717929
4240,Valerie,Smith,2004-07-25,sha256_004239,user4239@example.com,555-562-6166,2012-11-26,A,WEALTH,158,2026-06-29 19:53:29.717929,2026-06-29 19:53:29.717929
4241,Sherri,Fleming,1963-07-03,sha256_004240,user4240@example.com,555-635-7447,2015-11-22,A,WEALTH,3,2026-06-29 19:53:29.717929,2026-06-29 19:53:29.717929
4242,Gary,Johnson,1945-02-09,sha256_004241,user4241@example.com,555-980-7620,2021-12-21,A,PREMIER,496,2026-06-29 19:53:29.717929,2026-06-29 19:53:29.717929
4243,Jesus,Roth,1989-07-14,sha256_004242,user4242@example.com,555-618-6793,2017-01-09,A,SMALL_BIZ,413,2026-06-29 19:53:29.717929,2026-06-29 19:53:29.717929
4244,Christopher,Thompson,2003-12-12,sha256_004243,user4243@example.com,555-343-8485,2021-11-29,A,MASS,10,2026-06-29 19:53:29.717929,2026-06-29 19:53:29.717929
4245,Derek,Kim,1941-07-14,sha256_004244,user4244@example.com,555-921-4313,2012-09-21,A,DIGITAL,339,2026-06-29 19:53:29.717929,2026-06-29 19:53:29.717929
4246,Ariel,Wiggins,1962-07-06,sha256_004245,user4245@example.com,555-933-5193,2023-05-02,I,MASS,427,2026-06-29 19:53:29.717929,2026-06-29 19:53:29.717929
4247,Robert,Burnett,1945-06-24,sha256_004246,user4246@example.com,555-582-1387,2013-11-05,A,MASS,219,2026-06-29 19:53:29.717929,2026-06-29 19:53:29.717929
4248,Daniel,Lewis,2003-01-23,sha256_004247,user4247@example.com,555-591-6336,2012-09-01,A,STUDENT,287,2026-06-29 19:53:29.717929,2026-06-29 19:53:29.717929
4249,Natalie,Levy,1989-09-11,sha256_004248,user4248@example.com,555-956-4267,2014-03-22,A,DIGITAL,317,2026-06-29 19:53:29.717929,2026-06-29 19:53:29.717929
4250,Jordan,Schultz,1985-05-09,sha256_004249,user4249@example.com,555-715-8210,2021-09-24,C,MASS,55,2026-06-29 19:53:29.717929,2026-06-29 19:53:29.717929
4251,Justin,Blanchard,1982-11-15,sha256_004250,user4250@example.com,555-276-4983,2011-12-20,A,DIGITAL,167,2026-06-29 19:53:29.717929,2026-06-29 19:53:29.717929
4252,Janet,Richard,1974-06-23,sha256_004251,user4251@example.com,555-940-8859,2022-11-26,A,SMALL_BIZ,304,2026-06-29 19:53:29.717929,2026-06-29 19:53:29.717929
4253,Sarah,Erickson,1972-07-23,sha256_004252,user4252@example.com,555-681-1753,2019-09-16,A,SMALL_BIZ,200,2026-06-29 19:53:29.717929,2026-06-29 19:53:29.717929
4254,Anthony,Hall,1981-01-05,sha256_004253,user4253@example.com,555-904-8979,2016-12-14,A,DIGITAL,144,2026-06-29 19:53:29.717929,2026-06-29 19:53:29.717929
4255,Alec,Long,1991-10-22,sha256_004254,user4254@example.com,555-821-7144,2012-06-21,A,PREMIER,52,2026-06-29 19:53:29.717929,2026-06-29 19:53:29.717929
4256,Tara,Mejia,2005-08-20,sha256_004255,user4255@example.com,555-257-6614,2020-10-08,A,MASS,276,2026-06-29 19:53:29.717929,2026-06-29 19:53:29.717929
4257,Beth,Smith,1942-04-23,sha256_004256,user4256@example.com,555-578-8178,2021-10-13,C,MASS,57,2026-06-29 19:53:29.717929,2026-06-29 19:53:29.717929
4258,Natalie,Patterson,1964-10-27,sha256_004257,user4257@example.com,555-683-3200,2025-06-24,A,SMALL_BIZ,38,2026-06-29 19:53:29.717929,2026-06-29 19:53:29.717929
4259,Kathleen,Brown,1975-06-05,sha256_004258,user4258@example.com,555-532-7779,2021-11-30,A,DIGITAL,448,2026-06-29 19:53:29.717929,2026-06-29 19:53:29.717929
4260,Renee,Moses,1977-11-08,sha256_004259,user4259@example.com,555-354-5896,2020-11-03,A,STUDENT,103,2026-06-29 19:53:29.717929,2026-06-29 19:53:29.717929
4261,Christina,Mcclain,2007-11-08,sha256_004260,user4260@example.com,555-775-2441,2016-07-07,A,WEALTH,126,2026-06-29 19:53:29.717929,2026-06-29 19:53:29.717929
4262,Kathleen,Sanchez,2005-10-19,sha256_004261,user4261@example.com,555-535-9955,2016-11-06,I,SMALL_BIZ,134,2026-06-29 19:53:29.717929,2026-06-29 19:53:29.717929
4263,Dwayne,Ward,1966-07-15,sha256_004262,user4262@example.com,555-770-9700,2019-12-14,A,MASS,354,2026-06-29 19:53:29.717929,2026-06-29 19:53:29.717929
4264,Tamara,Hudson,1946-03-24,sha256_004263,user4263@example.com,555-222-3301,2012-05-17,A,PREMIER,446,2026-06-29 19:53:29.717929,2026-06-29 19:53:29.717929
4265,Raymond,Patterson,1980-03-10,sha256_004264,user4264@example.com,555-916-6143,2021-02-05,A,MASS,464,2026-06-29 19:53:29.717929,2026-06-29 19:53:29.717929
4266,Brian,Payne,2002-09-23,sha256_004265,user4265@example.com,555-991-8304,2023-10-15,A,SMALL_BIZ,453,2026-06-29 19:53:29.717929,2026-06-29 19:53:29.717929
4267,Bradley,Dominguez,1989-07-15,sha256_004266,user4266@example.com,555-419-4016,2018-08-12,A,MASS,240,2026-06-29 19:53:29.717929,2026-06-29 19:53:29.717929
4268,Joseph,Frazier,1957-09-06,sha256_004267,user4267@example.com,555-433-8549,2018-08-20,A,MASS,171,2026-06-29 19:53:29.717929,2026-06-29 19:53:29.717929
4269,Eileen,Hudson,1989-07-04,sha256_004268,user4268@example.com,555-403-5243,2025-10-04,A,MASS,310,2026-06-29 19:53:29.717929,2026-06-29 19:53:29.717929
4270,Sylvia,Brooks,1960-11-07,sha256_004269,user4269@example.com,555-965-1379,2020-02-28,I,DIGITAL,62,2026-06-29 19:53:29.717929,2026-06-29 19:53:29.717929
4271,Travis,Bennett,1956-07-26,sha256_004270,user4270@example.com,555-857-7730,2011-07-14,A,WEALTH,203,2026-06-29 19:53:29.717929,2026-06-29 19:53:29.717929
4272,Mark,Robinson,1998-04-24,sha256_004271,user4271@example.com,555-698-1786,2013-11-01,C,STUDENT,31,2026-06-29 19:53:29.717929,2026-06-29 19:53:29.717929
4273,Charles,Lewis,1983-11-23,sha256_004272,user4272@example.com,555-724-7119,2023-11-07,A,PREMIER,290,2026-06-29 19:53:29.717929,2026-06-29 19:53:29.717929
4274,Rachel,White,1966-12-01,sha256_004273,user4273@example.com,555-647-1525,2015-04-19,A,STUDENT,448,2026-06-29 19:53:29.717929,2026-06-29 19:53:29.717929
4275,Isaiah,Brown,1948-07-30,sha256_004274,user4274@example.com,555-534-9827,2019-07-04,A,WEALTH,145,2026-06-29 19:53:29.717929,2026-06-29 19:53:29.717929
4276,Jacqueline,Hernandez,1954-01-02,sha256_004275,user4275@example.com,555-788-6468,2025-08-14,A,SMALL_BIZ,35,2026-06-29 19:53:29.717929,2026-06-29 19:53:29.717929
4277,Melissa,Jones,1994-05-16,sha256_004276,user4276@example.com,555-952-2237,2016-01-30,A,STUDENT,48,2026-06-29 19:53:29.717929,2026-06-29 19:53:29.717929
4278,Bill,Jacobson,1990-11-19,sha256_004277,user4277@example.com,555-771-2840,2011-12-20,A,STUDENT,82,2026-06-29 19:53:29.717929,2026-06-29 19:53:29.717929
4279,Michael,Smith,1969-09-30,sha256_004278,user4278@example.com,555-725-2437,2021-08-02,A,STUDENT,473,2026-06-29 19:53:29.717929,2026-06-29 19:53:29.717929
4280,Robin,Dixon,1992-09-12,sha256_004279,user4279@example.com,555-679-4127,2019-07-24,A,PREMIER,393,2026-06-29 19:53:29.717929,2026-06-29 19:53:29.717929
4281,Rebecca,Davis,1957-10-08,sha256_004280,user4280@example.com,555-900-8060,2013-10-01,A,MASS,239,2026-06-29 19:53:29.717929,2026-06-29 19:53:29.717929
4282,Derek,Pennington,1967-10-17,sha256_004281,user4281@example.com,555-662-3493,2014-10-09,A,SMALL_BIZ,170,2026-06-29 19:53:29.717929,2026-06-29 19:53:29.717929
4283,Susan,Mclean,1960-05-10,sha256_004282,user4282@example.com,555-274-3976,2021-08-11,A,SMALL_BIZ,295,2026-06-29 19:53:29.717929,2026-06-29 19:53:29.717929
4284,Wendy,Hawkins,1972-01-29,sha256_004283,user4283@example.com,555-547-8439,2022-09-28,A,STUDENT,400,2026-06-29 19:53:29.717929,2026-06-29 19:53:29.717929
4285,Meredith,Valencia,2007-04-15,sha256_004284,user4284@example.com,555-909-8084,2018-03-22,A,PREMIER,206,2026-06-29 19:53:29.717929,2026-06-29 19:53:29.717929
4286,Brittney,Henderson,1947-05-15,sha256_004285,user4285@example.com,555-788-5813,2020-05-05,A,PREMIER,320,2026-06-29 19:53:29.717929,2026-06-29 19:53:29.717929
4287,Stephanie,Allen,1952-09-17,sha256_004286,user4286@example.com,555-599-1309,2012-03-07,I,PREMIER,116,2026-06-29 19:53:29.717929,2026-06-29 19:53:29.717929
4288,Laura,Dyer,1986-06-13,sha256_004287,user4287@example.com,555-530-7998,2024-08-26,A,DIGITAL,133,2026-06-29 19:53:29.717929,2026-06-29 19:53:29.717929
4289,Abigail,Jones,1950-12-20,sha256_004288,user4288@example.com,555-428-6351,2017-01-04,A,STUDENT,235,2026-06-29 19:53:29.717929,2026-06-29 19:53:29.717929
4290,Angel,Larson,1972-06-10,sha256_004289,user4289@example.com,555-869-4282,2018-05-27,A,STUDENT,474,2026-06-29 19:53:29.717929,2026-06-29 19:53:29.717929
4291,Christopher,Cooper,1941-07-25,sha256_004290,user4290@example.com,555-563-3500,2018-02-16,A,DIGITAL,396,2026-06-29 19:53:29.717929,2026-06-29 19:53:29.717929
4292,Andrea,White,1952-05-08,sha256_004291,user4291@example.com,555-351-4377,2022-02-19,A,MASS,93,2026-06-29 19:53:29.717929,2026-06-29 19:53:29.717929
4293,Corey,Pope,1970-05-25,sha256_004292,user4292@example.com,555-303-1429,2025-10-10,A,STUDENT,309,2026-06-29 19:53:29.717929,2026-06-29 19:53:29.717929
4294,Michael,Lozano,1990-02-07,sha256_004293,user4293@example.com,555-240-3086,2014-01-15,I,STUDENT,179,2026-06-29 19:53:29.717929,2026-06-29 19:53:29.717929
4295,Renee,Sharp,1994-02-17,sha256_004294,user4294@example.com,555-270-6365,2019-04-13,A,MASS,476,2026-06-29 19:53:29.717929,2026-06-29 19:53:29.717929
4296,Ryan,Mejia,1987-06-24,sha256_004295,user4295@example.com,555-435-4421,2019-12-05,A,DIGITAL,156,2026-06-29 19:53:29.717929,2026-06-29 19:53:29.717929
4297,Nathan,Pierce,1975-03-15,sha256_004296,user4296@example.com,555-367-7951,2014-08-24,A,MASS,120,2026-06-29 19:53:29.717929,2026-06-29 19:53:29.717929
4298,Lawrence,Brady,1946-12-15,sha256_004297,user4297@example.com,555-422-6821,2020-04-08,A,PREMIER,71,2026-06-29 19:53:29.717929,2026-06-29 19:53:29.717929
4299,Jane,Davis,1987-09-27,sha256_004298,user4298@example.com,555-650-3017,2018-07-05,A,WEALTH,14,2026-06-29 19:53:29.717929,2026-06-29 19:53:29.717929
4300,Brent,Riddle,1978-09-29,sha256_004299,user4299@example.com,555-654-4417,2012-02-26,A,WEALTH,26,2026-06-29 19:53:29.717929,2026-06-29 19:53:29.717929
4301,Amanda,Stokes,1964-04-01,sha256_004300,user4300@example.com,555-657-8185,2015-01-06,A,WEALTH,102,2026-06-29 19:53:29.717929,2026-06-29 19:53:29.717929
4302,Amy,Bennett,1981-12-13,sha256_004301,user4301@example.com,555-410-7234,2014-09-17,I,STUDENT,418,2026-06-29 19:53:29.717929,2026-06-29 19:53:29.717929
4303,Bonnie,Nolan,2004-08-23,sha256_004302,user4302@example.com,555-327-2521,2019-01-28,A,DIGITAL,260,2026-06-29 19:53:29.717929,2026-06-29 19:53:29.717929
4304,Suzanne,Collins,1995-05-04,sha256_004303,user4303@example.com,555-792-9462,2015-08-11,A,PREMIER,84,2026-06-29 19:53:29.717929,2026-06-29 19:53:29.717929
4305,Willie,Jackson,1945-01-26,sha256_004304,user4304@example.com,555-974-4434,2012-12-02,I,PREMIER,482,2026-06-29 19:53:29.717929,2026-06-29 19:53:29.717929
4306,Brian,Arnold,1992-01-03,sha256_004305,user4305@example.com,555-700-6871,2013-11-30,A,SMALL_BIZ,163,2026-06-29 19:53:29.717929,2026-06-29 19:53:29.717929
4307,Colleen,Roberson,1982-09-12,sha256_004306,user4306@example.com,555-625-4129,2019-07-01,A,DIGITAL,47,2026-06-29 19:53:29.717929,2026-06-29 19:53:29.717929
4308,Eric,King,1956-10-23,sha256_004307,user4307@example.com,555-719-6895,2021-05-16,A,WEALTH,131,2026-06-29 19:53:29.717929,2026-06-29 19:53:29.717929
4309,Joshua,Lewis,1960-01-29,sha256_004308,user4308@example.com,555-720-2834,2018-10-05,I,WEALTH,9,2026-06-29 19:53:29.717929,2026-06-29 19:53:29.717929
4310,Alicia,Rodriguez,1950-04-25,sha256_004309,user4309@example.com,555-207-7226,2022-09-01,A,WEALTH,205,2026-06-29 19:53:29.717929,2026-06-29 19:53:29.717929
4311,Michael,Morrison,1969-09-23,sha256_004310,user4310@example.com,555-302-6811,2025-09-18,A,MASS,485,2026-06-29 19:53:29.717929,2026-06-29 19:53:29.717929
4312,David,Burton,1954-08-23,sha256_004311,user4311@example.com,555-517-2069,2011-08-23,I,WEALTH,485,2026-06-29 19:53:29.717929,2026-06-29 19:53:29.717929
4313,Jared,Williams,1942-05-14,sha256_004312,user4312@example.com,555-867-5926,2012-01-11,A,DIGITAL,360,2026-06-29 19:53:29.717929,2026-06-29 19:53:29.717929
4314,Jeffery,Anderson,2004-04-10,sha256_004313,user4313@example.com,555-286-7384,2021-11-14,I,WEALTH,9,2026-06-29 19:53:29.717929,2026-06-29 19:53:29.717929
4315,Melissa,Martinez,1989-07-11,sha256_004314,user4314@example.com,555-481-6296,2018-12-02,C,PREMIER,73,2026-06-29 19:53:29.717929,2026-06-29 19:53:29.717929
4316,Jennifer,Williams,2000-03-02,sha256_004315,user4315@example.com,555-454-3905,2015-02-15,A,STUDENT,5,2026-06-29 19:53:29.717929,2026-06-29 19:53:29.717929
4317,Clayton,Rogers,1993-07-16,sha256_004316,user4316@example.com,555-331-9497,2013-06-09,A,DIGITAL,72,2026-06-29 19:53:29.717929,2026-06-29 19:53:29.717929
4318,James,Fleming,1944-08-22,sha256_004317,user4317@example.com,555-911-8697,2015-04-10,A,PREMIER,32,2026-06-29 19:53:29.717929,2026-06-29 19:53:29.717929
4319,Laura,Hall,1996-10-03,sha256_004318,user4318@example.com,555-810-4437,2016-08-17,A,SMALL_BIZ,339,2026-06-29 19:53:29.717929,2026-06-29 19:53:29.717929
4320,Michael,Leach,1996-12-23,sha256_004319,user4319@example.com,555-500-7089,2018-04-22,A,STUDENT,213,2026-06-29 19:53:29.717929,2026-06-29 19:53:29.717929
4321,David,Jones,1947-12-03,sha256_004320,user4320@example.com,555-361-7868,2019-07-04,A,DIGITAL,90,2026-06-29 19:53:29.717929,2026-06-29 19:53:29.717929
4322,Carmen,Perry,1943-01-10,sha256_004321,user4321@example.com,555-731-3480,2013-11-27,I,SMALL_BIZ,415,2026-06-29 19:53:29.717929,2026-06-29 19:53:29.717929
4323,Julia,Harrison,2000-09-06,sha256_004322,user4322@example.com,555-884-3975,2021-09-20,A,MASS,451,2026-06-29 19:53:29.717929,2026-06-29 19:53:29.717929
4324,Michelle,Moore,1966-10-28,sha256_004323,user4323@example.com,555-312-3660,2020-07-24,A,PREMIER,255,2026-06-29 19:53:29.717929,2026-06-29 19:53:29.717929
4325,David,Glover,1991-09-05,sha256_004324,user4324@example.com,555-408-6014,2019-05-30,A,WEALTH,321,2026-06-29 19:53:29.717929,2026-06-29 19:53:29.717929
4326,Judy,Nicholson,1959-02-27,sha256_004325,user4325@example.com,555-582-5344,2024-01-20,C,STUDENT,165,2026-06-29 19:53:29.717929,2026-06-29 19:53:29.717929
4327,Francis,Bradley,1945-12-21,sha256_004326,user4326@example.com,555-229-1423,2017-04-07,A,MASS,15,2026-06-29 19:53:29.717929,2026-06-29 19:53:29.717929
4328,David,Tucker,1995-03-10,sha256_004327,user4327@example.com,555-681-1560,2014-07-09,C,SMALL_BIZ,447,2026-06-29 19:53:29.717929,2026-06-29 19:53:29.717929
4329,Angela,Richardson,1975-01-24,sha256_004328,user4328@example.com,555-347-7679,2016-12-18,A,PREMIER,277,2026-06-29 19:53:29.717929,2026-06-29 19:53:29.717929
4330,Rebecca,Stevens,1997-11-07,sha256_004329,user4329@example.com,555-586-9604,2024-01-16,A,DIGITAL,81,2026-06-29 19:53:29.717929,2026-06-29 19:53:29.717929
4331,Patrick,Graves,1991-12-14,sha256_004330,user4330@example.com,555-302-1244,2024-10-12,A,MASS,460,2026-06-29 19:53:29.717929,2026-06-29 19:53:29.717929
4332,William,Long,2003-10-16,sha256_004331,user4331@example.com,555-428-2509,2012-09-29,A,WEALTH,34,2026-06-29 19:53:29.717929,2026-06-29 19:53:29.717929
4333,Justin,Hines,1965-09-21,sha256_004332,user4332@example.com,555-315-8793,2016-01-06,A,WEALTH,213,2026-06-29 19:53:29.717929,2026-06-29 19:53:29.717929
4334,Scott,Reynolds,1958-07-23,sha256_004333,user4333@example.com,555-749-8215,2021-04-11,A,DIGITAL,439,2026-06-29 19:53:29.717929,2026-06-29 19:53:29.717929
4335,Cassandra,Lopez,2007-02-17,sha256_004334,user4334@example.com,555-817-1011,2021-09-15,A,MASS,244,2026-06-29 19:53:29.717929,2026-06-29 19:53:29.717929
4336,Alan,Holland,1956-07-19,sha256_004335,user4335@example.com,555-680-5208,2017-09-16,A,DIGITAL,166,2026-06-29 19:53:29.717929,2026-06-29 19:53:29.717929
4337,David,Jackson,1966-09-29,sha256_004336,user4336@example.com,555-872-9847,2018-04-04,A,MASS,490,2026-06-29 19:53:29.717929,2026-06-29 19:53:29.717929
4338,David,Phillips,1950-07-07,sha256_004337,user4337@example.com,555-828-2579,2024-08-25,I,WEALTH,253,2026-06-29 19:53:29.717929,2026-06-29 19:53:29.717929
4339,Robert,Taylor,1951-05-01,sha256_004338,user4338@example.com,555-966-4215,2014-09-20,A,DIGITAL,113,2026-06-29 19:53:29.717929,2026-06-29 19:53:29.717929
4340,Diamond,Dominguez,1997-01-06,sha256_004339,user4339@example.com,555-727-3126,2016-08-12,A,DIGITAL,116,2026-06-29 19:53:29.717929,2026-06-29 19:53:29.717929
4341,Erin,Horn,1959-05-08,sha256_004340,user4340@example.com,555-875-2346,2013-09-30,A,SMALL_BIZ,49,2026-06-29 19:53:29.717929,2026-06-29 19:53:29.717929
4342,Amanda,Vasquez,1984-02-13,sha256_004341,user4341@example.com,555-934-7616,2025-09-26,A,MASS,455,2026-06-29 19:53:29.717929,2026-06-29 19:53:29.717929
4343,Christine,Singh,2007-07-29,sha256_004342,user4342@example.com,555-829-2724,2025-09-01,I,DIGITAL,116,2026-06-29 19:53:29.717929,2026-06-29 19:53:29.717929
4344,John,Collins,2003-10-27,sha256_004343,user4343@example.com,555-456-4024,2013-09-09,I,SMALL_BIZ,338,2026-06-29 19:53:29.717929,2026-06-29 19:53:29.717929
4345,Carolyn,Fleming,1996-06-22,sha256_004344,user4344@example.com,555-508-6384,2012-10-02,A,SMALL_BIZ,499,2026-06-29 19:53:29.717929,2026-06-29 19:53:29.717929
4346,Matthew,Allen,1959-02-27,sha256_004345,user4345@example.com,555-673-9518,2014-06-28,A,STUDENT,296,2026-06-29 19:53:29.717929,2026-06-29 19:53:29.717929
4347,Veronica,Valentine,1950-06-20,sha256_004346,user4346@example.com,555-473-3157,2025-11-24,A,MASS,217,2026-06-29 19:53:29.717929,2026-06-29 19:53:29.717929
4348,Michael,Brown,2006-10-03,sha256_004347,user4347@example.com,555-583-3379,2014-04-11,A,STUDENT,378,2026-06-29 19:53:29.717929,2026-06-29 19:53:29.717929
4349,Jose,Harris,1977-02-09,sha256_004348,user4348@example.com,555-235-7308,2014-11-05,I,SMALL_BIZ,25,2026-06-29 19:53:29.717929,2026-06-29 19:53:29.717929
4350,John,Miller,1996-02-10,sha256_004349,user4349@example.com,555-402-3984,2023-07-23,A,PREMIER,74,2026-06-29 19:53:29.717929,2026-06-29 19:53:29.717929
4351,Allison,Sullivan,1997-05-25,sha256_004350,user4350@example.com,555-849-1558,2024-02-23,A,DIGITAL,83,2026-06-29 19:53:29.717929,2026-06-29 19:53:29.717929
4352,Mitchell,Owens,1966-07-16,sha256_004351,user4351@example.com,555-606-6284,2022-03-19,A,PREMIER,293,2026-06-29 19:53:29.717929,2026-06-29 19:53:29.717929
4353,Anne,Adams,1990-04-02,sha256_004352,user4352@example.com,555-692-8927,2025-02-27,A,MASS,97,2026-06-29 19:53:29.717929,2026-06-29 19:53:29.717929
4354,Brenda,Jacobson,1963-08-28,sha256_004353,user4353@example.com,555-843-7646,2018-04-04,C,WEALTH,110,2026-06-29 19:53:29.717929,2026-06-29 19:53:29.717929
4355,Kelsey,Valenzuela,1994-12-03,sha256_004354,user4354@example.com,555-664-5305,2015-06-29,A,STUDENT,226,2026-06-29 19:53:29.717929,2026-06-29 19:53:29.717929
4356,Michael,Allen,1984-01-31,sha256_004355,user4355@example.com,555-320-5576,2025-08-14,A,SMALL_BIZ,394,2026-06-29 19:53:29.717929,2026-06-29 19:53:29.717929
4357,Meredith,Long,1966-04-30,sha256_004356,user4356@example.com,555-726-6527,2018-07-14,A,MASS,457,2026-06-29 19:53:29.717929,2026-06-29 19:53:29.717929
4358,Wesley,Rivers,2003-11-18,sha256_004357,user4357@example.com,555-390-5182,2020-05-12,A,MASS,414,2026-06-29 19:53:29.717929,2026-06-29 19:53:29.717929
4359,Juan,Miller,1945-10-01,sha256_004358,user4358@example.com,555-699-9993,2014-08-08,A,WEALTH,340,2026-06-29 19:53:29.717929,2026-06-29 19:53:29.717929
4360,Amanda,Odonnell,1964-06-27,sha256_004359,user4359@example.com,555-298-6609,2017-01-03,A,STUDENT,135,2026-06-29 19:53:29.717929,2026-06-29 19:53:29.717929
4361,Sharon,Stark,1979-11-11,sha256_004360,user4360@example.com,555-264-6987,2025-04-17,A,WEALTH,329,2026-06-29 19:53:29.717929,2026-06-29 19:53:29.717929
4362,Matthew,Hodges,1962-01-06,sha256_004361,user4361@example.com,555-226-9901,2012-10-17,A,DIGITAL,49,2026-06-29 19:53:29.717929,2026-06-29 19:53:29.717929
4363,Shelby,Johnston,1981-06-02,sha256_004362,user4362@example.com,555-432-8494,2016-04-23,A,PREMIER,62,2026-06-29 19:53:29.717929,2026-06-29 19:53:29.717929
4364,Hunter,Castaneda,1968-02-04,sha256_004363,user4363@example.com,555-763-5844,2024-02-01,A,DIGITAL,448,2026-06-29 19:53:29.717929,2026-06-29 19:53:29.717929
4365,Tina,Taylor,1957-07-16,sha256_004364,user4364@example.com,555-555-6030,2018-04-02,A,WEALTH,224,2026-06-29 19:53:29.717929,2026-06-29 19:53:29.717929
4366,Vanessa,Baker,1966-02-21,sha256_004365,user4365@example.com,555-766-2359,2022-03-12,A,STUDENT,94,2026-06-29 19:53:29.717929,2026-06-29 19:53:29.717929
4367,Justin,Cuevas,1967-04-10,sha256_004366,user4366@example.com,555-607-9370,2025-05-30,A,DIGITAL,73,2026-06-29 19:53:29.717929,2026-06-29 19:53:29.717929
4368,Brandy,Wright,2005-05-20,sha256_004367,user4367@example.com,555-896-4634,2021-03-13,A,PREMIER,102,2026-06-29 19:53:29.717929,2026-06-29 19:53:29.717929
4369,Lisa,Turner,2001-08-09,sha256_004368,user4368@example.com,555-951-6798,2025-07-12,A,STUDENT,308,2026-06-29 19:53:29.717929,2026-06-29 19:53:29.717929
4370,Jennifer,Brown,1962-09-17,sha256_004369,user4369@example.com,555-998-3486,2016-02-06,A,STUDENT,441,2026-06-29 19:53:29.717929,2026-06-29 19:53:29.717929
4371,Kayla,Perez,1979-06-14,sha256_004370,user4370@example.com,555-743-9602,2014-10-09,A,PREMIER,410,2026-06-29 19:53:29.717929,2026-06-29 19:53:29.717929
4372,Andrew,Ferguson,2005-11-17,sha256_004371,user4371@example.com,555-745-6941,2021-08-23,A,STUDENT,118,2026-06-29 19:53:29.717929,2026-06-29 19:53:29.717929
4373,Shelby,Short,1987-06-21,sha256_004372,user4372@example.com,555-910-9697,2013-04-23,A,DIGITAL,192,2026-06-29 19:53:29.717929,2026-06-29 19:53:29.717929
4374,David,Richardson,2003-02-11,sha256_004373,user4373@example.com,555-362-2640,2013-08-11,A,SMALL_BIZ,85,2026-06-29 19:53:29.717929,2026-06-29 19:53:29.717929
4375,Sarah,Campbell,1978-04-10,sha256_004374,user4374@example.com,555-850-4707,2012-11-13,A,SMALL_BIZ,78,2026-06-29 19:53:29.717929,2026-06-29 19:53:29.717929
4376,Tara,Ramirez,1951-12-21,sha256_004375,user4375@example.com,555-753-7947,2016-11-25,A,DIGITAL,143,2026-06-29 19:53:29.717929,2026-06-29 19:53:29.717929
4377,Rebecca,Salinas,2001-07-16,sha256_004376,user4376@example.com,555-250-7567,2017-12-13,A,MASS,200,2026-06-29 19:53:29.717929,2026-06-29 19:53:29.717929
4378,Debra,Shelton,1958-11-23,sha256_004377,user4377@example.com,555-734-7901,2024-01-31,I,WEALTH,240,2026-06-29 19:53:29.717929,2026-06-29 19:53:29.717929
4379,Dawn,Martin,1944-09-30,sha256_004378,user4378@example.com,555-529-3230,2018-11-28,A,SMALL_BIZ,481,2026-06-29 19:53:29.717929,2026-06-29 19:53:29.717929
4380,Anthony,Rice,1984-11-29,sha256_004379,user4379@example.com,555-507-1005,2023-08-30,A,PREMIER,129,2026-06-29 19:53:29.717929,2026-06-29 19:53:29.717929
4381,Lori,Walker,1994-11-12,sha256_004380,user4380@example.com,555-925-6105,2024-07-19,A,DIGITAL,473,2026-06-29 19:53:29.717929,2026-06-29 19:53:29.717929
4382,Barbara,Ross,1971-04-15,sha256_004381,user4381@example.com,555-951-2094,2018-04-01,A,PREMIER,387,2026-06-29 19:53:29.717929,2026-06-29 19:53:29.717929
4383,Taylor,Rodriguez,1963-03-12,sha256_004382,user4382@example.com,555-620-3298,2014-04-20,A,DIGITAL,247,2026-06-29 19:53:29.717929,2026-06-29 19:53:29.717929
4384,Brandon,Hines,2002-07-12,sha256_004383,user4383@example.com,555-364-4972,2021-02-14,A,WEALTH,403,2026-06-29 19:53:29.717929,2026-06-29 19:53:29.717929
4385,Lisa,Randolph,1988-05-29,sha256_004384,user4384@example.com,555-363-7865,2023-08-27,I,WEALTH,303,2026-06-29 19:53:29.717929,2026-06-29 19:53:29.717929
4386,Michael,Banks,1945-09-14,sha256_004385,user4385@example.com,555-398-5072,2025-04-30,A,MASS,37,2026-06-29 19:53:29.717929,2026-06-29 19:53:29.717929
4387,Anthony,Hernandez,1985-08-05,sha256_004386,user4386@example.com,555-431-5525,2012-03-03,C,DIGITAL,458,2026-06-29 19:53:29.717929,2026-06-29 19:53:29.717929
4388,David,Parker,1998-11-12,sha256_004387,user4387@example.com,555-611-3022,2014-02-23,A,SMALL_BIZ,379,2026-06-29 19:53:29.717929,2026-06-29 19:53:29.717929
4389,Sierra,Wilson,1962-12-01,sha256_004388,user4388@example.com,555-799-3487,2021-05-17,A,DIGITAL,228,2026-06-29 19:53:29.717929,2026-06-29 19:53:29.717929
4390,Tammy,Schwartz,1943-04-07,sha256_004389,user4389@example.com,555-345-5513,2015-12-25,A,MASS,6,2026-06-29 19:53:29.717929,2026-06-29 19:53:29.717929
4391,Kathryn,Rice,1949-10-05,sha256_004390,user4390@example.com,555-852-2921,2025-03-11,A,STUDENT,160,2026-06-29 19:53:29.717929,2026-06-29 19:53:29.717929
4392,Victoria,Kerr,1983-07-15,sha256_004391,user4391@example.com,555-736-2681,2012-10-14,A,SMALL_BIZ,307,2026-06-29 19:53:29.717929,2026-06-29 19:53:29.717929
4393,Cindy,Bell,1954-10-15,sha256_004392,user4392@example.com,555-682-4804,2014-06-12,A,SMALL_BIZ,225,2026-06-29 19:53:29.717929,2026-06-29 19:53:29.717929
4394,Gregory,Le,1951-10-27,sha256_004393,user4393@example.com,555-505-3045,2023-01-23,A,STUDENT,381,2026-06-29 19:53:29.717929,2026-06-29 19:53:29.717929
4395,Jessica,Chase,1981-10-02,sha256_004394,user4394@example.com,555-824-8444,2014-04-10,I,DIGITAL,37,2026-06-29 19:53:29.717929,2026-06-29 19:53:29.717929
4396,Jennifer,Burch,1994-01-09,sha256_004395,user4395@example.com,555-972-6593,2016-08-15,I,MASS,487,2026-06-29 19:53:29.717929,2026-06-29 19:53:29.717929
4397,Donna,Lewis,1965-02-02,sha256_004396,user4396@example.com,555-241-7250,2024-10-25,A,MASS,58,2026-06-29 19:53:29.717929,2026-06-29 19:53:29.717929
4398,Danielle,Townsend,1957-03-18,sha256_004397,user4397@example.com,555-841-8643,2014-01-04,A,WEALTH,300,2026-06-29 19:53:29.717929,2026-06-29 19:53:29.717929
4399,James,Boyd,1971-02-25,sha256_004398,user4398@example.com,555-372-8983,2021-12-03,A,MASS,116,2026-06-29 19:53:29.717929,2026-06-29 19:53:29.717929
4400,Michael,Wells,1982-03-22,sha256_004399,user4399@example.com,555-735-2688,2011-07-06,A,PREMIER,375,2026-06-29 19:53:29.717929,2026-06-29 19:53:29.717929
4401,Marie,Casey,1987-12-15,sha256_004400,user4400@example.com,555-817-6940,2024-10-31,A,DIGITAL,446,2026-06-29 19:53:29.717929,2026-06-29 19:53:29.717929
4402,Ronald,Hunter,1956-08-07,sha256_004401,user4401@example.com,555-880-9102,2014-11-14,A,SMALL_BIZ,494,2026-06-29 19:53:29.717929,2026-06-29 19:53:29.717929
4403,Christopher,Williams,2006-08-12,sha256_004402,user4402@example.com,555-642-7908,2018-06-30,A,PREMIER,327,2026-06-29 19:53:29.717929,2026-06-29 19:53:29.717929
4404,Jacob,Lawson,2006-11-21,sha256_004403,user4403@example.com,555-307-5590,2012-03-03,A,SMALL_BIZ,376,2026-06-29 19:53:29.717929,2026-06-29 19:53:29.717929
4405,William,Moore,1994-04-12,sha256_004404,user4404@example.com,555-482-5123,2013-04-17,C,SMALL_BIZ,261,2026-06-29 19:53:29.717929,2026-06-29 19:53:29.717929
4406,Corey,Henry,1998-09-04,sha256_004405,user4405@example.com,555-536-7875,2017-03-05,A,SMALL_BIZ,429,2026-06-29 19:53:29.717929,2026-06-29 19:53:29.717929
4407,Deanna,Farley,1951-12-10,sha256_004406,user4406@example.com,555-457-6843,2012-12-23,I,PREMIER,7,2026-06-29 19:53:29.717929,2026-06-29 19:53:29.717929
4408,Sydney,Byrd,2007-03-08,sha256_004407,user4407@example.com,555-303-8955,2014-10-22,A,DIGITAL,300,2026-06-29 19:53:29.717929,2026-06-29 19:53:29.717929
4409,Christopher,Trevino,1983-11-04,sha256_004408,user4408@example.com,555-706-4627,2014-03-21,A,STUDENT,223,2026-06-29 19:53:29.717929,2026-06-29 19:53:29.717929
4410,Ryan,Zimmerman,1986-02-16,sha256_004409,user4409@example.com,555-881-5354,2024-01-19,A,PREMIER,400,2026-06-29 19:53:29.717929,2026-06-29 19:53:29.717929
4411,Kimberly,Mendoza,1959-01-20,sha256_004410,user4410@example.com,555-925-8993,2024-04-24,A,STUDENT,311,2026-06-29 19:53:29.717929,2026-06-29 19:53:29.717929
4412,David,Clark,1963-03-22,sha256_004411,user4411@example.com,555-779-7157,2022-09-26,A,STUDENT,266,2026-06-29 19:53:29.717929,2026-06-29 19:53:29.717929
4413,Hannah,Hernandez,2006-06-21,sha256_004412,user4412@example.com,555-883-7268,2014-09-21,A,PREMIER,309,2026-06-29 19:53:29.717929,2026-06-29 19:53:29.717929
4414,William,Walters,2005-04-17,sha256_004413,user4413@example.com,555-310-2615,2025-03-18,A,STUDENT,49,2026-06-29 19:53:29.717929,2026-06-29 19:53:29.717929
4415,Wendy,Reed,1992-01-13,sha256_004414,user4414@example.com,555-320-4909,2015-11-06,A,MASS,298,2026-06-29 19:53:29.717929,2026-06-29 19:53:29.717929
4416,Ashlee,Love,2007-11-05,sha256_004415,user4415@example.com,555-888-7911,2024-04-16,A,WEALTH,368,2026-06-29 19:53:29.717929,2026-06-29 19:53:29.717929
4417,Michelle,White,1986-01-17,sha256_004416,user4416@example.com,555-962-1653,2021-09-18,A,MASS,332,2026-06-29 19:53:29.717929,2026-06-29 19:53:29.717929
4418,Nicholas,Nicholson,2005-09-12,sha256_004417,user4417@example.com,555-650-8548,2017-07-13,A,STUDENT,443,2026-06-29 19:53:29.717929,2026-06-29 19:53:29.717929
4419,Jason,Douglas,1982-11-22,sha256_004418,user4418@example.com,555-735-1610,2026-04-22,A,WEALTH,417,2026-06-29 19:53:29.717929,2026-06-29 19:53:29.717929
4420,Penny,Tyler,2001-10-21,sha256_004419,user4419@example.com,555-843-8074,2015-02-07,A,SMALL_BIZ,465,2026-06-29 19:53:29.717929,2026-06-29 19:53:29.717929
4421,Carl,Holland,1973-07-27,sha256_004420,user4420@example.com,555-226-4539,2023-05-29,A,STUDENT,93,2026-06-29 19:53:29.717929,2026-06-29 19:53:29.717929
4422,Gabriela,Vasquez,1977-02-08,sha256_004421,user4421@example.com,555-224-6389,2015-07-17,C,PREMIER,150,2026-06-29 19:53:29.717929,2026-06-29 19:53:29.717929
4423,Todd,Stewart,1948-06-30,sha256_004422,user4422@example.com,555-622-1464,2015-01-06,A,SMALL_BIZ,234,2026-06-29 19:53:29.717929,2026-06-29 19:53:29.717929
4424,Kelsey,Delgado,1998-11-23,sha256_004423,user4423@example.com,555-459-6875,2025-08-29,A,SMALL_BIZ,177,2026-06-29 19:53:29.717929,2026-06-29 19:53:29.717929
4425,Donna,Robinson,1963-03-13,sha256_004424,user4424@example.com,555-560-5074,2011-09-10,A,MASS,229,2026-06-29 19:53:29.717929,2026-06-29 19:53:29.717929
4426,Brian,Mueller,1967-04-24,sha256_004425,user4425@example.com,555-248-6316,2017-06-23,A,WEALTH,358,2026-06-29 19:53:29.717929,2026-06-29 19:53:29.717929
4427,Maria,Wells,1985-12-23,sha256_004426,user4426@example.com,555-850-5311,2014-11-29,A,DIGITAL,108,2026-06-29 19:53:29.717929,2026-06-29 19:53:29.717929
4428,Jessica,Gibbs,1965-12-21,sha256_004427,user4427@example.com,555-771-9966,2012-06-07,A,SMALL_BIZ,165,2026-06-29 19:53:29.717929,2026-06-29 19:53:29.717929
4429,Ashley,Lloyd,1944-07-05,sha256_004428,user4428@example.com,555-958-7575,2016-03-29,A,MASS,400,2026-06-29 19:53:29.717929,2026-06-29 19:53:29.717929
4430,Micheal,Patterson,2004-04-03,sha256_004429,user4429@example.com,555-376-9189,2021-05-01,A,PREMIER,171,2026-06-29 19:53:29.717929,2026-06-29 19:53:29.717929
4431,Ashlee,Hull,1989-10-03,sha256_004430,user4430@example.com,555-560-9818,2012-07-25,A,SMALL_BIZ,413,2026-06-29 19:53:29.717929,2026-06-29 19:53:29.717929
4432,Andre,Mahoney,1964-06-02,sha256_004431,user4431@example.com,555-433-6186,2017-11-17,A,MASS,52,2026-06-29 19:53:29.717929,2026-06-29 19:53:29.717929
4433,Brittany,Lewis,1947-08-11,sha256_004432,user4432@example.com,555-939-2481,2022-03-31,A,SMALL_BIZ,208,2026-06-29 19:53:29.717929,2026-06-29 19:53:29.717929
4434,Michael,Lopez,1963-01-01,sha256_004433,user4433@example.com,555-520-9146,2019-08-27,I,SMALL_BIZ,96,2026-06-29 19:53:29.717929,2026-06-29 19:53:29.717929
4435,Derrick,King,1973-06-17,sha256_004434,user4434@example.com,555-974-7270,2011-07-01,A,DIGITAL,136,2026-06-29 19:53:29.717929,2026-06-29 19:53:29.717929
4436,Alexis,Dean,1970-08-11,sha256_004435,user4435@example.com,555-924-8953,2013-11-07,A,MASS,173,2026-06-29 19:53:29.717929,2026-06-29 19:53:29.717929
4437,Jessica,Davis,1985-03-05,sha256_004436,user4436@example.com,555-648-6922,2012-12-03,A,DIGITAL,492,2026-06-29 19:53:29.717929,2026-06-29 19:53:29.717929
4438,Ashley,Walton,1962-02-03,sha256_004437,user4437@example.com,555-372-6288,2025-07-11,A,PREMIER,58,2026-06-29 19:53:29.717929,2026-06-29 19:53:29.717929
4439,Richard,Patel,1970-04-20,sha256_004438,user4438@example.com,555-394-6087,2025-08-12,C,STUDENT,359,2026-06-29 19:53:29.717929,2026-06-29 19:53:29.717929
4440,Ashley,Mills,1984-11-09,sha256_004439,user4439@example.com,555-857-5853,2017-07-19,A,STUDENT,276,2026-06-29 19:53:29.717929,2026-06-29 19:53:29.717929
4441,Tracy,Webb,1955-12-09,sha256_004440,user4440@example.com,555-382-7520,2013-12-13,I,STUDENT,357,2026-06-29 19:53:29.717929,2026-06-29 19:53:29.717929
4442,Kaylee,Anderson,1946-11-05,sha256_004441,user4441@example.com,555-277-4254,2020-06-20,I,PREMIER,47,2026-06-29 19:53:29.717929,2026-06-29 19:53:29.717929
4443,Anthony,Haley,1985-03-05,sha256_004442,user4442@example.com,555-928-7629,2021-07-23,A,MASS,75,2026-06-29 19:53:29.717929,2026-06-29 19:53:29.717929
4444,Amanda,Alvarez,1988-02-01,sha256_004443,user4443@example.com,555-933-6573,2025-11-13,A,STUDENT,182,2026-06-29 19:53:29.717929,2026-06-29 19:53:29.717929
4445,Mary,Boyle,1977-12-26,sha256_004444,user4444@example.com,555-606-3179,2016-09-30,A,WEALTH,54,2026-06-29 19:53:29.717929,2026-06-29 19:53:29.717929
4446,Rachel,Wolfe,2004-07-07,sha256_004445,user4445@example.com,555-953-5815,2021-09-16,C,STUDENT,292,2026-06-29 19:53:29.717929,2026-06-29 19:53:29.717929
4447,Christopher,Carrillo,1962-03-06,sha256_004446,user4446@example.com,555-284-6305,2013-03-18,A,DIGITAL,227,2026-06-29 19:53:29.717929,2026-06-29 19:53:29.717929
4448,Stephanie,Powers,1963-07-10,sha256_004447,user4447@example.com,555-241-5028,2014-04-20,A,STUDENT,80,2026-06-29 19:53:29.717929,2026-06-29 19:53:29.717929
4449,Hunter,Martinez,1994-02-16,sha256_004448,user4448@example.com,555-883-5485,2020-12-28,A,PREMIER,254,2026-06-29 19:53:29.717929,2026-06-29 19:53:29.717929
4450,Chad,Wilkinson,1944-07-20,sha256_004449,user4449@example.com,555-429-4587,2013-04-18,A,DIGITAL,449,2026-06-29 19:53:29.717929,2026-06-29 19:53:29.717929
4451,Nicholas,Kaiser,1993-05-22,sha256_004450,user4450@example.com,555-431-8214,2018-09-29,A,SMALL_BIZ,416,2026-06-29 19:53:29.717929,2026-06-29 19:53:29.717929
4452,Sandra,Castillo,1979-03-20,sha256_004451,user4451@example.com,555-421-3381,2018-04-18,A,PREMIER,152,2026-06-29 19:53:29.717929,2026-06-29 19:53:29.717929
4453,Robert,Hoffman,1989-02-15,sha256_004452,user4452@example.com,555-449-1340,2011-07-05,I,STUDENT,248,2026-06-29 19:53:29.717929,2026-06-29 19:53:29.717929
4454,Elizabeth,Graham,1967-12-31,sha256_004453,user4453@example.com,555-649-7791,2016-02-07,A,STUDENT,283,2026-06-29 19:53:29.717929,2026-06-29 19:53:29.717929
4455,Brittany,Mclean,1968-05-08,sha256_004454,user4454@example.com,555-781-4149,2020-01-11,I,WEALTH,96,2026-06-29 19:53:29.717929,2026-06-29 19:53:29.717929
4456,Lisa,Cruz,2000-10-09,sha256_004455,user4455@example.com,555-731-7547,2012-10-26,A,SMALL_BIZ,295,2026-06-29 19:53:29.717929,2026-06-29 19:53:29.717929
4457,Arthur,Hodge,1964-10-11,sha256_004456,user4456@example.com,555-596-5284,2021-10-17,A,SMALL_BIZ,408,2026-06-29 19:53:29.717929,2026-06-29 19:53:29.717929
4458,Michael,Hale,1943-09-15,sha256_004457,user4457@example.com,555-572-5318,2017-07-23,A,WEALTH,190,2026-06-29 19:53:29.717929,2026-06-29 19:53:29.717929
4459,Jocelyn,Proctor,1972-12-30,sha256_004458,user4458@example.com,555-573-4845,2012-01-20,A,MASS,277,2026-06-29 19:53:29.717929,2026-06-29 19:53:29.717929
4460,Sydney,Alexander,1979-05-08,sha256_004459,user4459@example.com,555-565-2262,2020-09-08,A,SMALL_BIZ,69,2026-06-29 19:53:29.717929,2026-06-29 19:53:29.717929
4461,Debra,Taylor,1948-11-08,sha256_004460,user4460@example.com,555-529-5045,2020-12-18,A,STUDENT,297,2026-06-29 19:53:29.717929,2026-06-29 19:53:29.717929
4462,Jamie,Neal,1988-02-13,sha256_004461,user4461@example.com,555-331-2583,2014-10-24,A,STUDENT,363,2026-06-29 19:53:29.717929,2026-06-29 19:53:29.717929
4463,Harry,Bailey,1981-04-05,sha256_004462,user4462@example.com,555-687-9771,2022-03-20,C,MASS,54,2026-06-29 19:53:29.717929,2026-06-29 19:53:29.717929
4464,Robert,Clark,1952-04-24,sha256_004463,user4463@example.com,555-818-4732,2013-11-22,A,SMALL_BIZ,179,2026-06-29 19:53:29.717929,2026-06-29 19:53:29.717929
4465,Melissa,Mendez,1961-07-28,sha256_004464,user4464@example.com,555-934-4669,2026-03-22,A,WEALTH,138,2026-06-29 19:53:29.717929,2026-06-29 19:53:29.717929
4466,Anita,Hudson,2002-11-15,sha256_004465,user4465@example.com,555-788-1871,2020-10-01,A,WEALTH,317,2026-06-29 19:53:29.717929,2026-06-29 19:53:29.717929
4467,Sandra,Gutierrez,1963-12-18,sha256_004466,user4466@example.com,555-648-9145,2017-05-12,A,STUDENT,224,2026-06-29 19:53:29.717929,2026-06-29 19:53:29.717929
4468,Mark,Green,1970-08-11,sha256_004467,user4467@example.com,555-266-3807,2015-12-11,A,PREMIER,287,2026-06-29 19:53:29.717929,2026-06-29 19:53:29.717929
4469,Julie,Parker,2001-11-12,sha256_004468,user4468@example.com,555-659-1942,2025-04-07,I,MASS,245,2026-06-29 19:53:29.717929,2026-06-29 19:53:29.717929
4470,Peggy,Salazar,1958-09-26,sha256_004469,user4469@example.com,555-923-3422,2012-07-30,I,PREMIER,350,2026-06-29 19:53:29.717929,2026-06-29 19:53:29.717929
4471,Brianna,Mullins,1967-12-28,sha256_004470,user4470@example.com,555-562-2071,2025-05-02,I,SMALL_BIZ,142,2026-06-29 19:53:29.717929,2026-06-29 19:53:29.717929
4472,Mia,Hill,1957-09-26,sha256_004471,user4471@example.com,555-783-5128,2022-01-07,C,SMALL_BIZ,15,2026-06-29 19:53:29.717929,2026-06-29 19:53:29.717929
4473,Nicole,Wiley,1971-09-13,sha256_004472,user4472@example.com,555-930-9041,2014-11-13,A,WEALTH,361,2026-06-29 19:53:29.717929,2026-06-29 19:53:29.717929
4474,Erica,Sandoval,1959-03-02,sha256_004473,user4473@example.com,555-982-3184,2019-05-03,A,WEALTH,111,2026-06-29 19:53:29.717929,2026-06-29 19:53:29.717929
4475,Brandon,Murphy,1979-02-06,sha256_004474,user4474@example.com,555-877-8407,2013-09-02,A,MASS,276,2026-06-29 19:53:29.717929,2026-06-29 19:53:29.717929
4476,Thomas,Mcconnell,1969-08-21,sha256_004475,user4475@example.com,555-913-5991,2020-07-10,A,MASS,120,2026-06-29 19:53:29.717929,2026-06-29 19:53:29.717929
4477,Amanda,Townsend,2007-09-16,sha256_004476,user4476@example.com,555-783-9322,2021-06-21,A,WEALTH,74,2026-06-29 19:53:29.717929,2026-06-29 19:53:29.717929
4478,Joseph,Wright,1976-06-28,sha256_004477,user4477@example.com,555-984-9841,2024-04-16,A,SMALL_BIZ,301,2026-06-29 19:53:29.717929,2026-06-29 19:53:29.717929
4479,Patricia,Duncan,1948-06-07,sha256_004478,user4478@example.com,555-522-1111,2011-08-11,A,STUDENT,28,2026-06-29 19:53:29.717929,2026-06-29 19:53:29.717929
4480,Darius,Mendoza,1950-02-20,sha256_004479,user4479@example.com,555-929-6871,2021-10-20,A,STUDENT,62,2026-06-29 19:53:29.717929,2026-06-29 19:53:29.717929
4481,Rachel,Stone,1944-05-24,sha256_004480,user4480@example.com,555-993-2163,2016-05-13,A,STUDENT,33,2026-06-29 19:53:29.717929,2026-06-29 19:53:29.717929
4482,Kristen,Wood,1954-05-27,sha256_004481,user4481@example.com,555-742-7778,2020-11-22,A,SMALL_BIZ,83,2026-06-29 19:53:29.717929,2026-06-29 19:53:29.717929
4483,Michele,Martinez,1973-02-26,sha256_004482,user4482@example.com,555-950-4188,2020-03-23,A,DIGITAL,308,2026-06-29 19:53:29.717929,2026-06-29 19:53:29.717929
4484,Joshua,Reynolds,1957-11-13,sha256_004483,user4483@example.com,555-992-3938,2012-02-17,A,DIGITAL,16,2026-06-29 19:53:29.717929,2026-06-29 19:53:29.717929
4485,Eddie,Carr,1961-11-19,sha256_004484,user4484@example.com,555-864-9109,2025-05-07,A,SMALL_BIZ,62,2026-06-29 19:53:29.717929,2026-06-29 19:53:29.717929
4486,Donald,Mclaughlin,1979-06-14,sha256_004485,user4485@example.com,555-539-2459,2023-10-08,A,PREMIER,485,2026-06-29 19:53:29.717929,2026-06-29 19:53:29.717929
4487,Danny,Gross,1965-04-30,sha256_004486,user4486@example.com,555-613-7347,2013-07-11,A,WEALTH,196,2026-06-29 19:53:29.717929,2026-06-29 19:53:29.717929
4488,Michelle,Rice,1972-05-29,sha256_004487,user4487@example.com,555-913-8772,2024-04-18,A,DIGITAL,434,2026-06-29 19:53:29.717929,2026-06-29 19:53:29.717929
4489,Brandi,Burton,1981-05-07,sha256_004488,user4488@example.com,555-551-3998,2014-05-01,A,PREMIER,160,2026-06-29 19:53:29.717929,2026-06-29 19:53:29.717929
4490,Angela,Jordan,1997-09-28,sha256_004489,user4489@example.com,555-563-3906,2025-11-13,A,SMALL_BIZ,221,2026-06-29 19:53:29.717929,2026-06-29 19:53:29.717929
4491,Chelsea,Blackburn,1995-07-03,sha256_004490,user4490@example.com,555-458-9186,2025-04-03,A,PREMIER,95,2026-06-29 19:53:29.717929,2026-06-29 19:53:29.717929
4492,Kenneth,Green,1958-12-26,sha256_004491,user4491@example.com,555-466-7576,2016-11-13,A,DIGITAL,117,2026-06-29 19:53:29.717929,2026-06-29 19:53:29.717929
4493,Christopher,Walker,1963-06-02,sha256_004492,user4492@example.com,555-559-2336,2017-04-11,A,MASS,232,2026-06-29 19:53:29.717929,2026-06-29 19:53:29.717929
4494,Nicole,Phillips,1977-10-22,sha256_004493,user4493@example.com,555-969-2540,2017-01-09,A,STUDENT,132,2026-06-29 19:53:29.717929,2026-06-29 19:53:29.717929
4495,Eric,Lambert,1953-10-16,sha256_004494,user4494@example.com,555-220-1997,2023-11-09,A,STUDENT,31,2026-06-29 19:53:29.717929,2026-06-29 19:53:29.717929
4496,James,Ellis,1950-08-02,sha256_004495,user4495@example.com,555-899-7113,2024-04-16,A,PREMIER,87,2026-06-29 19:53:29.717929,2026-06-29 19:53:29.717929
4497,Diana,Smith,1953-10-04,sha256_004496,user4496@example.com,555-201-9669,2017-07-22,A,PREMIER,3,2026-06-29 19:53:29.717929,2026-06-29 19:53:29.717929
4498,Bethany,Gordon,1957-01-13,sha256_004497,user4497@example.com,555-534-7303,2018-03-20,A,MASS,15,2026-06-29 19:53:29.717929,2026-06-29 19:53:29.717929
4499,Randy,Underwood,1987-12-06,sha256_004498,user4498@example.com,555-781-7141,2023-06-10,A,PREMIER,490,2026-06-29 19:53:29.717929,2026-06-29 19:53:29.717929
4500,Lacey,Hinton,1997-03-07,sha256_004499,user4499@example.com,555-376-4088,2011-12-24,A,SMALL_BIZ,318,2026-06-29 19:53:29.717929,2026-06-29 19:53:29.717929
4501,Penny,Carroll,1985-02-11,sha256_004500,user4500@example.com,555-710-3978,2022-02-03,A,STUDENT,112,2026-06-29 19:53:29.717929,2026-06-29 19:53:29.717929
4502,Susan,Hernandez,1960-04-16,sha256_004501,user4501@example.com,555-553-2588,2022-09-23,A,SMALL_BIZ,468,2026-06-29 19:53:29.717929,2026-06-29 19:53:29.717929
4503,Elaine,Freeman,1995-05-29,sha256_004502,user4502@example.com,555-358-7130,2012-10-29,A,STUDENT,91,2026-06-29 19:53:29.717929,2026-06-29 19:53:29.717929
4504,Joseph,Chaney,2001-01-26,sha256_004503,user4503@example.com,555-651-3908,2012-06-13,A,STUDENT,77,2026-06-29 19:53:29.717929,2026-06-29 19:53:29.717929
4505,Brian,Perez,1961-09-24,sha256_004504,user4504@example.com,555-655-1497,2024-01-17,A,STUDENT,20,2026-06-29 19:53:29.717929,2026-06-29 19:53:29.717929
4506,Stacey,Martin,1994-09-07,sha256_004505,user4505@example.com,555-750-2970,2023-12-11,A,MASS,479,2026-06-29 19:53:29.717929,2026-06-29 19:53:29.717929
4507,Juan,Myers,1996-02-06,sha256_004506,user4506@example.com,555-498-2765,2020-08-01,A,MASS,350,2026-06-29 19:53:29.717929,2026-06-29 19:53:29.717929
4508,Jessica,Molina,1953-08-18,sha256_004507,user4507@example.com,555-384-9494,2022-09-14,A,DIGITAL,461,2026-06-29 19:53:29.717929,2026-06-29 19:53:29.717929
4509,Dennis,Mcknight,1992-04-30,sha256_004508,user4508@example.com,555-302-9153,2014-06-17,A,DIGITAL,309,2026-06-29 19:53:29.717929,2026-06-29 19:53:29.717929
4510,Derek,Taylor,1983-04-10,sha256_004509,user4509@example.com,555-358-6527,2014-12-23,I,WEALTH,476,2026-06-29 19:53:29.717929,2026-06-29 19:53:29.717929
4511,Jason,Rich,1968-05-17,sha256_004510,user4510@example.com,555-874-9978,2026-04-13,A,WEALTH,402,2026-06-29 19:53:29.717929,2026-06-29 19:53:29.717929
4512,Jon,Mcdonald,1956-11-18,sha256_004511,user4511@example.com,555-658-2906,2014-10-06,A,SMALL_BIZ,284,2026-06-29 19:53:29.717929,2026-06-29 19:53:29.717929
4513,Ellen,Patterson,1946-01-11,sha256_004512,user4512@example.com,555-267-6543,2021-10-26,A,DIGITAL,188,2026-06-29 19:53:29.717929,2026-06-29 19:53:29.717929
4514,Alex,Chase,1972-01-23,sha256_004513,user4513@example.com,555-344-4923,2025-05-28,A,WEALTH,97,2026-06-29 19:53:29.717929,2026-06-29 19:53:29.717929
4515,Chelsea,Potter,1951-01-02,sha256_004514,user4514@example.com,555-613-1681,2018-08-17,A,MASS,31,2026-06-29 19:53:29.717929,2026-06-29 19:53:29.717929
4516,Brian,Ramirez,1962-08-10,sha256_004515,user4515@example.com,555-691-2618,2024-11-23,A,STUDENT,47,2026-06-29 19:53:29.717929,2026-06-29 19:53:29.717929
4517,Shelly,Thompson,1966-04-18,sha256_004516,user4516@example.com,555-879-6251,2012-04-29,A,STUDENT,289,2026-06-29 19:53:29.717929,2026-06-29 19:53:29.717929
4518,Kayla,Cabrera,1956-12-15,sha256_004517,user4517@example.com,555-788-9715,2020-03-02,I,STUDENT,202,2026-06-29 19:53:29.717929,2026-06-29 19:53:29.717929
4519,Joseph,Hardin,1952-12-03,sha256_004518,user4518@example.com,555-975-9951,2011-12-04,A,SMALL_BIZ,103,2026-06-29 19:53:29.717929,2026-06-29 19:53:29.717929
4520,Amber,Ellis,1994-07-31,sha256_004519,user4519@example.com,555-489-6248,2012-03-09,A,DIGITAL,230,2026-06-29 19:53:29.717929,2026-06-29 19:53:29.717929
4521,Lisa,Robles,2004-11-27,sha256_004520,user4520@example.com,555-981-4244,2023-06-02,I,MASS,484,2026-06-29 19:53:29.717929,2026-06-29 19:53:29.717929
4522,Shawn,Martin,2002-12-12,sha256_004521,user4521@example.com,555-841-7984,2011-09-26,A,WEALTH,223,2026-06-29 19:53:29.717929,2026-06-29 19:53:29.717929
4523,Kelly,Ibarra,1952-06-09,sha256_004522,user4522@example.com,555-586-2349,2023-05-20,I,WEALTH,13,2026-06-29 19:53:29.717929,2026-06-29 19:53:29.717929
4524,Jennifer,Hendricks,1945-05-30,sha256_004523,user4523@example.com,555-703-2709,2023-08-22,A,MASS,288,2026-06-29 19:53:29.717929,2026-06-29 19:53:29.717929
4525,Steven,Parsons,1958-11-03,sha256_004524,user4524@example.com,555-695-7370,2024-08-31,A,MASS,255,2026-06-29 19:53:29.717929,2026-06-29 19:53:29.717929
4526,Dawn,Vazquez,1948-04-19,sha256_004525,user4525@example.com,555-989-5705,2025-03-05,A,SMALL_BIZ,358,2026-06-29 19:53:29.717929,2026-06-29 19:53:29.717929
4527,Daniel,Buchanan,1963-01-03,sha256_004526,user4526@example.com,555-256-9643,2015-05-18,A,PREMIER,97,2026-06-29 19:53:29.717929,2026-06-29 19:53:29.717929
4528,Sara,Williams,1981-09-27,sha256_004527,user4527@example.com,555-291-6031,2024-05-09,I,STUDENT,383,2026-06-29 19:53:29.717929,2026-06-29 19:53:29.717929
4529,Amanda,Knapp,1965-08-05,sha256_004528,user4528@example.com,555-784-9893,2019-07-28,A,DIGITAL,329,2026-06-29 19:53:29.717929,2026-06-29 19:53:29.717929
4530,Cristina,Morgan,1951-10-25,sha256_004529,user4529@example.com,555-521-1785,2021-08-07,A,STUDENT,15,2026-06-29 19:53:29.717929,2026-06-29 19:53:29.717929
4531,Eric,George,1999-12-05,sha256_004530,user4530@example.com,555-248-5963,2012-06-12,A,WEALTH,97,2026-06-29 19:53:29.717929,2026-06-29 19:53:29.717929
4532,Hailey,Cruz,1995-04-09,sha256_004531,user4531@example.com,555-560-9810,2020-03-20,A,PREMIER,422,2026-06-29 19:53:29.717929,2026-06-29 19:53:29.717929
4533,Jonathan,Hunter,1992-04-17,sha256_004532,user4532@example.com,555-900-8107,2015-09-11,A,SMALL_BIZ,261,2026-06-29 19:53:29.717929,2026-06-29 19:53:29.717929
4534,Todd,Burton,1991-01-14,sha256_004533,user4533@example.com,555-736-3921,2025-08-15,A,STUDENT,190,2026-06-29 19:53:29.717929,2026-06-29 19:53:29.717929
4535,Charles,Lopez,1971-09-25,sha256_004534,user4534@example.com,555-897-1732,2022-12-20,A,DIGITAL,51,2026-06-29 19:53:29.717929,2026-06-29 19:53:29.717929
4536,Brandon,Schmidt,1950-03-15,sha256_004535,user4535@example.com,555-668-4042,2012-10-09,A,DIGITAL,365,2026-06-29 19:53:29.717929,2026-06-29 19:53:29.717929
4537,Heidi,Haas,2006-03-19,sha256_004536,user4536@example.com,555-527-2195,2012-02-12,A,SMALL_BIZ,105,2026-06-29 19:53:29.717929,2026-06-29 19:53:29.717929
4538,Julia,Williams,1978-07-12,sha256_004537,user4537@example.com,555-707-4387,2023-07-15,A,STUDENT,328,2026-06-29 19:53:29.717929,2026-06-29 19:53:29.717929
4539,Charles,Wyatt,2002-11-19,sha256_004538,user4538@example.com,555-827-1255,2026-01-19,A,PREMIER,473,2026-06-29 19:53:29.717929,2026-06-29 19:53:29.717929
4540,Heather,Yates,1999-04-23,sha256_004539,user4539@example.com,555-590-4375,2018-09-21,A,SMALL_BIZ,60,2026-06-29 19:53:29.717929,2026-06-29 19:53:29.717929
4541,Michael,Matthews,2003-12-21,sha256_004540,user4540@example.com,555-497-1077,2020-05-31,A,DIGITAL,338,2026-06-29 19:53:29.717929,2026-06-29 19:53:29.717929
4542,Michael,George,1982-12-28,sha256_004541,user4541@example.com,555-538-3900,2015-04-01,A,WEALTH,424,2026-06-29 19:53:29.717929,2026-06-29 19:53:29.717929
4543,Daniel,Garcia,1990-10-01,sha256_004542,user4542@example.com,555-433-7091,2024-11-16,A,WEALTH,23,2026-06-29 19:53:29.717929,2026-06-29 19:53:29.717929
4544,Sierra,Goodman,1953-04-01,sha256_004543,user4543@example.com,555-359-3321,2024-12-30,A,STUDENT,127,2026-06-29 19:53:29.717929,2026-06-29 19:53:29.717929
4545,Hunter,Smith,1958-03-24,sha256_004544,user4544@example.com,555-836-5230,2019-10-23,A,WEALTH,349,2026-06-29 19:53:29.717929,2026-06-29 19:53:29.717929
4546,Daniel,Thompson,1998-12-02,sha256_004545,user4545@example.com,555-784-6074,2013-09-21,A,DIGITAL,482,2026-06-29 19:53:29.717929,2026-06-29 19:53:29.717929
4547,Jorge,Koch,1986-12-28,sha256_004546,user4546@example.com,555-869-5466,2021-09-17,A,WEALTH,354,2026-06-29 19:53:29.717929,2026-06-29 19:53:29.717929
4548,Regina,Singh,1967-02-13,sha256_004547,user4547@example.com,555-210-7813,2025-10-13,A,WEALTH,194,2026-06-29 19:53:29.717929,2026-06-29 19:53:29.717929
4549,James,Cherry,1941-08-04,sha256_004548,user4548@example.com,555-484-4104,2019-07-17,A,WEALTH,130,2026-06-29 19:53:29.717929,2026-06-29 19:53:29.717929
4550,Rebecca,Smith,1961-03-20,sha256_004549,user4549@example.com,555-814-1170,2018-02-04,A,SMALL_BIZ,355,2026-06-29 19:53:29.717929,2026-06-29 19:53:29.717929
4551,William,Carpenter,1975-02-20,sha256_004550,user4550@example.com,555-604-1684,2019-03-24,I,SMALL_BIZ,393,2026-06-29 19:53:29.717929,2026-06-29 19:53:29.717929
4552,Andrew,Martin,1963-08-22,sha256_004551,user4551@example.com,555-659-3111,2015-07-14,A,SMALL_BIZ,354,2026-06-29 19:53:29.717929,2026-06-29 19:53:29.717929
4553,Nicholas,Romero,1999-02-14,sha256_004552,user4552@example.com,555-428-2155,2020-08-24,A,SMALL_BIZ,59,2026-06-29 19:53:29.717929,2026-06-29 19:53:29.717929
4554,Nancy,Lopez,1964-11-24,sha256_004553,user4553@example.com,555-318-3603,2020-08-15,I,WEALTH,35,2026-06-29 19:53:29.717929,2026-06-29 19:53:29.717929
4555,Claire,Mckee,1987-03-06,sha256_004554,user4554@example.com,555-387-9797,2018-11-26,A,MASS,86,2026-06-29 19:53:29.717929,2026-06-29 19:53:29.717929
4556,Jason,Meza,1968-02-09,sha256_004555,user4555@example.com,555-957-5202,2020-12-16,A,SMALL_BIZ,367,2026-06-29 19:53:29.717929,2026-06-29 19:53:29.717929
4557,Jesse,Lopez,1981-07-16,sha256_004556,user4556@example.com,555-911-7524,2016-03-18,A,MASS,275,2026-06-29 19:53:29.717929,2026-06-29 19:53:29.717929
4558,Laura,Moore,2003-03-20,sha256_004557,user4557@example.com,555-493-5664,2018-07-25,A,STUDENT,134,2026-06-29 19:53:29.717929,2026-06-29 19:53:29.717929
4559,Robert,Blackwell,1965-07-10,sha256_004558,user4558@example.com,555-311-2956,2013-10-13,I,WEALTH,422,2026-06-29 19:53:29.717929,2026-06-29 19:53:29.717929
4560,Lisa,Anderson,1964-11-22,sha256_004559,user4559@example.com,555-406-2417,2012-09-27,C,STUDENT,434,2026-06-29 19:53:29.717929,2026-06-29 19:53:29.717929
4561,Sara,Hernandez,1985-04-25,sha256_004560,user4560@example.com,555-709-4289,2020-01-13,A,DIGITAL,266,2026-06-29 19:53:29.717929,2026-06-29 19:53:29.717929
4562,Sandra,Friedman,1960-08-22,sha256_004561,user4561@example.com,555-236-8683,2012-07-21,A,WEALTH,56,2026-06-29 19:53:29.717929,2026-06-29 19:53:29.717929
4563,Edward,Stewart,1992-12-26,sha256_004562,user4562@example.com,555-314-4746,2014-09-30,I,PREMIER,427,2026-06-29 19:53:29.717929,2026-06-29 19:53:29.717929
4564,Richard,Graham,1992-03-28,sha256_004563,user4563@example.com,555-597-4022,2021-12-13,A,PREMIER,391,2026-06-29 19:53:29.717929,2026-06-29 19:53:29.717929
4565,Eric,Ortiz,1972-07-12,sha256_004564,user4564@example.com,555-910-2104,2022-03-27,A,DIGITAL,224,2026-06-29 19:53:29.717929,2026-06-29 19:53:29.717929
4566,Elizabeth,Finley,1996-11-16,sha256_004565,user4565@example.com,555-830-7076,2022-04-10,I,WEALTH,379,2026-06-29 19:53:29.717929,2026-06-29 19:53:29.717929
4567,Matthew,Green,1944-05-10,sha256_004566,user4566@example.com,555-346-8242,2017-02-11,A,STUDENT,394,2026-06-29 19:53:29.717929,2026-06-29 19:53:29.717929
4568,Andrea,Davis,1975-12-15,sha256_004567,user4567@example.com,555-242-9251,2021-02-17,A,DIGITAL,394,2026-06-29 19:53:29.717929,2026-06-29 19:53:29.717929
4569,Diana,Wolf,1955-03-18,sha256_004568,user4568@example.com,555-415-6208,2013-01-31,A,PREMIER,292,2026-06-29 19:53:29.717929,2026-06-29 19:53:29.717929
4570,Amanda,Rosales,1944-03-14,sha256_004569,user4569@example.com,555-214-3502,2015-07-23,I,MASS,441,2026-06-29 19:53:29.717929,2026-06-29 19:53:29.717929
4571,Lori,Miller,1988-09-06,sha256_004570,user4570@example.com,555-456-3875,2013-10-31,A,MASS,237,2026-06-29 19:53:29.717929,2026-06-29 19:53:29.717929
4572,Maria,Casey,1998-06-22,sha256_004571,user4571@example.com,555-405-1924,2012-11-24,A,WEALTH,195,2026-06-29 19:53:29.717929,2026-06-29 19:53:29.717929
4573,Elizabeth,Stephenson,1966-06-03,sha256_004572,user4572@example.com,555-356-5780,2015-11-28,A,STUDENT,33,2026-06-29 19:53:29.717929,2026-06-29 19:53:29.717929
4574,Molly,Stephens,1989-02-21,sha256_004573,user4573@example.com,555-430-4014,2019-07-10,A,SMALL_BIZ,100,2026-06-29 19:53:29.717929,2026-06-29 19:53:29.717929
4575,Kenneth,Smith,1977-05-22,sha256_004574,user4574@example.com,555-543-8190,2026-04-13,A,PREMIER,447,2026-06-29 19:53:29.717929,2026-06-29 19:53:29.717929
4576,Mark,Hawkins,1992-08-25,sha256_004575,user4575@example.com,555-651-2136,2013-02-15,A,DIGITAL,309,2026-06-29 19:53:29.717929,2026-06-29 19:53:29.717929
4577,Kevin,Anderson,1945-05-30,sha256_004576,user4576@example.com,555-741-5715,2016-02-08,A,STUDENT,83,2026-06-29 19:53:29.717929,2026-06-29 19:53:29.717929
4578,Laura,Thompson,1997-07-22,sha256_004577,user4577@example.com,555-346-9964,2011-07-04,A,MASS,30,2026-06-29 19:53:29.717929,2026-06-29 19:53:29.717929
4579,Tyler,Little,2003-09-02,sha256_004578,user4578@example.com,555-314-2067,2025-02-23,C,WEALTH,266,2026-06-29 19:53:29.717929,2026-06-29 19:53:29.717929
4580,Abigail,Parsons,1973-09-05,sha256_004579,user4579@example.com,555-747-1286,2023-11-26,A,STUDENT,369,2026-06-29 19:53:29.717929,2026-06-29 19:53:29.717929
4581,Juan,Berg,2005-10-17,sha256_004580,user4580@example.com,555-373-6270,2021-01-02,I,MASS,20,2026-06-29 19:53:29.717929,2026-06-29 19:53:29.717929
4582,David,Graham,1991-09-02,sha256_004581,user4581@example.com,555-346-2700,2023-01-20,A,SMALL_BIZ,120,2026-06-29 19:53:29.717929,2026-06-29 19:53:29.717929
4583,Henry,Bishop,1950-02-26,sha256_004582,user4582@example.com,555-206-7245,2015-11-28,A,PREMIER,289,2026-06-29 19:53:29.717929,2026-06-29 19:53:29.717929
4584,Duane,Jones,1989-05-21,sha256_004583,user4583@example.com,555-259-7349,2017-12-30,A,STUDENT,62,2026-06-29 19:53:29.717929,2026-06-29 19:53:29.717929
4585,Caleb,Mitchell,1953-10-02,sha256_004584,user4584@example.com,555-429-1576,2016-01-19,A,STUDENT,280,2026-06-29 19:53:29.717929,2026-06-29 19:53:29.717929
4586,Laura,Rodriguez,1982-06-23,sha256_004585,user4585@example.com,555-275-1324,2019-06-05,C,SMALL_BIZ,422,2026-06-29 19:53:29.717929,2026-06-29 19:53:29.717929
4587,Sally,Carroll,1990-08-01,sha256_004586,user4586@example.com,555-687-7325,2025-06-24,A,MASS,352,2026-06-29 19:53:29.717929,2026-06-29 19:53:29.717929
4588,Christopher,Huffman,1999-03-27,sha256_004587,user4587@example.com,555-830-7336,2024-05-28,A,WEALTH,467,2026-06-29 19:53:29.717929,2026-06-29 19:53:29.717929
4589,Richard,Lynch,1971-05-29,sha256_004588,user4588@example.com,555-966-4893,2023-10-21,A,SMALL_BIZ,252,2026-06-29 19:53:29.717929,2026-06-29 19:53:29.717929
4590,Hannah,Davis,2006-12-07,sha256_004589,user4589@example.com,555-827-5096,2015-08-20,A,MASS,326,2026-06-29 19:53:29.717929,2026-06-29 19:53:29.717929
4591,Daniel,Dunn,1952-04-08,sha256_004590,user4590@example.com,555-665-8850,2021-11-28,A,DIGITAL,233,2026-06-29 19:53:29.717929,2026-06-29 19:53:29.717929
4592,Robert,Smith,1945-04-24,sha256_004591,user4591@example.com,555-749-6900,2024-07-18,A,DIGITAL,74,2026-06-29 19:53:29.717929,2026-06-29 19:53:29.717929
4593,Aaron,Smith,1987-08-07,sha256_004592,user4592@example.com,555-493-3856,2013-12-30,A,WEALTH,132,2026-06-29 19:53:29.717929,2026-06-29 19:53:29.717929
4594,Amber,Lee,2004-03-20,sha256_004593,user4593@example.com,555-364-7030,2022-08-25,A,SMALL_BIZ,11,2026-06-29 19:53:29.717929,2026-06-29 19:53:29.717929
4595,Adam,Welch,1968-01-10,sha256_004594,user4594@example.com,555-642-5912,2024-07-06,A,DIGITAL,22,2026-06-29 19:53:29.717929,2026-06-29 19:53:29.717929
4596,John,Moreno,1963-05-18,sha256_004595,user4595@example.com,555-670-7723,2014-03-02,A,SMALL_BIZ,451,2026-06-29 19:53:29.717929,2026-06-29 19:53:29.717929
4597,Savannah,Tran,1957-03-26,sha256_004596,user4596@example.com,555-754-4718,2022-01-29,A,WEALTH,65,2026-06-29 19:53:29.717929,2026-06-29 19:53:29.717929
4598,Lisa,Jackson,1952-05-02,sha256_004597,user4597@example.com,555-841-6782,2017-09-22,A,DIGITAL,483,2026-06-29 19:53:29.717929,2026-06-29 19:53:29.717929
4599,Bryan,Hayes,1993-08-22,sha256_004598,user4598@example.com,555-615-7899,2022-12-09,A,WEALTH,236,2026-06-29 19:53:29.717929,2026-06-29 19:53:29.717929
4600,Lynn,Avila,1977-04-08,sha256_004599,user4599@example.com,555-951-8410,2017-12-09,A,WEALTH,488,2026-06-29 19:53:29.717929,2026-06-29 19:53:29.717929
4601,Gregory,Peters,2004-01-15,sha256_004600,user4600@example.com,555-597-8594,2024-04-15,A,MASS,173,2026-06-29 19:53:29.717929,2026-06-29 19:53:29.717929
4602,Walter,Orozco,2001-02-01,sha256_004601,user4601@example.com,555-533-7535,2024-08-25,A,DIGITAL,371,2026-06-29 19:53:29.717929,2026-06-29 19:53:29.717929
4603,James,Olsen,1986-08-05,sha256_004602,user4602@example.com,555-742-4373,2024-08-29,I,DIGITAL,112,2026-06-29 19:53:29.717929,2026-06-29 19:53:29.717929
4604,William,Reid,1968-10-17,sha256_004603,user4603@example.com,555-929-4128,2022-08-20,A,STUDENT,100,2026-06-29 19:53:29.717929,2026-06-29 19:53:29.717929
4605,Robin,Brady,2000-09-01,sha256_004604,user4604@example.com,555-946-6954,2025-11-11,A,WEALTH,281,2026-06-29 19:53:29.717929,2026-06-29 19:53:29.717929
4606,Spencer,Wright,1992-12-10,sha256_004605,user4605@example.com,555-982-7688,2014-02-17,I,MASS,330,2026-06-29 19:53:29.717929,2026-06-29 19:53:29.717929
4607,Daniel,Dudley,1978-06-26,sha256_004606,user4606@example.com,555-514-4498,2025-11-21,I,WEALTH,73,2026-06-29 19:53:29.717929,2026-06-29 19:53:29.717929
4608,Kylie,Harris,1954-03-19,sha256_004607,user4607@example.com,555-681-2780,2021-05-24,A,STUDENT,334,2026-06-29 19:53:29.717929,2026-06-29 19:53:29.717929
4609,Cory,Fernandez,1956-08-09,sha256_004608,user4608@example.com,555-663-5920,2020-07-28,C,STUDENT,212,2026-06-29 19:53:29.717929,2026-06-29 19:53:29.717929
4610,Michael,Lopez,1975-07-14,sha256_004609,user4609@example.com,555-252-4267,2025-12-21,A,DIGITAL,173,2026-06-29 19:53:29.717929,2026-06-29 19:53:29.717929
4611,Bryan,Woods,1990-11-18,sha256_004610,user4610@example.com,555-764-3567,2022-05-10,A,SMALL_BIZ,197,2026-06-29 19:53:29.717929,2026-06-29 19:53:29.717929
4612,Shelley,Smith,1988-12-10,sha256_004611,user4611@example.com,555-729-8074,2022-11-22,A,DIGITAL,483,2026-06-29 19:53:29.717929,2026-06-29 19:53:29.717929
4613,Paul,Curtis,2005-04-26,sha256_004612,user4612@example.com,555-653-1390,2018-09-07,A,SMALL_BIZ,106,2026-06-29 19:53:29.717929,2026-06-29 19:53:29.717929
4614,Mitchell,Perkins,1969-10-18,sha256_004613,user4613@example.com,555-595-3823,2020-11-16,A,MASS,382,2026-06-29 19:53:29.717929,2026-06-29 19:53:29.717929
4615,Amanda,Garcia,1941-11-29,sha256_004614,user4614@example.com,555-896-3553,2024-11-24,A,SMALL_BIZ,206,2026-06-29 19:53:29.717929,2026-06-29 19:53:29.717929
4616,Kayla,Howell,1985-04-27,sha256_004615,user4615@example.com,555-788-4240,2015-06-19,A,DIGITAL,211,2026-06-29 19:53:29.717929,2026-06-29 19:53:29.717929
4617,Robert,Murray,1972-10-14,sha256_004616,user4616@example.com,555-524-8677,2018-02-14,A,DIGITAL,445,2026-06-29 19:53:29.717929,2026-06-29 19:53:29.717929
4618,Tara,Barnes,1975-03-16,sha256_004617,user4617@example.com,555-956-3139,2013-02-21,I,WEALTH,162,2026-06-29 19:53:29.717929,2026-06-29 19:53:29.717929
4619,Amber,Evans,1998-08-28,sha256_004618,user4618@example.com,555-825-9693,2021-02-01,A,SMALL_BIZ,322,2026-06-29 19:53:29.717929,2026-06-29 19:53:29.717929
4620,Emma,Ewing,1985-10-04,sha256_004619,user4619@example.com,555-236-2590,2014-02-23,I,PREMIER,44,2026-06-29 19:53:29.717929,2026-06-29 19:53:29.717929
4621,Peter,Richardson,1996-07-22,sha256_004620,user4620@example.com,555-221-1142,2013-09-27,I,PREMIER,170,2026-06-29 19:53:29.717929,2026-06-29 19:53:29.717929
4622,Patrick,Jackson,2005-05-13,sha256_004621,user4621@example.com,555-292-6133,2017-06-12,A,MASS,104,2026-06-29 19:53:29.717929,2026-06-29 19:53:29.717929
4623,Clinton,Morris,1999-10-09,sha256_004622,user4622@example.com,555-961-3467,2020-01-24,A,DIGITAL,158,2026-06-29 19:53:29.717929,2026-06-29 19:53:29.717929
4624,Brittany,Vance,1955-03-03,sha256_004623,user4623@example.com,555-267-6946,2020-09-09,A,STUDENT,466,2026-06-29 19:53:29.717929,2026-06-29 19:53:29.717929
4625,Carrie,Lambert,1952-05-18,sha256_004624,user4624@example.com,555-523-8317,2016-05-10,I,WEALTH,174,2026-06-29 19:53:29.717929,2026-06-29 19:53:29.717929
4626,Sean,Evans,1983-08-02,sha256_004625,user4625@example.com,555-920-3870,2011-08-17,A,MASS,156,2026-06-29 19:53:29.717929,2026-06-29 19:53:29.717929
4627,Andrew,Adams,1950-08-21,sha256_004626,user4626@example.com,555-303-3618,2024-05-06,A,DIGITAL,84,2026-06-29 19:53:29.717929,2026-06-29 19:53:29.717929
4628,Robert,Garza,1973-04-30,sha256_004627,user4627@example.com,555-625-2940,2022-11-25,A,STUDENT,467,2026-06-29 19:53:29.717929,2026-06-29 19:53:29.717929
4629,Samuel,Montgomery,2008-04-15,sha256_004628,user4628@example.com,555-833-7712,2012-06-05,A,DIGITAL,288,2026-06-29 19:53:29.717929,2026-06-29 19:53:29.717929
4630,Angela,Larson,1973-12-12,sha256_004629,user4629@example.com,555-765-8693,2019-11-18,A,SMALL_BIZ,144,2026-06-29 19:53:29.717929,2026-06-29 19:53:29.717929
4631,Jonathan,Bell,1962-01-22,sha256_004630,user4630@example.com,555-906-5086,2021-08-18,A,PREMIER,340,2026-06-29 19:53:29.717929,2026-06-29 19:53:29.717929
4632,Richard,Jones,1982-11-19,sha256_004631,user4631@example.com,555-350-8289,2020-01-04,A,PREMIER,387,2026-06-29 19:53:29.717929,2026-06-29 19:53:29.717929
4633,Laurie,Boone,1975-08-07,sha256_004632,user4632@example.com,555-240-3221,2023-06-20,A,WEALTH,243,2026-06-29 19:53:29.717929,2026-06-29 19:53:29.717929
4634,Keith,Ellis,1949-01-12,sha256_004633,user4633@example.com,555-588-8813,2018-05-20,I,DIGITAL,393,2026-06-29 19:53:29.717929,2026-06-29 19:53:29.717929
4635,Raymond,Perkins,2004-09-19,sha256_004634,user4634@example.com,555-220-6937,2016-08-11,A,WEALTH,300,2026-06-29 19:53:29.717929,2026-06-29 19:53:29.717929
4636,Oscar,Frank,1995-08-28,sha256_004635,user4635@example.com,555-785-3979,2013-01-31,C,WEALTH,458,2026-06-29 19:53:29.717929,2026-06-29 19:53:29.717929
4637,Leslie,Sparks,1977-04-01,sha256_004636,user4636@example.com,555-220-9057,2015-06-13,A,SMALL_BIZ,291,2026-06-29 19:53:29.717929,2026-06-29 19:53:29.717929
4638,Linda,Liu,1952-08-28,sha256_004637,user4637@example.com,555-552-6566,2021-01-14,A,PREMIER,454,2026-06-29 19:53:29.717929,2026-06-29 19:53:29.717929
4639,Mary,Downs,1963-05-18,sha256_004638,user4638@example.com,555-578-2128,2014-01-15,A,DIGITAL,70,2026-06-29 19:53:29.717929,2026-06-29 19:53:29.717929
4640,Stephen,Sanders,1952-06-24,sha256_004639,user4639@example.com,555-839-5916,2013-07-28,A,SMALL_BIZ,202,2026-06-29 19:53:29.717929,2026-06-29 19:53:29.717929
4641,Bruce,Larsen,1960-11-29,sha256_004640,user4640@example.com,555-353-2818,2020-06-20,I,SMALL_BIZ,101,2026-06-29 19:53:29.717929,2026-06-29 19:53:29.717929
4642,Johnny,Meyer,1953-06-29,sha256_004641,user4641@example.com,555-849-6254,2019-06-20,A,MASS,365,2026-06-29 19:53:29.717929,2026-06-29 19:53:29.717929
4643,Natalie,Berry,1993-02-02,sha256_004642,user4642@example.com,555-285-6811,2011-07-01,I,STUDENT,410,2026-06-29 19:53:29.717929,2026-06-29 19:53:29.717929
4644,Blake,Olson,1954-03-21,sha256_004643,user4643@example.com,555-706-1261,2021-06-03,A,STUDENT,457,2026-06-29 19:53:29.717929,2026-06-29 19:53:29.717929
4645,Joel,Larson,1986-03-01,sha256_004644,user4644@example.com,555-804-7844,2019-07-24,A,DIGITAL,187,2026-06-29 19:53:29.717929,2026-06-29 19:53:29.717929
4646,Julia,Rodriguez,1973-03-25,sha256_004645,user4645@example.com,555-458-4146,2023-12-04,A,STUDENT,144,2026-06-29 19:53:29.717929,2026-06-29 19:53:29.717929
4647,Joel,Hernandez,1964-10-12,sha256_004646,user4646@example.com,555-732-1384,2026-03-05,A,WEALTH,164,2026-06-29 19:53:29.717929,2026-06-29 19:53:29.717929
4648,Rose,Williams,2005-10-26,sha256_004647,user4647@example.com,555-370-1852,2023-04-02,A,SMALL_BIZ,123,2026-06-29 19:53:29.717929,2026-06-29 19:53:29.717929
4649,Jennifer,Wolf,1955-10-02,sha256_004648,user4648@example.com,555-917-6023,2021-08-18,I,MASS,230,2026-06-29 19:53:29.717929,2026-06-29 19:53:29.717929
4650,Molly,Carlson,1968-07-06,sha256_004649,user4649@example.com,555-643-6529,2020-04-28,A,PREMIER,140,2026-06-29 19:53:29.717929,2026-06-29 19:53:29.717929
4651,Tammy,Howard,1984-09-16,sha256_004650,user4650@example.com,555-967-8505,2011-10-01,A,SMALL_BIZ,42,2026-06-29 19:53:29.717929,2026-06-29 19:53:29.717929
4652,Katrina,Lee,1961-02-08,sha256_004651,user4651@example.com,555-540-1514,2019-10-25,A,DIGITAL,447,2026-06-29 19:53:29.717929,2026-06-29 19:53:29.717929
4653,Megan,Mooney,1970-11-09,sha256_004652,user4652@example.com,555-839-1174,2019-07-26,A,SMALL_BIZ,294,2026-06-29 19:53:29.717929,2026-06-29 19:53:29.717929
4654,Wayne,Castillo,1970-06-08,sha256_004653,user4653@example.com,555-219-5959,2019-12-27,I,WEALTH,103,2026-06-29 19:53:29.717929,2026-06-29 19:53:29.717929
4655,David,Kennedy,1989-10-18,sha256_004654,user4654@example.com,555-681-7226,2011-10-13,A,WEALTH,19,2026-06-29 19:53:29.717929,2026-06-29 19:53:29.717929
4656,Austin,Rodriguez,1969-04-04,sha256_004655,user4655@example.com,555-911-5428,2021-01-29,A,SMALL_BIZ,193,2026-06-29 19:53:29.717929,2026-06-29 19:53:29.717929
4657,Pamela,Martinez,1991-10-01,sha256_004656,user4656@example.com,555-543-7009,2017-11-14,I,STUDENT,438,2026-06-29 19:53:29.717929,2026-06-29 19:53:29.717929
4658,Kevin,Novak,1956-12-17,sha256_004657,user4657@example.com,555-634-7671,2025-03-14,A,SMALL_BIZ,176,2026-06-29 19:53:29.717929,2026-06-29 19:53:29.717929
4659,Bradley,Webb,1950-04-21,sha256_004658,user4658@example.com,555-335-6672,2020-05-15,A,SMALL_BIZ,134,2026-06-29 19:53:29.717929,2026-06-29 19:53:29.717929
4660,Angelica,Hickman,1986-01-23,sha256_004659,user4659@example.com,555-765-4160,2025-09-25,A,WEALTH,145,2026-06-29 19:53:29.717929,2026-06-29 19:53:29.717929
4661,Kevin,Johnson,1996-04-30,sha256_004660,user4660@example.com,555-473-2364,2017-01-27,A,WEALTH,471,2026-06-29 19:53:29.717929,2026-06-29 19:53:29.717929
4662,Darryl,Kent,1950-12-28,sha256_004661,user4661@example.com,555-887-2389,2023-02-05,A,SMALL_BIZ,468,2026-06-29 19:53:29.717929,2026-06-29 19:53:29.717929
4663,Tim,Stewart,1982-06-12,sha256_004662,user4662@example.com,555-526-9336,2017-12-30,A,PREMIER,12,2026-06-29 19:53:29.717929,2026-06-29 19:53:29.717929
4664,Sheila,White,1969-12-30,sha256_004663,user4663@example.com,555-331-2753,2014-02-24,I,DIGITAL,39,2026-06-29 19:53:29.717929,2026-06-29 19:53:29.717929
4665,Jason,Reid,1982-04-17,sha256_004664,user4664@example.com,555-381-7117,2016-06-09,I,PREMIER,79,2026-06-29 19:53:29.717929,2026-06-29 19:53:29.717929
4666,Anthony,Porter,1985-09-14,sha256_004665,user4665@example.com,555-785-4882,2018-01-18,A,PREMIER,443,2026-06-29 19:53:29.717929,2026-06-29 19:53:29.717929
4667,Amber,Cohen,1973-09-04,sha256_004666,user4666@example.com,555-277-1158,2017-04-16,A,SMALL_BIZ,7,2026-06-29 19:53:29.717929,2026-06-29 19:53:29.717929
4668,Carolyn,Nguyen,1963-04-24,sha256_004667,user4667@example.com,555-954-6589,2020-05-26,I,STUDENT,37,2026-06-29 19:53:29.717929,2026-06-29 19:53:29.717929
4669,Jesse,Perez,1947-12-13,sha256_004668,user4668@example.com,555-359-8549,2023-10-14,A,SMALL_BIZ,448,2026-06-29 19:53:29.717929,2026-06-29 19:53:29.717929
4670,Tara,Roberts,1941-11-25,sha256_004669,user4669@example.com,555-538-2733,2023-11-18,A,STUDENT,63,2026-06-29 19:53:29.717929,2026-06-29 19:53:29.717929
4671,Gabriel,Poole,1990-04-23,sha256_004670,user4670@example.com,555-257-3272,2014-09-29,A,DIGITAL,471,2026-06-29 19:53:29.717929,2026-06-29 19:53:29.717929
4672,Joyce,Foster,2001-10-02,sha256_004671,user4671@example.com,555-963-2329,2012-05-01,I,DIGITAL,47,2026-06-29 19:53:29.717929,2026-06-29 19:53:29.717929
4673,Sarah,Jones,1985-08-09,sha256_004672,user4672@example.com,555-935-2500,2025-08-11,A,PREMIER,222,2026-06-29 19:53:29.717929,2026-06-29 19:53:29.717929
4674,Sandra,Bowman,1989-07-15,sha256_004673,user4673@example.com,555-902-4818,2018-07-15,A,DIGITAL,26,2026-06-29 19:53:29.717929,2026-06-29 19:53:29.717929
4675,Eric,Barton,1983-12-03,sha256_004674,user4674@example.com,555-934-2301,2018-05-27,A,WEALTH,165,2026-06-29 19:53:29.717929,2026-06-29 19:53:29.717929
4676,John,Reed,1977-05-29,sha256_004675,user4675@example.com,555-840-9672,2019-08-18,I,DIGITAL,244,2026-06-29 19:53:29.717929,2026-06-29 19:53:29.717929
4677,Angela,Jackson,1962-12-30,sha256_004676,user4676@example.com,555-402-9115,2021-07-24,A,STUDENT,362,2026-06-29 19:53:29.717929,2026-06-29 19:53:29.717929
4678,Erin,Reed,1980-08-25,sha256_004677,user4677@example.com,555-390-8687,2016-01-17,C,MASS,375,2026-06-29 19:53:29.717929,2026-06-29 19:53:29.717929
4679,Richard,Madden,1989-03-31,sha256_004678,user4678@example.com,555-892-2003,2016-02-26,A,WEALTH,95,2026-06-29 19:53:29.717929,2026-06-29 19:53:29.717929
4680,Christopher,Jones,1963-06-12,sha256_004679,user4679@example.com,555-719-1103,2016-12-25,A,PREMIER,91,2026-06-29 19:53:29.717929,2026-06-29 19:53:29.717929
4681,Melissa,Williams,1964-01-01,sha256_004680,user4680@example.com,555-402-5313,2012-04-08,A,DIGITAL,450,2026-06-29 19:53:29.717929,2026-06-29 19:53:29.717929
4682,Shane,Parker,1962-02-28,sha256_004681,user4681@example.com,555-755-4102,2012-11-15,A,SMALL_BIZ,64,2026-06-29 19:53:29.717929,2026-06-29 19:53:29.717929
4683,Danielle,Kelly,1973-02-01,sha256_004682,user4682@example.com,555-919-2241,2022-11-24,I,DIGITAL,96,2026-06-29 19:53:29.717929,2026-06-29 19:53:29.717929
4684,Allison,Paul,1950-12-12,sha256_004683,user4683@example.com,555-529-4730,2018-01-11,A,DIGITAL,203,2026-06-29 19:53:29.717929,2026-06-29 19:53:29.717929
4685,Kristine,Murray,1990-07-20,sha256_004684,user4684@example.com,555-850-5861,2013-03-01,A,STUDENT,212,2026-06-29 19:53:29.717929,2026-06-29 19:53:29.717929
4686,Linda,Duncan,1965-05-15,sha256_004685,user4685@example.com,555-718-5676,2015-12-21,A,DIGITAL,219,2026-06-29 19:53:29.717929,2026-06-29 19:53:29.717929
4687,Rachel,Harris,1954-11-08,sha256_004686,user4686@example.com,555-456-6648,2015-10-22,A,SMALL_BIZ,124,2026-06-29 19:53:29.717929,2026-06-29 19:53:29.717929
4688,Amanda,Walker,1963-10-29,sha256_004687,user4687@example.com,555-743-1114,2018-10-10,A,SMALL_BIZ,456,2026-06-29 19:53:29.717929,2026-06-29 19:53:29.717929
4689,Christopher,Cobb,1949-11-08,sha256_004688,user4688@example.com,555-899-5123,2014-09-27,A,MASS,387,2026-06-29 19:53:29.717929,2026-06-29 19:53:29.717929
4690,Dawn,Sellers,1987-08-12,sha256_004689,user4689@example.com,555-365-2059,2015-01-24,C,PREMIER,33,2026-06-29 19:53:29.717929,2026-06-29 19:53:29.717929
4691,Benjamin,Wells,2007-03-06,sha256_004690,user4690@example.com,555-705-6639,2017-11-11,A,SMALL_BIZ,31,2026-06-29 19:53:29.717929,2026-06-29 19:53:29.717929
4692,Robin,Jones,1977-05-01,sha256_004691,user4691@example.com,555-834-8046,2014-02-07,A,PREMIER,346,2026-06-29 19:53:29.717929,2026-06-29 19:53:29.717929
4693,Thomas,Smith,1994-09-18,sha256_004692,user4692@example.com,555-982-8306,2018-08-26,A,PREMIER,382,2026-06-29 19:53:29.717929,2026-06-29 19:53:29.717929
4694,Leslie,Brown,1996-11-29,sha256_004693,user4693@example.com,555-890-2445,2017-12-23,A,MASS,302,2026-06-29 19:53:29.717929,2026-06-29 19:53:29.717929
4695,Kevin,Murphy,1953-08-27,sha256_004694,user4694@example.com,555-989-6922,2018-02-17,A,SMALL_BIZ,349,2026-06-29 19:53:29.717929,2026-06-29 19:53:29.717929
4696,Jessica,Webb,1985-10-08,sha256_004695,user4695@example.com,555-820-2079,2025-04-24,I,STUDENT,135,2026-06-29 19:53:29.717929,2026-06-29 19:53:29.717929
4697,Craig,Cunningham,1995-06-24,sha256_004696,user4696@example.com,555-944-6227,2019-02-16,A,WEALTH,184,2026-06-29 19:53:29.717929,2026-06-29 19:53:29.717929
4698,Timothy,Carter,1948-09-07,sha256_004697,user4697@example.com,555-960-8871,2017-10-30,A,MASS,256,2026-06-29 19:53:29.717929,2026-06-29 19:53:29.717929
4699,Jill,Ramos,1999-09-27,sha256_004698,user4698@example.com,555-507-9013,2018-11-24,A,MASS,280,2026-06-29 19:53:29.717929,2026-06-29 19:53:29.717929
4700,Lisa,Chapman,1966-11-17,sha256_004699,user4699@example.com,555-962-4117,2013-11-30,C,DIGITAL,301,2026-06-29 19:53:29.717929,2026-06-29 19:53:29.717929
4701,Jason,Foster,1945-11-13,sha256_004700,user4700@example.com,555-374-1699,2016-02-14,A,SMALL_BIZ,181,2026-06-29 19:53:29.717929,2026-06-29 19:53:29.717929
4702,Pamela,Soto,1980-11-11,sha256_004701,user4701@example.com,555-619-8617,2020-01-29,A,WEALTH,167,2026-06-29 19:53:29.717929,2026-06-29 19:53:29.717929
4703,Matthew,Lynch,1970-04-20,sha256_004702,user4702@example.com,555-612-8596,2025-12-26,A,WEALTH,232,2026-06-29 19:53:29.717929,2026-06-29 19:53:29.717929
4704,Hannah,Rodriguez,1980-01-09,sha256_004703,user4703@example.com,555-356-3327,2023-04-13,A,SMALL_BIZ,385,2026-06-29 19:53:29.717929,2026-06-29 19:53:29.717929
4705,Timothy,Ray,1977-02-25,sha256_004704,user4704@example.com,555-594-7874,2019-10-04,A,PREMIER,448,2026-06-29 19:53:29.717929,2026-06-29 19:53:29.717929
4706,Sarah,Fletcher,1977-02-01,sha256_004705,user4705@example.com,555-342-6189,2014-12-24,A,WEALTH,446,2026-06-29 19:53:29.717929,2026-06-29 19:53:29.717929
4707,Amber,Ortiz,1952-06-17,sha256_004706,user4706@example.com,555-847-3447,2021-12-30,A,WEALTH,188,2026-06-29 19:53:29.717929,2026-06-29 19:53:29.717929
4708,George,Phillips,1976-06-20,sha256_004707,user4707@example.com,555-214-8116,2024-12-26,A,SMALL_BIZ,464,2026-06-29 19:53:29.717929,2026-06-29 19:53:29.717929
4709,Kimberly,Evans,1960-01-17,sha256_004708,user4708@example.com,555-376-3474,2025-06-25,I,STUDENT,485,2026-06-29 19:53:29.717929,2026-06-29 19:53:29.717929
4710,Elizabeth,Ramsey,1991-10-24,sha256_004709,user4709@example.com,555-388-4555,2024-12-06,A,PREMIER,9,2026-06-29 19:53:29.717929,2026-06-29 19:53:29.717929
4711,Ann,Mcdowell,1980-07-16,sha256_004710,user4710@example.com,555-600-8737,2018-01-09,A,DIGITAL,139,2026-06-29 19:53:29.717929,2026-06-29 19:53:29.717929
4712,Mark,Mckinney,1996-09-09,sha256_004711,user4711@example.com,555-545-4240,2024-10-06,A,PREMIER,255,2026-06-29 19:53:29.717929,2026-06-29 19:53:29.717929
4713,Sonia,Harmon,1964-11-03,sha256_004712,user4712@example.com,555-601-3593,2019-03-31,A,MASS,425,2026-06-29 19:53:29.717929,2026-06-29 19:53:29.717929
4714,Douglas,Alexander,1997-12-10,sha256_004713,user4713@example.com,555-762-5549,2012-04-03,A,DIGITAL,98,2026-06-29 19:53:29.717929,2026-06-29 19:53:29.717929
4715,Chelsea,Prince,1980-08-09,sha256_004714,user4714@example.com,555-698-9177,2022-05-25,A,WEALTH,223,2026-06-29 19:53:29.717929,2026-06-29 19:53:29.717929
4716,Lori,Evans,1998-02-25,sha256_004715,user4715@example.com,555-363-8984,2024-01-01,A,SMALL_BIZ,31,2026-06-29 19:53:29.717929,2026-06-29 19:53:29.717929
4717,Rebecca,Hayes,1977-09-13,sha256_004716,user4716@example.com,555-561-2736,2021-01-10,A,PREMIER,488,2026-06-29 19:53:29.717929,2026-06-29 19:53:29.717929
4718,Mark,Carpenter,1946-12-25,sha256_004717,user4717@example.com,555-531-8810,2011-09-15,C,STUDENT,149,2026-06-29 19:53:29.717929,2026-06-29 19:53:29.717929
4719,Sara,Cochran,1961-07-16,sha256_004718,user4718@example.com,555-344-4852,2025-11-22,A,STUDENT,483,2026-06-29 19:53:29.717929,2026-06-29 19:53:29.717929
4720,Jamie,Crawford,1994-05-31,sha256_004719,user4719@example.com,555-706-4545,2023-05-07,I,WEALTH,252,2026-06-29 19:53:29.717929,2026-06-29 19:53:29.717929
4721,Peter,Mills,2000-01-14,sha256_004720,user4720@example.com,555-213-6046,2019-04-18,A,SMALL_BIZ,82,2026-06-29 19:53:29.717929,2026-06-29 19:53:29.717929
4722,Danielle,Clark,1947-01-20,sha256_004721,user4721@example.com,555-546-6089,2022-04-28,A,SMALL_BIZ,317,2026-06-29 19:53:29.717929,2026-06-29 19:53:29.717929
4723,Melinda,Wilson,1975-03-06,sha256_004722,user4722@example.com,555-639-2996,2022-09-16,A,STUDENT,67,2026-06-29 19:53:29.717929,2026-06-29 19:53:29.717929
4724,Valerie,Vasquez,1946-12-24,sha256_004723,user4723@example.com,555-742-5618,2015-02-27,A,MASS,372,2026-06-29 19:53:29.717929,2026-06-29 19:53:29.717929
4725,Sabrina,Ray,1977-08-03,sha256_004724,user4724@example.com,555-582-3099,2015-08-06,A,MASS,290,2026-06-29 19:53:29.717929,2026-06-29 19:53:29.717929
4726,Laura,Douglas,2000-12-14,sha256_004725,user4725@example.com,555-684-2034,2011-10-30,A,PREMIER,229,2026-06-29 19:53:29.717929,2026-06-29 19:53:29.717929
4727,Ashley,Singleton,1999-07-18,sha256_004726,user4726@example.com,555-578-7832,2024-01-29,I,DIGITAL,108,2026-06-29 19:53:29.717929,2026-06-29 19:53:29.717929
4728,Barbara,Wood,1997-04-29,sha256_004727,user4727@example.com,555-534-4824,2018-02-18,I,MASS,325,2026-06-29 19:53:29.717929,2026-06-29 19:53:29.717929
4729,Sandy,Richards,1951-05-24,sha256_004728,user4728@example.com,555-687-5596,2024-05-05,A,STUDENT,175,2026-06-29 19:53:29.717929,2026-06-29 19:53:29.717929
4730,Christopher,Calderon,1956-04-19,sha256_004729,user4729@example.com,555-791-6424,2023-04-07,A,SMALL_BIZ,100,2026-06-29 19:53:29.717929,2026-06-29 19:53:29.717929
4731,Karen,Webster,1962-06-20,sha256_004730,user4730@example.com,555-330-6272,2019-01-07,A,SMALL_BIZ,294,2026-06-29 19:53:29.717929,2026-06-29 19:53:29.717929
4732,Kayla,Caldwell,1972-08-16,sha256_004731,user4731@example.com,555-434-4883,2022-08-31,A,DIGITAL,251,2026-06-29 19:53:29.717929,2026-06-29 19:53:29.717929
4733,Andrew,Garner,1954-07-26,sha256_004732,user4732@example.com,555-776-8696,2021-07-14,A,PREMIER,161,2026-06-29 19:53:29.717929,2026-06-29 19:53:29.717929
4734,Breanna,Smith,1949-08-28,sha256_004733,user4733@example.com,555-723-2566,2015-02-01,I,WEALTH,385,2026-06-29 19:53:29.717929,2026-06-29 19:53:29.717929
4735,Melissa,Rollins,2005-09-17,sha256_004734,user4734@example.com,555-351-6269,2019-06-09,A,PREMIER,271,2026-06-29 19:53:29.717929,2026-06-29 19:53:29.717929
4736,Leslie,Martinez,1962-01-31,sha256_004735,user4735@example.com,555-702-8580,2021-02-17,A,STUDENT,462,2026-06-29 19:53:29.717929,2026-06-29 19:53:29.717929
4737,Brian,Schmidt,1989-12-18,sha256_004736,user4736@example.com,555-945-5358,2012-02-14,A,PREMIER,231,2026-06-29 19:53:29.717929,2026-06-29 19:53:29.717929
4738,Melissa,Love,1996-11-08,sha256_004737,user4737@example.com,555-598-4165,2023-05-23,A,MASS,365,2026-06-29 19:53:29.717929,2026-06-29 19:53:29.717929
4739,Natasha,Evans,1944-05-09,sha256_004738,user4738@example.com,555-346-6960,2016-05-18,A,PREMIER,243,2026-06-29 19:53:29.717929,2026-06-29 19:53:29.717929
4740,Chad,Cooper,1989-05-15,sha256_004739,user4739@example.com,555-452-4659,2014-07-28,A,SMALL_BIZ,2,2026-06-29 19:53:29.717929,2026-06-29 19:53:29.717929
4741,Tyler,Gray,1988-03-14,sha256_004740,user4740@example.com,555-535-6835,2023-03-26,A,STUDENT,248,2026-06-29 19:53:29.717929,2026-06-29 19:53:29.717929
4742,Christian,Vaughn,1968-06-05,sha256_004741,user4741@example.com,555-775-3394,2025-02-20,A,MASS,490,2026-06-29 19:53:29.717929,2026-06-29 19:53:29.717929
4743,Ashley,Clark,1975-08-21,sha256_004742,user4742@example.com,555-527-8941,2020-06-08,A,MASS,310,2026-06-29 19:53:29.717929,2026-06-29 19:53:29.717929
4744,Janet,Sims,1957-09-14,sha256_004743,user4743@example.com,555-749-4277,2020-09-20,C,SMALL_BIZ,97,2026-06-29 19:53:29.717929,2026-06-29 19:53:29.717929
4745,Tiffany,Skinner,1977-12-22,sha256_004744,user4744@example.com,555-811-2972,2026-01-16,A,MASS,376,2026-06-29 19:53:29.717929,2026-06-29 19:53:29.717929
4746,Stephanie,Cole,1970-04-25,sha256_004745,user4745@example.com,555-262-4193,2016-12-17,A,STUDENT,410,2026-06-29 19:53:29.717929,2026-06-29 19:53:29.717929
4747,Michelle,Hoover,1957-12-29,sha256_004746,user4746@example.com,555-716-5627,2021-03-13,A,DIGITAL,405,2026-06-29 19:53:29.717929,2026-06-29 19:53:29.717929
4748,Jacob,Reed,1957-07-13,sha256_004747,user4747@example.com,555-585-7930,2018-10-05,A,SMALL_BIZ,420,2026-06-29 19:53:29.717929,2026-06-29 19:53:29.717929
4749,Kelly,Long,2000-04-06,sha256_004748,user4748@example.com,555-211-5885,2012-12-31,A,MASS,105,2026-06-29 19:53:29.717929,2026-06-29 19:53:29.717929
4750,Dennis,Romero,1986-12-21,sha256_004749,user4749@example.com,555-347-5851,2012-02-16,A,PREMIER,15,2026-06-29 19:53:29.717929,2026-06-29 19:53:29.717929
4751,Stephen,Wyatt,1957-07-27,sha256_004750,user4750@example.com,555-867-7904,2018-09-29,A,PREMIER,189,2026-06-29 19:53:29.717929,2026-06-29 19:53:29.717929
4752,Katie,Gray,1977-12-26,sha256_004751,user4751@example.com,555-676-3418,2017-10-13,A,WEALTH,321,2026-06-29 19:53:29.717929,2026-06-29 19:53:29.717929
4753,Kenneth,Boyd,1941-10-21,sha256_004752,user4752@example.com,555-591-3571,2025-02-15,A,STUDENT,228,2026-06-29 19:53:29.717929,2026-06-29 19:53:29.717929
4754,Casey,Bush,1966-10-18,sha256_004753,user4753@example.com,555-976-6146,2015-04-17,A,PREMIER,480,2026-06-29 19:53:29.717929,2026-06-29 19:53:29.717929
4755,Daniel,Kidd,1969-02-09,sha256_004754,user4754@example.com,555-480-8470,2012-01-05,I,MASS,102,2026-06-29 19:53:29.717929,2026-06-29 19:53:29.717929
4756,Cynthia,Harris,1972-06-07,sha256_004755,user4755@example.com,555-923-8427,2025-08-23,I,MASS,84,2026-06-29 19:53:29.717929,2026-06-29 19:53:29.717929
4757,Samantha,Ortiz,1977-05-13,sha256_004756,user4756@example.com,555-800-3105,2023-09-12,A,MASS,490,2026-06-29 19:53:29.717929,2026-06-29 19:53:29.717929
4758,Tabitha,Johnson,1959-04-15,sha256_004757,user4757@example.com,555-217-3030,2026-01-15,A,PREMIER,445,2026-06-29 19:53:29.717929,2026-06-29 19:53:29.717929
4759,Derek,Baird,1986-05-01,sha256_004758,user4758@example.com,555-534-8816,2019-08-25,A,MASS,73,2026-06-29 19:53:29.717929,2026-06-29 19:53:29.717929
4760,Robert,Henderson,1942-01-17,sha256_004759,user4759@example.com,555-522-7144,2013-08-14,C,STUDENT,14,2026-06-29 19:53:29.717929,2026-06-29 19:53:29.717929
4761,Curtis,Schultz,2004-01-16,sha256_004760,user4760@example.com,555-843-8114,2019-02-01,A,SMALL_BIZ,166,2026-06-29 19:53:29.717929,2026-06-29 19:53:29.717929
4762,Allison,Riley,1986-10-23,sha256_004761,user4761@example.com,555-605-3916,2018-04-02,C,MASS,314,2026-06-29 19:53:29.717929,2026-06-29 19:53:29.717929
4763,Sara,Johnston,1981-02-25,sha256_004762,user4762@example.com,555-978-1565,2023-05-04,A,SMALL_BIZ,145,2026-06-29 19:53:29.717929,2026-06-29 19:53:29.717929
4764,Tyler,Green,1980-01-10,sha256_004763,user4763@example.com,555-531-1645,2012-02-28,A,STUDENT,29,2026-06-29 19:53:29.717929,2026-06-29 19:53:29.717929
4765,Michelle,Sims,1992-02-26,sha256_004764,user4764@example.com,555-940-3160,2025-03-06,A,WEALTH,33,2026-06-29 19:53:29.717929,2026-06-29 19:53:29.717929
4766,Glenn,Wagner,1987-11-10,sha256_004765,user4765@example.com,555-269-3292,2011-07-18,C,DIGITAL,53,2026-06-29 19:53:29.717929,2026-06-29 19:53:29.717929
4767,Christina,Gibson,1992-08-24,sha256_004766,user4766@example.com,555-735-3676,2015-08-23,I,SMALL_BIZ,121,2026-06-29 19:53:29.717929,2026-06-29 19:53:29.717929
4768,Susan,Rodriguez,1959-07-22,sha256_004767,user4767@example.com,555-294-6903,2016-04-06,A,MASS,174,2026-06-29 19:53:29.717929,2026-06-29 19:53:29.717929
4769,Katie,Medina,1988-11-07,sha256_004768,user4768@example.com,555-283-7760,2023-11-21,A,MASS,385,2026-06-29 19:53:29.717929,2026-06-29 19:53:29.717929
4770,Travis,Chavez,2001-04-21,sha256_004769,user4769@example.com,555-271-9068,2013-07-07,A,WEALTH,280,2026-06-29 19:53:29.717929,2026-06-29 19:53:29.717929
4771,Tammy,Shaffer,2001-01-01,sha256_004770,user4770@example.com,555-263-9596,2011-10-22,A,WEALTH,329,2026-06-29 19:53:29.717929,2026-06-29 19:53:29.717929
4772,Kristina,Todd,2005-10-19,sha256_004771,user4771@example.com,555-605-3539,2026-03-09,A,STUDENT,422,2026-06-29 19:53:29.717929,2026-06-29 19:53:29.717929
4773,Kimberly,Cannon,1997-09-17,sha256_004772,user4772@example.com,555-291-4395,2023-09-26,A,WEALTH,82,2026-06-29 19:53:29.717929,2026-06-29 19:53:29.717929
4774,Jared,Gordon,1943-11-05,sha256_004773,user4773@example.com,555-318-5272,2016-01-16,A,DIGITAL,123,2026-06-29 19:53:29.717929,2026-06-29 19:53:29.717929
4775,Trevor,Kelley,1976-07-06,sha256_004774,user4774@example.com,555-257-1396,2012-06-17,A,PREMIER,330,2026-06-29 19:53:29.717929,2026-06-29 19:53:29.717929
4776,Suzanne,Walker,1971-03-09,sha256_004775,user4775@example.com,555-914-4694,2022-08-22,I,WEALTH,22,2026-06-29 19:53:29.717929,2026-06-29 19:53:29.717929
4777,Kathleen,Cole,1957-03-04,sha256_004776,user4776@example.com,555-243-4588,2017-07-12,A,DIGITAL,487,2026-06-29 19:53:29.717929,2026-06-29 19:53:29.717929
4778,Jennifer,Jacobs,1997-01-22,sha256_004777,user4777@example.com,555-356-3255,2012-11-23,A,STUDENT,164,2026-06-29 19:53:29.717929,2026-06-29 19:53:29.717929
4779,Stephanie,Lee,1983-03-18,sha256_004778,user4778@example.com,555-530-7349,2013-03-04,A,SMALL_BIZ,344,2026-06-29 19:53:29.717929,2026-06-29 19:53:29.717929
4780,Tara,Lopez,1996-10-28,sha256_004779,user4779@example.com,555-605-1315,2024-07-08,A,STUDENT,392,2026-06-29 19:53:29.717929,2026-06-29 19:53:29.717929
4781,Joseph,Jackson,1950-01-18,sha256_004780,user4780@example.com,555-496-9064,2013-06-24,A,PREMIER,343,2026-06-29 19:53:29.717929,2026-06-29 19:53:29.717929
4782,Diana,Jackson,1944-02-21,sha256_004781,user4781@example.com,555-931-7798,2015-05-26,A,STUDENT,35,2026-06-29 19:53:29.717929,2026-06-29 19:53:29.717929
4783,Cheryl,Ramsey,1999-10-10,sha256_004782,user4782@example.com,555-241-4278,2024-10-31,A,STUDENT,19,2026-06-29 19:53:29.717929,2026-06-29 19:53:29.717929
4784,Adrian,Chang,1965-05-08,sha256_004783,user4783@example.com,555-413-4760,2018-05-19,A,STUDENT,252,2026-06-29 19:53:29.717929,2026-06-29 19:53:29.717929
4785,Hannah,Norris,1945-12-07,sha256_004784,user4784@example.com,555-207-6724,2012-05-02,A,SMALL_BIZ,42,2026-06-29 19:53:29.717929,2026-06-29 19:53:29.717929
4786,Annette,Moore,1997-09-10,sha256_004785,user4785@example.com,555-795-7031,2015-07-20,A,STUDENT,461,2026-06-29 19:53:29.717929,2026-06-29 19:53:29.717929
4787,Mary,Day,1966-05-13,sha256_004786,user4786@example.com,555-368-7507,2023-02-20,I,DIGITAL,78,2026-06-29 19:53:29.717929,2026-06-29 19:53:29.717929
4788,Christina,Garcia,1945-06-23,sha256_004787,user4787@example.com,555-749-1120,2018-09-10,I,SMALL_BIZ,382,2026-06-29 19:53:29.717929,2026-06-29 19:53:29.717929
4789,Karen,Stephens,1983-12-27,sha256_004788,user4788@example.com,555-837-5610,2013-08-24,A,MASS,285,2026-06-29 19:53:29.717929,2026-06-29 19:53:29.717929
4790,Jill,Wells,1972-09-08,sha256_004789,user4789@example.com,555-583-9370,2020-04-02,A,WEALTH,82,2026-06-29 19:53:29.717929,2026-06-29 19:53:29.717929
4791,Michelle,Andrews,1991-05-14,sha256_004790,user4790@example.com,555-406-5198,2026-02-26,A,MASS,101,2026-06-29 19:53:29.717929,2026-06-29 19:53:29.717929
4792,Christian,Crawford,1955-03-16,sha256_004791,user4791@example.com,555-534-5265,2014-02-19,C,WEALTH,62,2026-06-29 19:53:29.717929,2026-06-29 19:53:29.717929
4793,Keith,Baker,1961-06-29,sha256_004792,user4792@example.com,555-866-5675,2013-08-22,A,WEALTH,15,2026-06-29 19:53:29.717929,2026-06-29 19:53:29.717929
4794,Jason,Barnes,2001-02-14,sha256_004793,user4793@example.com,555-656-9385,2021-02-14,A,WEALTH,105,2026-06-29 19:53:29.717929,2026-06-29 19:53:29.717929
4795,Brett,Lee,1948-09-19,sha256_004794,user4794@example.com,555-389-2846,2023-11-07,A,PREMIER,199,2026-06-29 19:53:29.717929,2026-06-29 19:53:29.717929
4796,Grace,Lewis,1967-02-14,sha256_004795,user4795@example.com,555-309-4368,2017-12-05,A,DIGITAL,389,2026-06-29 19:53:29.717929,2026-06-29 19:53:29.717929
4797,Reginald,Benson,1973-04-23,sha256_004796,user4796@example.com,555-783-5892,2013-09-19,A,SMALL_BIZ,346,2026-06-29 19:53:29.717929,2026-06-29 19:53:29.717929
4798,Edward,Johnson,1952-11-14,sha256_004797,user4797@example.com,555-419-5970,2025-06-05,A,MASS,238,2026-06-29 19:53:29.717929,2026-06-29 19:53:29.717929
4799,Joel,Barry,1981-04-29,sha256_004798,user4798@example.com,555-255-4765,2023-02-13,A,STUDENT,456,2026-06-29 19:53:29.717929,2026-06-29 19:53:29.717929
4800,Ashley,Gonzalez,1969-03-27,sha256_004799,user4799@example.com,555-458-4552,2013-07-06,A,STUDENT,13,2026-06-29 19:53:29.717929,2026-06-29 19:53:29.717929
4801,Alejandro,Marshall,2005-09-14,sha256_004800,user4800@example.com,555-517-1202,2020-03-11,A,DIGITAL,425,2026-06-29 19:53:29.717929,2026-06-29 19:53:29.717929
4802,Cody,Sanchez,1982-01-07,sha256_004801,user4801@example.com,555-385-6471,2011-12-09,A,DIGITAL,256,2026-06-29 19:53:29.717929,2026-06-29 19:53:29.717929
4803,Tammy,Johnson,1963-11-03,sha256_004802,user4802@example.com,555-937-7366,2023-05-24,I,SMALL_BIZ,168,2026-06-29 19:53:29.717929,2026-06-29 19:53:29.717929
4804,Christopher,Goodwin,1972-05-27,sha256_004803,user4803@example.com,555-668-7402,2020-09-01,A,STUDENT,386,2026-06-29 19:53:29.717929,2026-06-29 19:53:29.717929
4805,Ethan,Rodriguez,1943-10-23,sha256_004804,user4804@example.com,555-369-9055,2018-03-24,I,WEALTH,288,2026-06-29 19:53:29.717929,2026-06-29 19:53:29.717929
4806,Blake,Hicks,1977-09-15,sha256_004805,user4805@example.com,555-811-5675,2017-03-03,A,SMALL_BIZ,439,2026-06-29 19:53:29.717929,2026-06-29 19:53:29.717929
4807,Tyler,Lopez,2000-10-04,sha256_004806,user4806@example.com,555-454-2272,2021-04-06,A,STUDENT,55,2026-06-29 19:53:29.717929,2026-06-29 19:53:29.717929
4808,Leslie,Weeks,1943-03-01,sha256_004807,user4807@example.com,555-200-1511,2023-10-11,C,STUDENT,26,2026-06-29 19:53:29.717929,2026-06-29 19:53:29.717929
4809,Laura,Lutz,1993-04-24,sha256_004808,user4808@example.com,555-211-5493,2022-08-01,A,PREMIER,156,2026-06-29 19:53:29.717929,2026-06-29 19:53:29.717929
4810,Lindsey,Brandt,1948-12-04,sha256_004809,user4809@example.com,555-655-7249,2013-12-25,I,SMALL_BIZ,291,2026-06-29 19:53:29.717929,2026-06-29 19:53:29.717929
4811,Jonathan,Sanchez,1973-03-31,sha256_004810,user4810@example.com,555-363-2593,2011-08-02,A,PREMIER,189,2026-06-29 19:53:29.717929,2026-06-29 19:53:29.717929
4812,Mandy,Malone,1945-02-04,sha256_004811,user4811@example.com,555-420-4125,2026-02-01,I,WEALTH,380,2026-06-29 19:53:29.717929,2026-06-29 19:53:29.717929
4813,Rachel,White,1961-02-17,sha256_004812,user4812@example.com,555-581-2246,2023-03-23,A,MASS,214,2026-06-29 19:53:29.717929,2026-06-29 19:53:29.717929
4814,Alexis,Peterson,1951-02-26,sha256_004813,user4813@example.com,555-869-1366,2021-02-26,A,MASS,395,2026-06-29 19:53:29.717929,2026-06-29 19:53:29.717929
4815,Karina,Thomas,1955-11-16,sha256_004814,user4814@example.com,555-235-2967,2020-04-04,A,MASS,73,2026-06-29 19:53:29.717929,2026-06-29 19:53:29.717929
4816,Jessica,Aguilar,1990-07-28,sha256_004815,user4815@example.com,555-469-8486,2025-06-18,I,DIGITAL,62,2026-06-29 19:53:29.717929,2026-06-29 19:53:29.717929
4817,Lauren,Wells,1961-12-06,sha256_004816,user4816@example.com,555-851-1497,2023-10-10,I,WEALTH,90,2026-06-29 19:53:29.717929,2026-06-29 19:53:29.717929
4818,Jared,White,1953-07-27,sha256_004817,user4817@example.com,555-214-2844,2020-09-11,A,PREMIER,372,2026-06-29 19:53:29.717929,2026-06-29 19:53:29.717929
4819,Cody,Leblanc,1984-06-22,sha256_004818,user4818@example.com,555-440-8458,2016-10-04,I,STUDENT,356,2026-06-29 19:53:29.717929,2026-06-29 19:53:29.717929
4820,Steven,Cardenas,1973-01-01,sha256_004819,user4819@example.com,555-770-5475,2012-08-31,A,MASS,12,2026-06-29 19:53:29.717929,2026-06-29 19:53:29.717929
4821,Tara,Anderson,1989-09-29,sha256_004820,user4820@example.com,555-919-8859,2011-11-07,A,PREMIER,375,2026-06-29 19:53:29.717929,2026-06-29 19:53:29.717929
4822,Michael,Fernandez,2005-01-02,sha256_004821,user4821@example.com,555-908-3511,2023-10-31,A,DIGITAL,34,2026-06-29 19:53:29.717929,2026-06-29 19:53:29.717929
4823,Daniel,Andrews,1948-12-28,sha256_004822,user4822@example.com,555-607-7183,2012-01-16,A,PREMIER,20,2026-06-29 19:53:29.717929,2026-06-29 19:53:29.717929
4824,Amanda,Nielsen,1948-11-21,sha256_004823,user4823@example.com,555-709-8085,2025-09-27,A,WEALTH,212,2026-06-29 19:53:29.717929,2026-06-29 19:53:29.717929
4825,Amber,Sullivan,1947-08-01,sha256_004824,user4824@example.com,555-379-1217,2023-07-04,A,STUDENT,460,2026-06-29 19:53:29.717929,2026-06-29 19:53:29.717929
4826,Catherine,Herrera,1992-03-28,sha256_004825,user4825@example.com,555-245-2032,2015-10-01,A,MASS,364,2026-06-29 19:53:29.717929,2026-06-29 19:53:29.717929
4827,Ronnie,Koch,1969-03-15,sha256_004826,user4826@example.com,555-488-8850,2018-08-20,A,DIGITAL,411,2026-06-29 19:53:29.717929,2026-06-29 19:53:29.717929
4828,David,Ford,2007-03-12,sha256_004827,user4827@example.com,555-473-1399,2021-07-21,A,SMALL_BIZ,140,2026-06-29 19:53:29.717929,2026-06-29 19:53:29.717929
4829,Vincent,Adams,2008-06-06,sha256_004828,user4828@example.com,555-392-4847,2025-01-12,A,SMALL_BIZ,230,2026-06-29 19:53:29.717929,2026-06-29 19:53:29.717929
4830,Kara,Gonzales,1972-01-21,sha256_004829,user4829@example.com,555-201-1722,2011-11-04,A,STUDENT,428,2026-06-29 19:53:29.717929,2026-06-29 19:53:29.717929
4831,Tiffany,Rodriguez,1985-07-13,sha256_004830,user4830@example.com,555-645-9004,2026-01-21,A,DIGITAL,367,2026-06-29 19:53:29.717929,2026-06-29 19:53:29.717929
4832,Meghan,Anderson,1943-09-03,sha256_004831,user4831@example.com,555-960-1774,2015-11-03,A,MASS,187,2026-06-29 19:53:29.717929,2026-06-29 19:53:29.717929
4833,Richard,Mclaughlin,1970-10-13,sha256_004832,user4832@example.com,555-290-7017,2012-02-21,A,WEALTH,421,2026-06-29 19:53:29.717929,2026-06-29 19:53:29.717929
4834,Kayla,Dunlap,1992-09-07,sha256_004833,user4833@example.com,555-683-9922,2025-05-31,A,DIGITAL,192,2026-06-29 19:53:29.717929,2026-06-29 19:53:29.717929
4835,Jessica,Anderson,1954-12-31,sha256_004834,user4834@example.com,555-874-7082,2020-07-23,A,SMALL_BIZ,283,2026-06-29 19:53:29.717929,2026-06-29 19:53:29.717929
4836,Jerry,Fernandez,1954-09-19,sha256_004835,user4835@example.com,555-753-3387,2016-05-09,A,MASS,377,2026-06-29 19:53:29.717929,2026-06-29 19:53:29.717929
4837,Shirley,Williams,1975-08-26,sha256_004836,user4836@example.com,555-854-6681,2015-07-11,A,WEALTH,90,2026-06-29 19:53:29.717929,2026-06-29 19:53:29.717929
4838,Tammy,Ortiz,1952-01-22,sha256_004837,user4837@example.com,555-794-7582,2014-10-31,A,MASS,240,2026-06-29 19:53:29.717929,2026-06-29 19:53:29.717929
4839,Jennifer,Smith,1959-11-14,sha256_004838,user4838@example.com,555-555-5791,2014-04-15,A,DIGITAL,417,2026-06-29 19:53:29.717929,2026-06-29 19:53:29.717929
4840,Julia,Vasquez,1945-11-28,sha256_004839,user4839@example.com,555-888-9102,2013-12-22,A,SMALL_BIZ,278,2026-06-29 19:53:29.717929,2026-06-29 19:53:29.717929
4841,Alexis,Orr,2004-05-22,sha256_004840,user4840@example.com,555-617-6903,2013-09-14,C,WEALTH,45,2026-06-29 19:53:29.717929,2026-06-29 19:53:29.717929
4842,Jeffery,Brown,1941-08-04,sha256_004841,user4841@example.com,555-816-5148,2014-08-06,C,DIGITAL,171,2026-06-29 19:53:29.717929,2026-06-29 19:53:29.717929
4843,John,Carter,1942-09-16,sha256_004842,user4842@example.com,555-567-8644,2019-03-27,A,WEALTH,386,2026-06-29 19:53:29.717929,2026-06-29 19:53:29.717929
4844,John,Rodriguez,1989-05-08,sha256_004843,user4843@example.com,555-752-3691,2017-07-04,A,PREMIER,176,2026-06-29 19:53:29.717929,2026-06-29 19:53:29.717929
4845,Ashley,Osborne,1941-10-25,sha256_004844,user4844@example.com,555-718-3376,2019-03-11,A,STUDENT,175,2026-06-29 19:53:29.717929,2026-06-29 19:53:29.717929
4846,David,Yates,2008-06-10,sha256_004845,user4845@example.com,555-753-3612,2013-04-20,A,STUDENT,72,2026-06-29 19:53:29.717929,2026-06-29 19:53:29.717929
4847,Melissa,Cruz,1943-01-16,sha256_004846,user4846@example.com,555-410-7493,2025-09-26,I,PREMIER,422,2026-06-29 19:53:29.717929,2026-06-29 19:53:29.717929
4848,Lori,Taylor,1991-12-09,sha256_004847,user4847@example.com,555-629-2833,2020-11-08,A,STUDENT,279,2026-06-29 19:53:29.717929,2026-06-29 19:53:29.717929
4849,Judy,Perkins,1974-08-15,sha256_004848,user4848@example.com,555-242-9512,2025-06-03,A,PREMIER,295,2026-06-29 19:53:29.717929,2026-06-29 19:53:29.717929
4850,Jessica,Singh,1977-02-16,sha256_004849,user4849@example.com,555-204-5173,2023-01-10,A,STUDENT,341,2026-06-29 19:53:29.717929,2026-06-29 19:53:29.717929
4851,Amber,Quinn,1982-11-18,sha256_004850,user4850@example.com,555-368-4715,2017-04-13,C,SMALL_BIZ,364,2026-06-29 19:53:29.717929,2026-06-29 19:53:29.717929
4852,Stephanie,Bender,1961-08-09,sha256_004851,user4851@example.com,555-542-9014,2026-03-31,A,PREMIER,167,2026-06-29 19:53:29.717929,2026-06-29 19:53:29.717929
4853,Timothy,Scott,1999-07-21,sha256_004852,user4852@example.com,555-949-7116,2019-08-29,A,STUDENT,480,2026-06-29 19:53:29.717929,2026-06-29 19:53:29.717929
4854,Sandra,Cabrera,1957-11-26,sha256_004853,user4853@example.com,555-604-9570,2012-03-31,A,SMALL_BIZ,420,2026-06-29 19:53:29.717929,2026-06-29 19:53:29.717929
4855,Gabrielle,Wright,2006-08-23,sha256_004854,user4854@example.com,555-602-4589,2019-03-05,A,STUDENT,180,2026-06-29 19:53:29.717929,2026-06-29 19:53:29.717929
4856,Mary,Benton,1949-06-12,sha256_004855,user4855@example.com,555-967-7684,2012-12-07,A,SMALL_BIZ,385,2026-06-29 19:53:29.717929,2026-06-29 19:53:29.717929
4857,Nicole,Flores,1947-01-07,sha256_004856,user4856@example.com,555-308-4699,2012-12-03,A,SMALL_BIZ,330,2026-06-29 19:53:29.717929,2026-06-29 19:53:29.717929
4858,Mike,Green,1985-11-08,sha256_004857,user4857@example.com,555-664-3551,2019-10-10,I,SMALL_BIZ,459,2026-06-29 19:53:29.717929,2026-06-29 19:53:29.717929
4859,Sydney,Parker,1975-01-28,sha256_004858,user4858@example.com,555-971-4085,2022-10-26,I,SMALL_BIZ,1,2026-06-29 19:53:29.717929,2026-06-29 19:53:29.717929
4860,Jordan,Abbott,2006-08-31,sha256_004859,user4859@example.com,555-716-2766,2014-04-24,I,WEALTH,74,2026-06-29 19:53:29.717929,2026-06-29 19:53:29.717929
4861,Mario,Allen,1942-04-19,sha256_004860,user4860@example.com,555-273-6022,2016-11-27,A,DIGITAL,387,2026-06-29 19:53:29.717929,2026-06-29 19:53:29.717929
4862,Marc,Harding,1969-02-25,sha256_004861,user4861@example.com,555-615-5962,2011-12-09,A,DIGITAL,278,2026-06-29 19:53:29.717929,2026-06-29 19:53:29.717929
4863,Brandi,Padilla,1982-03-05,sha256_004862,user4862@example.com,555-853-2582,2015-03-24,A,DIGITAL,13,2026-06-29 19:53:29.717929,2026-06-29 19:53:29.717929
4864,Eddie,Brown,1999-04-30,sha256_004863,user4863@example.com,555-216-1509,2017-12-07,A,MASS,62,2026-06-29 19:53:29.717929,2026-06-29 19:53:29.717929
4865,Nicole,Le,1945-06-01,sha256_004864,user4864@example.com,555-412-4042,2013-07-19,A,SMALL_BIZ,37,2026-06-29 19:53:29.717929,2026-06-29 19:53:29.717929
4866,Amber,Davis,1995-10-08,sha256_004865,user4865@example.com,555-268-5152,2022-01-10,A,WEALTH,487,2026-06-29 19:53:29.717929,2026-06-29 19:53:29.717929
4867,Denise,Palmer,1975-06-17,sha256_004866,user4866@example.com,555-321-7912,2025-03-23,A,MASS,339,2026-06-29 19:53:29.717929,2026-06-29 19:53:29.717929
4868,Tammy,Hernandez,1981-06-15,sha256_004867,user4867@example.com,555-612-1173,2022-12-07,A,SMALL_BIZ,306,2026-06-29 19:53:29.717929,2026-06-29 19:53:29.717929
4869,Alyssa,Mason,2001-03-01,sha256_004868,user4868@example.com,555-507-6622,2013-08-03,A,WEALTH,192,2026-06-29 19:53:29.717929,2026-06-29 19:53:29.717929
4870,Mark,Taylor,1946-03-08,sha256_004869,user4869@example.com,555-413-5977,2015-05-27,A,WEALTH,318,2026-06-29 19:53:29.717929,2026-06-29 19:53:29.717929
4871,Dana,Lee,1956-09-22,sha256_004870,user4870@example.com,555-803-8838,2025-02-08,A,SMALL_BIZ,315,2026-06-29 19:53:29.717929,2026-06-29 19:53:29.717929
4872,Jeffrey,Forbes,1962-05-14,sha256_004871,user4871@example.com,555-807-1686,2025-09-05,A,SMALL_BIZ,252,2026-06-29 19:53:29.717929,2026-06-29 19:53:29.717929
4873,Erik,Davis,1942-08-28,sha256_004872,user4872@example.com,555-232-9191,2015-11-20,A,MASS,180,2026-06-29 19:53:29.717929,2026-06-29 19:53:29.717929
4874,Andrea,Rivera,1993-03-09,sha256_004873,user4873@example.com,555-231-5190,2025-09-01,A,SMALL_BIZ,243,2026-06-29 19:53:29.717929,2026-06-29 19:53:29.717929
4875,Shawna,Fuller,1978-04-09,sha256_004874,user4874@example.com,555-592-9831,2021-09-25,A,PREMIER,217,2026-06-29 19:53:29.717929,2026-06-29 19:53:29.717929
4876,Michael,Smith,1994-03-04,sha256_004875,user4875@example.com,555-905-6751,2026-01-11,A,SMALL_BIZ,252,2026-06-29 19:53:29.717929,2026-06-29 19:53:29.717929
4877,Danny,Johnson,1986-01-30,sha256_004876,user4876@example.com,555-227-7225,2024-10-19,A,PREMIER,493,2026-06-29 19:53:29.717929,2026-06-29 19:53:29.717929
4878,Brian,Simmons,1972-08-15,sha256_004877,user4877@example.com,555-699-2422,2014-01-26,A,WEALTH,130,2026-06-29 19:53:29.717929,2026-06-29 19:53:29.717929
4879,Anna,Boyd,1943-01-25,sha256_004878,user4878@example.com,555-756-2508,2012-10-05,A,PREMIER,126,2026-06-29 19:53:29.717929,2026-06-29 19:53:29.717929
4880,Jennifer,Reese,1972-03-12,sha256_004879,user4879@example.com,555-941-2540,2011-12-07,I,WEALTH,195,2026-06-29 19:53:29.717929,2026-06-29 19:53:29.717929
4881,David,Moss,1953-04-08,sha256_004880,user4880@example.com,555-967-6527,2026-03-01,A,DIGITAL,310,2026-06-29 19:53:29.717929,2026-06-29 19:53:29.717929
4882,Michael,Martinez,2003-06-25,sha256_004881,user4881@example.com,555-680-1562,2017-11-11,A,MASS,159,2026-06-29 19:53:29.717929,2026-06-29 19:53:29.717929
4883,Amanda,Brooks,1985-05-14,sha256_004882,user4882@example.com,555-765-8392,2015-06-09,A,DIGITAL,315,2026-06-29 19:53:29.717929,2026-06-29 19:53:29.717929
4884,Karen,Walker,1974-11-03,sha256_004883,user4883@example.com,555-620-2555,2017-11-23,A,PREMIER,351,2026-06-29 19:53:29.717929,2026-06-29 19:53:29.717929
4885,Robin,Molina,1996-02-02,sha256_004884,user4884@example.com,555-331-1462,2024-10-14,A,STUDENT,228,2026-06-29 19:53:29.717929,2026-06-29 19:53:29.717929
4886,Tara,Torres,1962-05-26,sha256_004885,user4885@example.com,555-270-9225,2022-04-24,I,DIGITAL,238,2026-06-29 19:53:29.717929,2026-06-29 19:53:29.717929
4887,Scott,Huerta,1953-05-25,sha256_004886,user4886@example.com,555-481-7359,2013-08-23,A,STUDENT,335,2026-06-29 19:53:29.717929,2026-06-29 19:53:29.717929
4888,Mandy,Johnson,1998-08-01,sha256_004887,user4887@example.com,555-941-1798,2015-12-18,A,MASS,300,2026-06-29 19:53:29.717929,2026-06-29 19:53:29.717929
4889,Adam,Porter,1983-03-02,sha256_004888,user4888@example.com,555-320-9466,2016-06-15,A,WEALTH,90,2026-06-29 19:53:29.717929,2026-06-29 19:53:29.717929
4890,Jamie,Dennis,1991-04-22,sha256_004889,user4889@example.com,555-662-5806,2020-10-29,A,DIGITAL,21,2026-06-29 19:53:29.717929,2026-06-29 19:53:29.717929
4891,Jimmy,Grant,1974-06-11,sha256_004890,user4890@example.com,555-497-6429,2013-09-17,A,WEALTH,57,2026-06-29 19:53:29.717929,2026-06-29 19:53:29.717929
4892,Robert,Jackson,1969-10-03,sha256_004891,user4891@example.com,555-903-3536,2018-10-26,A,PREMIER,102,2026-06-29 19:53:29.717929,2026-06-29 19:53:29.717929
4893,Kara,Martinez,2004-06-25,sha256_004892,user4892@example.com,555-693-8966,2022-10-13,A,DIGITAL,3,2026-06-29 19:53:29.717929,2026-06-29 19:53:29.717929
4894,Phillip,Hatfield,1972-03-26,sha256_004893,user4893@example.com,555-596-3893,2025-09-14,A,WEALTH,23,2026-06-29 19:53:29.717929,2026-06-29 19:53:29.717929
4895,Jane,Hughes,1975-08-15,sha256_004894,user4894@example.com,555-509-3992,2024-02-17,A,DIGITAL,175,2026-06-29 19:53:29.717929,2026-06-29 19:53:29.717929
4896,Ricardo,Hernandez,1965-01-05,sha256_004895,user4895@example.com,555-899-9083,2021-11-30,A,DIGITAL,366,2026-06-29 19:53:29.717929,2026-06-29 19:53:29.717929
4897,Stephanie,Howell,1950-03-15,sha256_004896,user4896@example.com,555-655-2902,2026-03-01,A,PREMIER,85,2026-06-29 19:53:29.717929,2026-06-29 19:53:29.717929
4898,Melissa,Ramos,1971-02-06,sha256_004897,user4897@example.com,555-342-3162,2026-05-17,A,SMALL_BIZ,485,2026-06-29 19:53:29.717929,2026-06-29 19:53:29.717929
4899,Cindy,Kennedy,1998-11-10,sha256_004898,user4898@example.com,555-819-1387,2015-07-06,A,WEALTH,255,2026-06-29 19:53:29.717929,2026-06-29 19:53:29.717929
4900,Belinda,Fowler,1997-02-02,sha256_004899,user4899@example.com,555-575-8044,2021-05-16,I,PREMIER,363,2026-06-29 19:53:29.717929,2026-06-29 19:53:29.717929
4901,Theresa,Rodriguez,1965-09-19,sha256_004900,user4900@example.com,555-737-7034,2012-01-13,A,SMALL_BIZ,279,2026-06-29 19:53:29.717929,2026-06-29 19:53:29.717929
4902,Timothy,Turner,1975-09-05,sha256_004901,user4901@example.com,555-308-7858,2018-12-16,A,WEALTH,18,2026-06-29 19:53:29.717929,2026-06-29 19:53:29.717929
4903,Michelle,Cain,1951-03-31,sha256_004902,user4902@example.com,555-485-8148,2015-01-01,A,STUDENT,360,2026-06-29 19:53:29.717929,2026-06-29 19:53:29.717929
4904,Robert,Stevenson,1962-02-06,sha256_004903,user4903@example.com,555-632-2096,2016-01-28,A,PREMIER,45,2026-06-29 19:53:29.717929,2026-06-29 19:53:29.717929
4905,Daniel,Miller,1966-11-04,sha256_004904,user4904@example.com,555-469-6859,2013-10-06,I,WEALTH,206,2026-06-29 19:53:29.717929,2026-06-29 19:53:29.717929
4906,Johnny,Rodgers,1994-06-18,sha256_004905,user4905@example.com,555-719-4985,2017-12-12,A,DIGITAL,62,2026-06-29 19:53:29.717929,2026-06-29 19:53:29.717929
4907,Bailey,Jackson,1965-05-12,sha256_004906,user4906@example.com,555-224-3654,2016-10-24,C,PREMIER,293,2026-06-29 19:53:29.717929,2026-06-29 19:53:29.717929
4908,Joshua,Campbell,2006-06-22,sha256_004907,user4907@example.com,555-391-4219,2021-05-02,A,WEALTH,338,2026-06-29 19:53:29.717929,2026-06-29 19:53:29.717929
4909,Craig,Page,1996-04-27,sha256_004908,user4908@example.com,555-759-7116,2022-12-04,A,STUDENT,135,2026-06-29 19:53:29.717929,2026-06-29 19:53:29.717929
4910,Andrea,Schmidt,1974-07-11,sha256_004909,user4909@example.com,555-689-2094,2014-05-29,A,SMALL_BIZ,95,2026-06-29 19:53:29.717929,2026-06-29 19:53:29.717929
4911,Elizabeth,Hall,1972-07-20,sha256_004910,user4910@example.com,555-796-7770,2011-07-12,I,PREMIER,287,2026-06-29 19:53:29.717929,2026-06-29 19:53:29.717929
4912,Kristina,Mason,1956-08-03,sha256_004911,user4911@example.com,555-240-4805,2021-08-04,A,DIGITAL,76,2026-06-29 19:53:29.717929,2026-06-29 19:53:29.717929
4913,Jennifer,Rice,1999-05-18,sha256_004912,user4912@example.com,555-507-3182,2023-07-09,A,SMALL_BIZ,360,2026-06-29 19:53:29.717929,2026-06-29 19:53:29.717929
4914,Amanda,Kaiser,1960-01-25,sha256_004913,user4913@example.com,555-600-1183,2023-06-12,A,MASS,31,2026-06-29 19:53:29.717929,2026-06-29 19:53:29.717929
4915,Andrew,Bradford,1968-08-20,sha256_004914,user4914@example.com,555-722-1199,2024-05-30,A,PREMIER,269,2026-06-29 19:53:29.717929,2026-06-29 19:53:29.717929
4916,Hunter,Martin,1996-03-14,sha256_004915,user4915@example.com,555-881-5356,2026-04-21,I,STUDENT,272,2026-06-29 19:53:29.717929,2026-06-29 19:53:29.717929
4917,Diana,Ramirez,2000-04-29,sha256_004916,user4916@example.com,555-209-5969,2016-02-17,A,DIGITAL,164,2026-06-29 19:53:29.717929,2026-06-29 19:53:29.717929
4918,Michelle,Wilson,1995-03-27,sha256_004917,user4917@example.com,555-449-8870,2014-04-10,A,DIGITAL,97,2026-06-29 19:53:29.717929,2026-06-29 19:53:29.717929
4919,Julie,Rice,1968-05-21,sha256_004918,user4918@example.com,555-879-8778,2016-02-17,A,WEALTH,246,2026-06-29 19:53:29.717929,2026-06-29 19:53:29.717929
4920,Tyler,Garcia,1941-10-09,sha256_004919,user4919@example.com,555-419-2622,2025-08-08,A,DIGITAL,199,2026-06-29 19:53:29.717929,2026-06-29 19:53:29.717929
4921,Paul,Archer,1990-05-26,sha256_004920,user4920@example.com,555-766-9870,2024-07-03,C,PREMIER,75,2026-06-29 19:53:29.717929,2026-06-29 19:53:29.717929
4922,Holly,Garcia,1955-01-25,sha256_004921,user4921@example.com,555-883-3080,2012-06-03,A,STUDENT,75,2026-06-29 19:53:29.717929,2026-06-29 19:53:29.717929
4923,Cindy,Gaines,1971-06-03,sha256_004922,user4922@example.com,555-978-2114,2023-11-05,A,WEALTH,263,2026-06-29 19:53:29.717929,2026-06-29 19:53:29.717929
4924,Joshua,Mays,1944-10-22,sha256_004923,user4923@example.com,555-274-3698,2012-10-28,I,DIGITAL,321,2026-06-29 19:53:29.717929,2026-06-29 19:53:29.717929
4925,Thomas,Wilson,1955-07-21,sha256_004924,user4924@example.com,555-971-7774,2025-03-14,A,SMALL_BIZ,186,2026-06-29 19:53:29.717929,2026-06-29 19:53:29.717929
4926,Julie,Lawrence,1948-08-27,sha256_004925,user4925@example.com,555-430-5300,2021-10-13,A,WEALTH,31,2026-06-29 19:53:29.717929,2026-06-29 19:53:29.717929
4927,Robert,Norman,1972-10-03,sha256_004926,user4926@example.com,555-970-8075,2021-03-22,A,PREMIER,446,2026-06-29 19:53:29.717929,2026-06-29 19:53:29.717929
4928,Paul,Ho,1948-07-10,sha256_004927,user4927@example.com,555-528-7465,2020-11-22,A,PREMIER,99,2026-06-29 19:53:29.717929,2026-06-29 19:53:29.717929
4929,Gabriela,Jensen,1992-06-12,sha256_004928,user4928@example.com,555-887-7122,2025-07-06,A,WEALTH,231,2026-06-29 19:53:29.717929,2026-06-29 19:53:29.717929
4930,William,Garcia,1991-10-28,sha256_004929,user4929@example.com,555-820-4681,2012-04-01,I,SMALL_BIZ,465,2026-06-29 19:53:29.717929,2026-06-29 19:53:29.717929
4931,Daisy,Underwood,1984-11-27,sha256_004930,user4930@example.com,555-330-8853,2024-02-07,A,STUDENT,487,2026-06-29 19:53:29.717929,2026-06-29 19:53:29.717929
4932,Albert,Martinez,1963-07-06,sha256_004931,user4931@example.com,555-721-7660,2016-12-06,A,SMALL_BIZ,447,2026-06-29 19:53:29.717929,2026-06-29 19:53:29.717929
4933,Jeffrey,Moreno,1955-04-18,sha256_004932,user4932@example.com,555-973-3576,2018-01-07,C,DIGITAL,307,2026-06-29 19:53:29.717929,2026-06-29 19:53:29.717929
4934,Sandra,Grant,1988-10-20,sha256_004933,user4933@example.com,555-733-5712,2011-10-30,A,WEALTH,396,2026-06-29 19:53:29.717929,2026-06-29 19:53:29.717929
4935,Alexandra,Smith,1986-10-13,sha256_004934,user4934@example.com,555-276-8090,2023-12-24,A,STUDENT,16,2026-06-29 19:53:29.717929,2026-06-29 19:53:29.717929
4936,Kathleen,Espinoza,1950-09-17,sha256_004935,user4935@example.com,555-627-2086,2018-06-22,A,STUDENT,44,2026-06-29 19:53:29.717929,2026-06-29 19:53:29.717929
4937,Daniel,Johnson,1972-11-04,sha256_004936,user4936@example.com,555-921-3384,2025-08-05,I,SMALL_BIZ,21,2026-06-29 19:53:29.717929,2026-06-29 19:53:29.717929
4938,Christina,Daugherty,1987-09-27,sha256_004937,user4937@example.com,555-578-5544,2013-02-23,A,WEALTH,144,2026-06-29 19:53:29.717929,2026-06-29 19:53:29.717929
4939,Erica,Koch,1951-11-07,sha256_004938,user4938@example.com,555-675-6594,2024-10-28,A,MASS,429,2026-06-29 19:53:29.717929,2026-06-29 19:53:29.717929
4940,John,Henry,1980-11-21,sha256_004939,user4939@example.com,555-748-6359,2026-03-24,A,MASS,438,2026-06-29 19:53:29.717929,2026-06-29 19:53:29.717929
4941,Matthew,Perez,1949-07-28,sha256_004940,user4940@example.com,555-681-9379,2014-06-11,A,WEALTH,198,2026-06-29 19:53:29.717929,2026-06-29 19:53:29.717929
4942,Michelle,Yoder,1971-06-20,sha256_004941,user4941@example.com,555-975-3248,2017-09-29,A,WEALTH,173,2026-06-29 19:53:29.717929,2026-06-29 19:53:29.717929
4943,Amy,Nunez,1941-12-16,sha256_004942,user4942@example.com,555-293-9022,2023-05-26,I,MASS,273,2026-06-29 19:53:29.717929,2026-06-29 19:53:29.717929
4944,Michael,Camacho,1989-06-26,sha256_004943,user4943@example.com,555-729-2031,2016-12-15,A,MASS,323,2026-06-29 19:53:29.717929,2026-06-29 19:53:29.717929
4945,Denise,Caldwell,1975-01-09,sha256_004944,user4944@example.com,555-474-5444,2011-09-17,A,MASS,305,2026-06-29 19:53:29.717929,2026-06-29 19:53:29.717929
4946,Dennis,Walter,1961-02-17,sha256_004945,user4945@example.com,555-725-4732,2023-05-27,I,MASS,475,2026-06-29 19:53:29.717929,2026-06-29 19:53:29.717929
4947,Madison,Myers,2006-01-29,sha256_004946,user4946@example.com,555-531-4922,2013-11-29,A,STUDENT,98,2026-06-29 19:53:29.717929,2026-06-29 19:53:29.717929
4948,Carrie,Hines,1944-01-16,sha256_004947,user4947@example.com,555-556-6019,2026-04-23,A,DIGITAL,423,2026-06-29 19:53:29.717929,2026-06-29 19:53:29.717929
4949,Jordan,Estrada,1978-06-10,sha256_004948,user4948@example.com,555-543-9481,2024-02-15,A,SMALL_BIZ,211,2026-06-29 19:53:29.717929,2026-06-29 19:53:29.717929
4950,Evelyn,Kelly,1942-10-29,sha256_004949,user4949@example.com,555-485-5323,2023-06-09,I,STUDENT,218,2026-06-29 19:53:29.717929,2026-06-29 19:53:29.717929
4951,John,Atkinson,1970-10-07,sha256_004950,user4950@example.com,555-885-4085,2021-10-14,A,STUDENT,456,2026-06-29 19:53:29.717929,2026-06-29 19:53:29.717929
4952,Kaitlyn,Rich,2002-10-03,sha256_004951,user4951@example.com,555-342-5833,2016-12-06,A,DIGITAL,352,2026-06-29 19:53:29.717929,2026-06-29 19:53:29.717929
4953,Jill,Roberson,1951-01-03,sha256_004952,user4952@example.com,555-902-6922,2016-04-16,A,SMALL_BIZ,278,2026-06-29 19:53:29.717929,2026-06-29 19:53:29.717929
4954,Paul,Smith,2001-06-06,sha256_004953,user4953@example.com,555-766-6261,2023-10-10,A,DIGITAL,409,2026-06-29 19:53:29.717929,2026-06-29 19:53:29.717929
4955,Michael,Krause,2003-08-25,sha256_004954,user4954@example.com,555-673-9521,2014-09-26,A,DIGITAL,61,2026-06-29 19:53:29.717929,2026-06-29 19:53:29.717929
4956,Katie,Orozco,2005-06-22,sha256_004955,user4955@example.com,555-941-5775,2021-03-03,A,SMALL_BIZ,127,2026-06-29 19:53:29.717929,2026-06-29 19:53:29.717929
4957,Jacqueline,Neal,1951-12-24,sha256_004956,user4956@example.com,555-410-6527,2024-02-24,A,DIGITAL,455,2026-06-29 19:53:29.717929,2026-06-29 19:53:29.717929
4958,Becky,Roberts,1983-01-12,sha256_004957,user4957@example.com,555-863-9142,2024-05-28,A,MASS,126,2026-06-29 19:53:29.717929,2026-06-29 19:53:29.717929
4959,Jeffrey,Smith,1998-10-17,sha256_004958,user4958@example.com,555-601-8935,2018-12-31,A,SMALL_BIZ,139,2026-06-29 19:53:29.717929,2026-06-29 19:53:29.717929
4960,Caroline,Pacheco,2002-08-26,sha256_004959,user4959@example.com,555-781-8521,2022-07-05,A,STUDENT,175,2026-06-29 19:53:29.717929,2026-06-29 19:53:29.717929
4961,Jeremy,Hernandez,1996-01-12,sha256_004960,user4960@example.com,555-349-5173,2016-03-18,A,STUDENT,37,2026-06-29 19:53:29.717929,2026-06-29 19:53:29.717929
4962,Thomas,Diaz,1966-03-02,sha256_004961,user4961@example.com,555-458-3038,2012-07-21,A,WEALTH,417,2026-06-29 19:53:29.717929,2026-06-29 19:53:29.717929
4963,Paul,Carter,1995-08-06,sha256_004962,user4962@example.com,555-763-7440,2019-09-12,A,PREMIER,35,2026-06-29 19:53:29.717929,2026-06-29 19:53:29.717929
4964,Elizabeth,Walls,1989-04-03,sha256_004963,user4963@example.com,555-393-5174,2015-02-23,A,WEALTH,233,2026-06-29 19:53:29.717929,2026-06-29 19:53:29.717929
4965,Andrea,Davis,1999-04-12,sha256_004964,user4964@example.com,555-763-5539,2014-12-17,A,STUDENT,291,2026-06-29 19:53:29.717929,2026-06-29 19:53:29.717929
4966,Nicole,Hill,1963-04-28,sha256_004965,user4965@example.com,555-630-4263,2023-09-23,A,MASS,27,2026-06-29 19:53:29.717929,2026-06-29 19:53:29.717929
4967,Victoria,Henry,1974-11-25,sha256_004966,user4966@example.com,555-637-9020,2015-05-13,C,STUDENT,56,2026-06-29 19:53:29.717929,2026-06-29 19:53:29.717929
4968,Roger,Haley,1996-06-12,sha256_004967,user4967@example.com,555-687-8162,2020-03-21,A,WEALTH,161,2026-06-29 19:53:29.717929,2026-06-29 19:53:29.717929
4969,Matthew,Garner,1962-12-08,sha256_004968,user4968@example.com,555-322-3289,2015-03-04,C,DIGITAL,63,2026-06-29 19:53:29.717929,2026-06-29 19:53:29.717929
4970,Amy,Jones,2002-10-03,sha256_004969,user4969@example.com,555-570-1892,2013-02-23,A,PREMIER,434,2026-06-29 19:53:29.717929,2026-06-29 19:53:29.717929
4971,Lindsay,Anderson,1971-07-30,sha256_004970,user4970@example.com,555-271-5544,2018-11-03,A,PREMIER,281,2026-06-29 19:53:29.717929,2026-06-29 19:53:29.717929
4972,Tyler,Garcia,1981-03-04,sha256_004971,user4971@example.com,555-748-5397,2022-11-26,I,DIGITAL,402,2026-06-29 19:53:29.717929,2026-06-29 19:53:29.717929
4973,Melissa,Fowler,1965-10-06,sha256_004972,user4972@example.com,555-298-7934,2013-10-19,A,DIGITAL,21,2026-06-29 19:53:29.717929,2026-06-29 19:53:29.717929
4974,Steven,Perez,1992-07-28,sha256_004973,user4973@example.com,555-876-1981,2023-08-10,A,PREMIER,58,2026-06-29 19:53:29.717929,2026-06-29 19:53:29.717929
4975,Kristin,Graham,1967-03-06,sha256_004974,user4974@example.com,555-545-5541,2013-10-12,A,MASS,221,2026-06-29 19:53:29.717929,2026-06-29 19:53:29.717929
4976,Kelsey,Henderson,1990-12-12,sha256_004975,user4975@example.com,555-446-4776,2026-04-09,A,DIGITAL,317,2026-06-29 19:53:29.717929,2026-06-29 19:53:29.717929
4977,Michael,Alexander,1972-06-25,sha256_004976,user4976@example.com,555-818-5370,2013-08-07,A,STUDENT,182,2026-06-29 19:53:29.717929,2026-06-29 19:53:29.717929
4978,Margaret,Marshall,1943-04-28,sha256_004977,user4977@example.com,555-442-3485,2014-07-12,A,PREMIER,284,2026-06-29 19:53:29.717929,2026-06-29 19:53:29.717929
4979,Karen,Castillo,1965-09-21,sha256_004978,user4978@example.com,555-798-6189,2023-07-05,A,DIGITAL,88,2026-06-29 19:53:29.717929,2026-06-29 19:53:29.717929
4980,Timothy,Sharp,2008-02-24,sha256_004979,user4979@example.com,555-592-4328,2022-09-20,A,STUDENT,316,2026-06-29 19:53:29.717929,2026-06-29 19:53:29.717929
4981,Kurt,Perez,1955-12-31,sha256_004980,user4980@example.com,555-217-3627,2018-10-01,C,PREMIER,293,2026-06-29 19:53:29.717929,2026-06-29 19:53:29.717929
4982,Scott,Nicholson,1942-07-24,sha256_004981,user4981@example.com,555-958-5419,2014-04-05,A,WEALTH,64,2026-06-29 19:53:29.717929,2026-06-29 19:53:29.717929
4983,Mark,Stevens,1997-10-21,sha256_004982,user4982@example.com,555-297-5033,2018-12-31,A,WEALTH,114,2026-06-29 19:53:29.717929,2026-06-29 19:53:29.717929
4984,Anna,Cook,1953-08-15,sha256_004983,user4983@example.com,555-447-8528,2012-03-26,I,STUDENT,85,2026-06-29 19:53:29.717929,2026-06-29 19:53:29.717929
4985,Allison,Zavala,1993-02-12,sha256_004984,user4984@example.com,555-377-4610,2017-05-17,A,MASS,55,2026-06-29 19:53:29.717929,2026-06-29 19:53:29.717929
4986,Zachary,Evans,2001-05-09,sha256_004985,user4985@example.com,555-203-4912,2014-04-07,A,SMALL_BIZ,158,2026-06-29 19:53:29.717929,2026-06-29 19:53:29.717929
4987,John,Smith,1944-07-21,sha256_004986,user4986@example.com,555-645-7335,2017-09-15,A,WEALTH,110,2026-06-29 19:53:29.717929,2026-06-29 19:53:29.717929
4988,Jamie,Mendoza,1985-03-22,sha256_004987,user4987@example.com,555-437-2644,2017-02-12,A,PREMIER,210,2026-06-29 19:53:29.717929,2026-06-29 19:53:29.717929
4989,Jamie,Morgan,1946-01-08,sha256_004988,user4988@example.com,555-929-8276,2023-12-12,A,WEALTH,77,2026-06-29 19:53:29.717929,2026-06-29 19:53:29.717929
4990,Richard,Butler,1990-03-05,sha256_004989,user4989@example.com,555-956-7299,2025-11-30,A,STUDENT,385,2026-06-29 19:53:29.717929,2026-06-29 19:53:29.717929
4991,Jeffery,Rice,1950-10-05,sha256_004990,user4990@example.com,555-589-1377,2020-06-30,C,STUDENT,392,2026-06-29 19:53:29.717929,2026-06-29 19:53:29.717929
4992,Catherine,Russell,1989-11-12,sha256_004991,user4991@example.com,555-478-4360,2023-12-17,A,SMALL_BIZ,252,2026-06-29 19:53:29.717929,2026-06-29 19:53:29.717929
4993,Jose,Sellers,1986-07-03,sha256_004992,user4992@example.com,555-647-9584,2011-12-10,A,MASS,165,2026-06-29 19:53:29.717929,2026-06-29 19:53:29.717929
4994,Erin,Thompson,1976-07-21,sha256_004993,user4993@example.com,555-221-9176,2017-05-11,A,STUDENT,316,2026-06-29 19:53:29.717929,2026-06-29 19:53:29.717929
4995,Kimberly,Green,1987-12-25,sha256_004994,user4994@example.com,555-597-8244,2023-02-17,A,STUDENT,106,2026-06-29 19:53:29.717929,2026-06-29 19:53:29.717929
4996,Alicia,Flowers,1964-09-23,sha256_004995,user4995@example.com,555-581-3367,2011-11-14,I,SMALL_BIZ,40,2026-06-29 19:53:29.717929,2026-06-29 19:53:29.717929
4997,Becky,Harmon,1993-03-19,sha256_004996,user4996@example.com,555-815-7187,2018-07-26,A,DIGITAL,404,2026-06-29 19:53:29.717929,2026-06-29 19:53:29.717929
4998,Melissa,Patterson,2005-08-10,sha256_004997,user4997@example.com,555-613-4393,2016-05-16,A,DIGITAL,161,2026-06-29 19:53:29.717929,2026-06-29 19:53:29.717929
4999,James,Douglas,1958-09-26,sha256_004998,user4998@example.com,555-561-7637,2011-08-16,A,MASS,128,2026-06-29 19:53:29.717929,2026-06-29 19:53:29.717929
5000,Jillian,Porter,1963-01-16,sha256_004999,user4999@example.com,555-932-5762,2018-03-17,A,DIGITAL,195,2026-06-29 19:53:29.717929,2026-06-29 19:53:29.717929
